kind,type,audio,value,description
1F,1FSUS,audio_1,2,Tocca il bottone rosso
1F,1FSUS,audio_2,2,Tocca il bottone verde
1F,1FSUS,audio_3,2,Tocca il bottone giallo
1F,1FSUS,audio_4,2,Tocca il bottone blu
1F,1FSUS,audio_5,1,Tocca le scimmie
1F,1FSUS,audio_6,1,Tocca i leoni
1F,1FSUS,audio_7,1,Tocca i pappagalli
1F,1FSUS,audio_8,1,Tocca i polipi
1F,1FSUS,audio_9,1,Tocca i gelati
1F,1FSUS,audio_10,1,Tocca i paia di occhiali da sole
1F,1FSUS,audio_11,1,Tocca le biciclette
1F,1FSUS,audio_12,1,Tocca i monopattini
1F,1FSUS,audio_13,1,Tocca gli ombrelli
1F,1FSUS,audio_14,1,Tocca le bambine
1F,1FSUD,audio_15,3,Tocca il bottone rosso e il bottone verde
1F,1FSUD,audio_16,3,Tocca il bottone rosso e il bottone giallo
1F,1FSUD,audio_17,3,Tocca il bottone rosso e il bottone blu
1F,1FSUD,audio_18,3,Tocca il bottone verde e il bottone blu
1F,1FSUD,audio_19,3,Tocca il bottone verde e il bottone giallo
1F,1FSUD,audio_20,3,Tocca il bottone gialloe il bottone blu
1F,1FSUD,audio_21,2,Tocca i leoni e le scimmie
1F,1FSUD,audio_22,2,Tocca i leoni e i polipi
1F,1FSUD,audio_23,2,Tocca i leoni e i pappagalli
1F,1FSUD,audio_24,2,Tocca i leoni e i gelati
1F,1FSUD,audio_25,2,Tocca i leoni e tutti gli occhiali da sole
1F,1FSUD,audio_26,2,Tocca i leoni e le biciclette
1F,1FSUD,audio_27,2,Tocca i leoni e i monopattini
1F,1FSUD,audio_28,2,Tocca i leoni e gli ombrelli
1F,1FSUD,audio_29,2,Tocca i leoni e le bambine
1F,1FSUD,audio_30,2,Tocca le scimmie e i polipi
1F,1FSUD,audio_31,2,Tocca le scimmie e i pappagalli
1F,1FSUD,audio_32,2,Tocca le scimmie e i gelati
1F,1FSUD,audio_33,2,Tocca le scimmie e tutti gli occhiali da sole
1F,1FSUD,audio_34,2,Tocca le scimmie e le biciclette
1F,1FSUD,audio_35,2,Tocca le scimmie e i monopattini
1F,1FSUD,audio_36,2,Tocca le scimmie e gli ombrelli
1F,1FSUD,audio_37,2,Tocca le scimmie e le bambine
1F,1FSUD,audio_38,2,Tocca i pappagalli e i polipi
1F,1FSUD,audio_39,2,Tocca i pappagalli e i gelati
1F,1FSUD,audio_40,3,Tocca i pappagalli e tutti gli occhiali da sole
1F,1FSUD,audio_41,3,Tocca i pappagalli e le biciclette
1F,1FSUD,audio_42,3,Tocca i pappagalli e i monopattini
1F,1FSUD,audio_43,3,Tocca i pappagalli e gli ombrelli
1F,1FSUD,audio_44,3,Tocca i pappagalli e le bambine
1F,1FSUD,audio_45,2,Tocca i polipi e i gelati
1F,1FSUD,audio_46,3,Tocca i polipi e tutti gli occhiali da sole
1F,1FSUD,audio_47,3,Tocca i polipi e le biciclette
1F,1FSUD,audio_48,3,Tocca i polipi e i monopattini
1F,1FSUD,audio_49,3,Tocca i polipi e gli ombrelli
1F,1FSUD,audio_50,3,Tocca i polipi e le bambine
1F,1FSUD,audio_51,3,Tocca i gelati e tutti gli occhiali da sole
1F,1FSUD,audio_52,3,Tocca i gelati e le biciclette
1F,1FSUD,audio_53,3,Tocca i gelati e i monopattini
1F,1FSUD,audio_54,3,Tocca i gelati e gli ombrelli
1F,1FSUD,audio_55,3,Tocca i gelati e le bambine
1F,1FSUD,audio_56,4,Tocca tutti gli occhiali da sole e le biciclette
1F,1FSUD,audio_57,4,Tocca tutti gli occhiali da sole e \ti monopattini
1F,1FSUD,audio_58,4,Tocca tutti gli occhiali da sole e gli ombrelli
1F,1FSUD,audio_59,4,Tocca tutti gli occhiali da sole e le bambine
1F,1FSUD,audio_60,4,Tocca le biciclette e i monopattini
1F,1FSUD,audio_61,4,Tocca le biciclette e gli ombrelli
1F,1FSUD,audio_62,4,Tocca le biciclette e le bambine
1F,1FSUD,audio_63,4,Tocca i monopattini e gli ombrelli
1F,1FSUD,audio_64,4,Tocca i monopattini e le bambine
1F,1FSUD,audio_65,3,Tocca gli ombrelli e le bambine
1F,1FSUDT,audio_66,4,Tocca nello stesso momento il bottone rosso e il bottone verde
1F,1FSUDT,audio_67,4,Tocca nello stesso momento il bottone rosso e il bottone giallo
1F,1FSUDT,audio_68,4,Tocca nello stesso momento il bottone rosso e il bottone blu
1F,1FSUDT,audio_69,4,Tocca nello stesso momento il bottone giallo e il bottone verde
1F,1FSUDT,audio_70,4,Tocca nello stesso momento il bottone giallo e il bottone blu
1F,1FSUDT,audio_71,4,Tocca nello stesso momento il bottone blu e il bottone verde
1F,1FSUDT,audio_72,4,Tocca nello stesso momento un leone e una scimmia
1F,1FSUDT,audio_73,4,Tocca nello stesso momento un leone e un polipo
1F,1FSUDT,audio_74,4,Tocca nello stesso momento un leone e un pappagallo
1F,1FSUDT,audio_75,4,Tocca nello stesso momento un leone e un gelato
1F,1FSUDT,audio_76,4,Tocca nello stesso momento un leone e un paio di occhiali da sole
1F,1FSUDT,audio_77,4,Tocca nello stesso momento un leone e una bicicletta
1F,1FSUDT,audio_78,4,Tocca nello stesso momento un leone e un monopattino
1F,1FSUDT,audio_79,4,Tocca nello stesso momento un leone e un ombrello
1F,1FSUDT,audio_80,4,Tocca nello stesso momento un leone e una bambina
1F,1FSUDT,audio_81,4,Tocca nello stesso momento una scimmia e un polipo
1F,1FSUDT,audio_82,4,Tocca nello stesso momento una scimmia e un pappagallo
1F,1FSUDT,audio_83,4,Tocca nello stesso momento una scimmia e un gelato
1F,1FSUDT,audio_84,4,Tocca nello stesso momento una scimmia e un paio di occhiali da sole
1F,1FSUDT,audio_85,4,Tocca nello stesso momento una scimmia e una bicicletta
1F,1FSUDT,audio_86,4,Tocca nello stesso momento una scimmia e un monopattino
1F,1FSUDT,audio_87,4,Tocca nello stesso momento una scimmia e un ombrello
1F,1FSUDT,audio_88,4,Tocca nello stesso momento una scimmia e una bambina
1F,1FSUDT,audio_89,4,Tocca nello stesso momento un pappagallo e un polipo
1F,1FSUDT,audio_90,4,Tocca nello stesso momento un pappagallo e un gelato
1F,1FSUDT,audio_91,4,Tocca nello stesso momento un pappagallo e un paio di occhiali da sole
1F,1FSUDT,audio_92,4,Tocca nello stesso momento un pappagallo e una bicicletta
1F,1FSUDT,audio_93,4,Tocca nello stesso momento un pappagallo e un monopattino
1F,1FSUDT,audio_94,4,Tocca nello stesso momento un pappagallo e un ombrello
1F,1FSUDT,audio_95,4,Tocca nello stesso momento un pappagallo e una bambina
1F,1FSUDT,audio_96,4,Tocca nello stesso momento un polipo e un gelato
1F,1FSUDT,audio_97,4,Tocca nello stesso momento un polipo e un paio di occhiali da sole
1F,1FSUDT,audio_98,4,Tocca nello stesso momento un polipo e una bicicletta
1F,1FSUDT,audio_99,4,Tocca nello stesso momento un polipo e un monopattino
1F,1FSUDT,audio_100,4,Tocca nello stesso momento un polipo e un ombrello
1F,1FSUDT,audio_101,4,Tocca nello stesso momento un polipo e una bambina
1F,1FSUDT,audio_102,4,Tocca nello stesso momento un gelato e un paio di occhiali da sole
1F,1FSUDT,audio_103,4,Tocca nello stesso momento un gelato e una bicicletta
1F,1FSUDT,audio_104,4,Tocca nello stesso momento un gelato e un monopattino
1F,1FSUDT,audio_105,4,Tocca nello stesso momento un gelato e un ombrello
1F,1FSUDT,audio_106,4,Tocca nello stesso momento un gelato e una bambina
1F,1FSUDT,audio_107,4,Tocca nello stesso momento un paio di occhiali da sole e una bicicletta
1F,1FSUDT,audio_108,4,Tocca nello stesso momento un paio di occhiali da sole e un monopattino
1F,1FSUDT,audio_109,4,Tocca nello stesso momento un paio di occhiali da sole e un ombrello
1F,1FSUDT,audio_110,4,Tocca nello stesso momento un paio di occhiali da sole e una bambina
1F,1FSUDT,audio_111,4,Tocca nello stesso momento una bicicletta e un monopattino
1F,1FSUDT,audio_112,4,Tocca nello stesso momento una bicicletta e un ombrello
1F,1FSUDT,audio_113,4,Tocca nello stesso momento un monopattino e un ombrello
1F,1FSUDT,audio_114,4,Tocca nello stesso momento un monopattino e una bambina
1F,1FSUDT,audio_115,4,Tocca nello stesso momento un ombrello e una bambina
1F,1FCOS,audio_116,2,Tocca i disegni rossi
1F,1FCOS,audio_117,2,Tocca i disegni blu
1F,1FCOS,audio_118,2,Tocca i disegni verdi
1F,1FCOS,audio_119,2,Tocca i disegni gialli
1F,1FCOD,audio_120,3,Tocca i disegni rossi e i disegni verdi
1F,1FCOD,audio_121,3,Tocca i disegni rossi e i disegni gialli
1F,1FCOD,audio_122,3,Tocca i disegni rossi e i disegni blu
1F,1FCOD,audio_123,3,Tocca i disegni verdi e i disegni gialli
1F,1FCOD,audio_124,3,Tocca i disegni verdi e i disegni blu
1F,1FCOD,audio_125,3,Tocca i disegni blu e i disegni gialli
1F,1FCODT,audio_126,4,Tocca insieme un disegno rosso e un disegno verde
1F,1FCODT,audio_127,4,Tocca insieme un disegno rosso e un disegno giallo
1F,1FCODT,audio_128,4,Tocca insieme un disegno rosso e un disegno blu
1F,1FCODT,audio_129,4,Tocca insieme un disegno verde e un disegno giallo
1F,1FCODT,audio_130,4,Tocca insieme un disegno verde e un disegno blu
1F,1FCODT,audio_131,4,Tocca insieme un disegno blu e un disegno giallo
1F,1FSUCOS,audio_132,2,Tocca la scimmia rossa
1F,1FSUCOS,audio_133,2,Tocca la scimmia verde
1F,1FSUCOS,audio_134,2,Tocca la scimmia gialla
1F,1FSUCOS,audio_135,2,Tocca la scimmia blu
1F,1FSUCOS,audio_136,2,Tocca il leone rosso
1F,1FSUCOS,audio_137,2,Tocca il leone verde
1F,1FSUCOS,audio_138,2,Tocca il leone giallo
1F,1FSUCOS,audio_139,2,Tocca il leone blu
1F,1FSUCOS,audio_140,2,Tocca il pappagallo rosso
1F,1FSUCOS,audio_141,2,Tocca il pappagallo verde
1F,1FSUCOS,audio_142,2,Tocca il pappagallo giallo
1F,1FSUCOS,audio_143,2,Tocca il pappagallo blu
1F,1FSUCOS,audio_144,2,Tocca il polipo rosso
1F,1FSUCOS,audio_145,2,Tocca il polipo verde
1F,1FSUCOS,audio_146,2,Tocca il polipo giallo
1F,1FSUCOS,audio_147,2,Tocca il polipo blu
1F,1FSUCOS,audio_148,2,Tocca il gelato rosso
1F,1FSUCOS,audio_149,2,Tocca il gelato verde
1F,1FSUCOS,audio_150,2,Tocca il gelato giallo
1F,1FSUCOS,audio_151,2,Tocca il gelato blu
1F,1FSUCOS,audio_152,2,Tocca gli occhiali da sole rossi
1F,1FSUCOS,audio_153,2,Tocca gli occhiali da sole verdi
1F,1FSUCOS,audio_154,2,Tocca gli occhiali da sole gialli
1F,1FSUCOS,audio_155,2,Tocca gli occhiali da sole blu
1F,1FSUCOS,audio_156,2,Tocca la bicicletta rossa
1F,1FSUCOS,audio_157,2,Tocca la bicicletta verde
1F,1FSUCOS,audio_158,2,Tocca la bicicletta gialla
1F,1FSUCOS,audio_159,2,Tocca la bicicletta blu
1F,1FSUCOS,audio_160,2,Tocca il monopattino rosso
1F,1FSUCOS,audio_161,2,Tocca il monopattino verde
1F,1FSUCOS,audio_162,2,Tocca il monopattino giallo
1F,1FSUCOS,audio_163,2,Tocca il monopattino blu
1F,1FSUCOS,audio_164,2,Tocca l'ombrello rosso
1F,1FSUCOS,audio_165,2,Tocca l'ombrello verde
1F,1FSUCOS,audio_166,2,Tocca l'ombrello giallo
1F,1FSUCOS,audio_167,2,Tocca l'ombrello blu
1F,1FSUCOS,audio_168,2,Tocca la bambina vestita in rosso
1F,1FSUCOS,audio_169,2,Tocca la bambina vestita in verde
1F,1FSUCOS,audio_170,2,Tocca la bambina vestita in giallo
1F,1FSUCOS,audio_171,2,Tocca la bambina vestita in blu
1F,1FSUCOD,audio_172,3,Tocca la scimmia rossa e la scimmia verde
1F,1FSUCOD,audio_173,3,Tocca la scimmia rossa e la scimmia gialla
1F,1FSUCOD,audio_174,3,Tocca la scimmia rossa e la scimmia blu
1F,1FSUCOD,audio_175,3,Tocca la scimmia rossa e il leone rosso
1F,1FSUCOD,audio_176,3,Tocca la scimmia rossa e il leone verde
1F,1FSUCOD,audio_177,3,Tocca la scimmia rossa e il leone giallo
1F,1FSUCOD,audio_178,3,Tocca la scimmia rossa e il leone blu
1F,1FSUCOD,audio_179,3,Tocca la scimmia rossa e il pappagallo rosso
1F,1FSUCOD,audio_180,3,Tocca la scimmia rossa e il pappagallo verde
1F,1FSUCOD,audio_181,3,Tocca la scimmia rossa e il pappagallo giallo
1F,1FSUCOD,audio_182,3,Tocca la scimmia rossa e il pappagallo blu
1F,1FSUCOD,audio_183,3,Tocca la scimmia rossa e il polipo rosso
1F,1FSUCOD,audio_184,3,Tocca la scimmia rossa e il polipo verde
1F,1FSUCOD,audio_185,3,Tocca la scimmia rossa e il polipo giallo
1F,1FSUCOD,audio_186,3,Tocca la scimmia rossa e il polipo blu
1F,1FSUCOD,audio_187,3,Tocca la scimmia rossa e il gelato rosso
1F,1FSUCOD,audio_188,3,Tocca la scimmia rossa e il gelato verde
1F,1FSUCOD,audio_189,3,Tocca la scimmia rossa e il gelato giallo
1F,1FSUCOD,audio_190,3,Tocca la scimmia rossa e il gelato blu
1F,1FSUCOD,audio_191,3,Tocca la scimmia rossa e gli occhiali da sole rossi
1F,1FSUCOD,audio_192,3,Tocca la scimmia rossa e gli occhiali da sole verdi
1F,1FSUCOD,audio_193,3,Tocca la scimmia rossa e gli occhiali da sole gialli
1F,1FSUCOD,audio_194,3,Tocca la scimmia rossa e gli occhiali da sole blu
1F,1FSUCOD,audio_195,3,Tocca la scimmia rossa e la bicicletta rossa
1F,1FSUCOD,audio_196,3,Tocca la scimmia rossa e la bicicletta verde
1F,1FSUCOD,audio_197,3,Tocca la scimmia rossa e la bicicletta gialla
1F,1FSUCOD,audio_198,3,Tocca la scimmia rossa e la bicicletta blu
1F,1FSUCOD,audio_199,3,Tocca la scimmia rossa e il monopattino rosso
1F,1FSUCOD,audio_200,3,Tocca la scimmia rossa e il monopattino verde
1F,1FSUCOD,audio_201,3,Tocca la scimmia rossa e il monopattino giallo
1F,1FSUCOD,audio_202,3,Tocca la scimmia rossa e il monopattino blu
1F,1FSUCOD,audio_203,3,Tocca la scimmia rossa e l'ombrello rosso
1F,1FSUCOD,audio_204,3,Tocca la scimmia rossa e l'ombrello verde
1F,1FSUCOD,audio_205,3,Tocca la scimmia rossa e l'ombrello giallo
1F,1FSUCOD,audio_206,3,Tocca la scimmia rossa e l'ombrello blu
1F,1FSUCOD,audio_207,3,Tocca la scimmia rossa e la bambina vestita in rosso
1F,1FSUCOD,audio_208,3,Tocca la scimmia rossa e la bambina vestita in verde
1F,1FSUCOD,audio_209,3,Tocca la scimmia rossa e la bambina vestita in giallo
1F,1FSUCOD,audio_210,3,Tocca la scimmia rossa e la bambina vestita in blu
1F,1FSUCOD,audio_211,3,Tocca la scimmia verde e la scimmia gialla
1F,1FSUCOD,audio_212,3,Tocca la scimmia verde e la scimmia blu
1F,1FSUCOD,audio_213,3,Tocca la scimmia verde e il leone rosso
1F,1FSUCOD,audio_214,3,Tocca la scimmia verde e il leone verde
1F,1FSUCOD,audio_215,3,Tocca la scimmia verde e il leone giallo
1F,1FSUCOD,audio_216,3,Tocca la scimmia verde e il leone blu
1F,1FSUCOD,audio_217,3,Tocca la scimmia verde e il pappagallo rosso
1F,1FSUCOD,audio_218,3,Tocca la scimmia verde e il pappagallo verde
1F,1FSUCOD,audio_219,3,Tocca la scimmia verde e il pappagallo giallo
1F,1FSUCOD,audio_220,3,Tocca la scimmia verde e il pappagallo blu
1F,1FSUCOD,audio_221,3,Tocca la scimmia verde e il polipo rosso
1F,1FSUCOD,audio_222,3,Tocca la scimmia verde e il polipo verde
1F,1FSUCOD,audio_223,3,Tocca la scimmia verde e il polipo giallo
1F,1FSUCOD,audio_224,3,Tocca la scimmia verde e il polipo blu
1F,1FSUCOD,audio_225,3,Tocca la scimmia verde e il gelato rosso
1F,1FSUCOD,audio_226,3,Tocca la scimmia verde e il gelato verde
1F,1FSUCOD,audio_227,3,Tocca la scimmia verde e il gelato giallo
1F,1FSUCOD,audio_228,3,Tocca la scimmia verde e il gelato blu
1F,1FSUCOD,audio_229,3,Tocca la scimmia verde e gli occhiali da sole rossi
1F,1FSUCOD,audio_230,3,Tocca la scimmia verde e gli occhiali da sole verdi
1F,1FSUCOD,audio_231,3,Tocca la scimmia verde e gli occhiali da sole gialli
1F,1FSUCOD,audio_232,3,Tocca la scimmia verde e gli occhiali da sole blu
1F,1FSUCOD,audio_233,3,Tocca la scimmia verde e la bicicletta rossa
1F,1FSUCOD,audio_234,3,Tocca la scimmia verde e la bicicletta verde
1F,1FSUCOD,audio_235,3,Tocca la scimmia verde e la bicicletta gialla
1F,1FSUCOD,audio_236,3,Tocca la scimmia verde e la bicicletta blu
1F,1FSUCOD,audio_237,3,Tocca la scimmia verde e il monopattino rosso
1F,1FSUCOD,audio_238,3,Tocca la scimmia verde e il monopattino verde
1F,1FSUCOD,audio_239,3,Tocca la scimmia verde e il monopattino giallo
1F,1FSUCOD,audio_240,3,Tocca la scimmia verde e il monopattino blu
1F,1FSUCOD,audio_241,3,Tocca la scimmia verde e l'ombrello rosso
1F,1FSUCOD,audio_242,3,Tocca la scimmia verde e l'ombrello verde
1F,1FSUCOD,audio_243,3,Tocca la scimmia verde e l'ombrello giallo
1F,1FSUCOD,audio_244,3,Tocca la scimmia verde e l'ombrello blu
1F,1FSUCOD,audio_245,3,Tocca la scimmia verde e la bambina vestita in rosso
1F,1FSUCOD,audio_246,3,Tocca la scimmia verde e la bambina vestita in verde
1F,1FSUCOD,audio_247,3,Tocca la scimmia verde e la bambina vestita in giallo
1F,1FSUCOD,audio_248,3,Tocca la scimmia verde e la bambina vestita in blu
1F,1FSUCOD,audio_249,3,Tocca la scimmia gialla e la scimmia blu
1F,1FSUCOD,audio_250,3,Tocca la scimmia gialla e il leone rosso
1F,1FSUCOD,audio_251,3,Tocca la scimmia gialla e il leone verde
1F,1FSUCOD,audio_252,3,Tocca la scimmia gialla e il leone giallo
1F,1FSUCOD,audio_253,3,Tocca la scimmia gialla e il leone blu
1F,1FSUCOD,audio_254,3,Tocca la scimmia gialla e il pappagallo rosso
1F,1FSUCOD,audio_255,3,Tocca la scimmia gialla e il pappagallo verde
1F,1FSUCOD,audio_256,3,Tocca la scimmia gialla e il pappagallo giallo
1F,1FSUCOD,audio_257,3,Tocca la scimmia gialla e il pappagallo blu
1F,1FSUCOD,audio_258,3,Tocca la scimmia gialla e il polipo rosso
1F,1FSUCOD,audio_259,3,Tocca la scimmia gialla e il polipo verde
1F,1FSUCOD,audio_260,3,Tocca la scimmia gialla e il polipo giallo
1F,1FSUCOD,audio_261,3,Tocca la scimmia gialla e il polipo blu
1F,1FSUCOD,audio_262,3,Tocca la scimmia gialla e il gelato rosso
1F,1FSUCOD,audio_263,3,Tocca la scimmia gialla e il gelato verde
1F,1FSUCOD,audio_264,3,Tocca la scimmia gialla e il gelato giallo
1F,1FSUCOD,audio_265,3,Tocca la scimmia gialla e il gelato blu
1F,1FSUCOD,audio_266,3,Tocca la scimmia gialla e gli occhiali da sole rossi
1F,1FSUCOD,audio_267,3,Tocca la scimmia gialla e gli occhiali da sole verdi
1F,1FSUCOD,audio_268,3,Tocca la scimmia gialla e gli occhiali da sole gialli
1F,1FSUCOD,audio_269,3,Tocca la scimmia gialla e gli occhiali da sole blu
1F,1FSUCOD,audio_270,3,Tocca la scimmia gialla e la bicicletta rossa
1F,1FSUCOD,audio_271,3,Tocca la scimmia gialla e la bicicletta verde
1F,1FSUCOD,audio_272,3,Tocca la scimmia gialla e la bicicletta gialla
1F,1FSUCOD,audio_273,3,Tocca la scimmia gialla e la bicicletta blu
1F,1FSUCOD,audio_274,3,Tocca la scimmia gialla e il monopattino rosso
1F,1FSUCOD,audio_275,3,Tocca la scimmia gialla e il monopattino verde
1F,1FSUCOD,audio_276,3,Tocca la scimmia gialla e il monopattino giallo
1F,1FSUCOD,audio_277,3,Tocca la scimmia gialla e il monopattino blu
1F,1FSUCOD,audio_278,3,Tocca la scimmia gialla e l'ombrello rosso
1F,1FSUCOD,audio_279,3,Tocca la scimmia gialla e l'ombrello verde
1F,1FSUCOD,audio_280,3,Tocca la scimmia gialla e l'ombrello giallo
1F,1FSUCOD,audio_281,3,Tocca la scimmia gialla e l'ombrello blu
1F,1FSUCOD,audio_282,3,Tocca la scimmia gialla e la bambina vestita in rosso
1F,1FSUCOD,audio_283,3,Tocca la scimmia gialla e la bambina vestita in verde
1F,1FSUCOD,audio_284,3,Tocca la scimmia gialla e la bambina vestita in giallo
1F,1FSUCOD,audio_285,3,Tocca la scimmia gialla e la bambina vestita in blu
1F,1FSUCOD,audio_286,3,Tocca la scimmia blu e il leone rosso
1F,1FSUCOD,audio_287,3,Tocca la scimmia blu e il leone verde
1F,1FSUCOD,audio_288,3,Tocca la scimmia blu e il leone giallo
1F,1FSUCOD,audio_289,3,Tocca la scimmia blu e il leone blu
1F,1FSUCOD,audio_290,3,Tocca la scimmia blu e il pappagallo rosso
1F,1FSUCOD,audio_291,3,Tocca la scimmia blu e il pappagallo verde
1F,1FSUCOD,audio_292,3,Tocca la scimmia blu e il pappagallo giallo
1F,1FSUCOD,audio_293,3,Tocca la scimmia blu e il pappagallo blu
1F,1FSUCOD,audio_294,3,Tocca la scimmia blu e il polipo rosso
1F,1FSUCOD,audio_295,3,Tocca la scimmia blu e il polipo verde
1F,1FSUCOD,audio_296,3,Tocca la scimmia blu e il polipo giallo
1F,1FSUCOD,audio_297,3,Tocca la scimmia blu e il polipo blu
1F,1FSUCOD,audio_298,3,Tocca la scimmia blu e il gelato rosso
1F,1FSUCOD,audio_299,3,Tocca la scimmia blu e il gelato verde
1F,1FSUCOD,audio_300,3,Tocca la scimmia blu e il gelato giallo
1F,1FSUCOD,audio_301,3,Tocca la scimmia blu e il gelato blu
1F,1FSUCOD,audio_302,3,Tocca la scimmia blu e gli occhiali da sole rossi
1F,1FSUCOD,audio_303,3,Tocca la scimmia blu e gli occhiali da sole verdi
1F,1FSUCOD,audio_304,3,Tocca la scimmia blu e gli occhiali da sole gialli
1F,1FSUCOD,audio_305,3,Tocca la scimmia blu e gli occhiali da sole blu
1F,1FSUCOD,audio_306,3,Tocca la scimmia blu e la bicicletta rossa
1F,1FSUCOD,audio_307,3,Tocca la scimmia blu e la bicicletta verde
1F,1FSUCOD,audio_308,3,Tocca la scimmia blu e la bicicletta gialla
1F,1FSUCOD,audio_309,3,Tocca la scimmia blu e la bicicletta blu
1F,1FSUCOD,audio_310,3,Tocca la scimmia blu e il monopattino rosso
1F,1FSUCOD,audio_311,3,Tocca la scimmia blu e il monopattino verde
1F,1FSUCOD,audio_312,3,Tocca la scimmia blu e il monopattino giallo
1F,1FSUCOD,audio_313,3,Tocca la scimmia blu e il monopattino blu
1F,1FSUCOD,audio_314,3,Tocca la scimmia blu e l'ombrello rosso
1F,1FSUCOD,audio_315,3,Tocca la scimmia blu e l'ombrello verde
1F,1FSUCOD,audio_316,3,Tocca la scimmia blu e l'ombrello giallo
1F,1FSUCOD,audio_317,3,Tocca la scimmia blu e l'ombrello blu
1F,1FSUCOD,audio_318,3,Tocca la scimmia blu e la bambina vestita in rosso
1F,1FSUCOD,audio_319,3,Tocca la scimmia blu e la bambina vestita in verde
1F,1FSUCOD,audio_320,3,Tocca la scimmia blu e la bambina vestita in giallo
1F,1FSUCOD,audio_321,3,Tocca la scimmia blu e la bambina vestita in blu
1F,1FSUCOD,audio_322,3,Tocca il leone rosso e il leone verde
1F,1FSUCOD,audio_323,3,Tocca il leone rosso e il leone giallo
1F,1FSUCOD,audio_324,3,Tocca il leone rosso e il leone blu
1F,1FSUCOD,audio_325,3,Tocca il leone rosso e il pappagallo rosso
1F,1FSUCOD,audio_326,3,Tocca il leone rosso e il pappagallo verde
1F,1FSUCOD,audio_327,3,Tocca il leone rosso e il pappagallo giallo
1F,1FSUCOD,audio_328,3,Tocca il leone rosso e il pappagallo blu
1F,1FSUCOD,audio_329,3,Tocca il leone rosso e il polipo rosso
1F,1FSUCOD,audio_330,3,Tocca il leone rosso e il polipo verde
1F,1FSUCOD,audio_331,3,Tocca il leone rosso e il polipo giallo
1F,1FSUCOD,audio_332,3,Tocca il leone rosso e il polipo blu
1F,1FSUCOD,audio_333,3,Tocca il leone rosso e il gelato rosso
1F,1FSUCOD,audio_334,3,Tocca il leone rosso e il gelato verde
1F,1FSUCOD,audio_335,3,Tocca il leone rosso e il gelato giallo
1F,1FSUCOD,audio_336,3,Tocca il leone rosso e il gelato blu
1F,1FSUCOD,audio_337,3,Tocca il leone rosso e gli occhiali da sole rossi
1F,1FSUCOD,audio_338,3,Tocca il leone rosso e gli occhiali da sole verdi
1F,1FSUCOD,audio_339,3,Tocca il leone rosso e gli occhiali da sole gialli
1F,1FSUCOD,audio_340,3,Tocca il leone rosso e gli occhiali da sole blu
1F,1FSUCOD,audio_341,3,Tocca il leone rosso e la bicicletta rossa
1F,1FSUCOD,audio_342,3,Tocca il leone rosso e la bicicletta verde
1F,1FSUCOD,audio_343,3,Tocca il leone rosso e la bicicletta gialla
1F,1FSUCOD,audio_344,3,Tocca il leone rosso e la bicicletta blu
1F,1FSUCOD,audio_345,3,Tocca il leone rosso e il monopattino rosso
1F,1FSUCOD,audio_346,3,Tocca il leone rosso e il monopattino verde
1F,1FSUCOD,audio_347,3,Tocca il leone rosso e il monopattino giallo
1F,1FSUCOD,audio_348,3,Tocca il leone rosso e il monopattino blu
1F,1FSUCOD,audio_349,3,Tocca il leone rosso e l'ombrello rosso
1F,1FSUCOD,audio_350,3,Tocca il leone rosso e l'ombrello verde
1F,1FSUCOD,audio_351,3,Tocca il leone rosso e l'ombrello giallo
1F,1FSUCOD,audio_352,3,Tocca il leone rosso e l'ombrello blu
1F,1FSUCOD,audio_353,3,Tocca il leone rosso e la bambina vestita in rosso
1F,1FSUCOD,audio_354,3,Tocca il leone rosso e la bambina vestita in verde
1F,1FSUCOD,audio_355,3,Tocca il leone rosso e la bambina vestita in giallo
1F,1FSUCOD,audio_356,3,Tocca il leone rosso e la bambina vestita in blu
1F,1FSUCOD,audio_357,3,Tocca il leone verde e il leone giallo
1F,1FSUCOD,audio_358,3,Tocca il leone verde e il leone blu
1F,1FSUCOD,audio_359,3,Tocca il leone verde e il pappagallo rosso
1F,1FSUCOD,audio_360,3,Tocca il leone verde e il pappagallo verde
1F,1FSUCOD,audio_361,3,Tocca il leone verde e il pappagallo giallo
1F,1FSUCOD,audio_362,3,Tocca il leone verde e il pappagallo blu
1F,1FSUCOD,audio_363,3,Tocca il leone verde e il polipo rosso
1F,1FSUCOD,audio_364,3,Tocca il leone verde e il polipo verde
1F,1FSUCOD,audio_365,3,Tocca il leone verde e il polipo giallo
1F,1FSUCOD,audio_366,3,Tocca il leone verde e il polipo blu
1F,1FSUCOD,audio_367,3,Tocca il leone verde e il gelato rosso
1F,1FSUCOD,audio_368,3,Tocca il leone verde e il gelato verde
1F,1FSUCOD,audio_369,3,Tocca il leone verde e il gelato giallo
1F,1FSUCOD,audio_370,3,Tocca il leone verde e il gelato blu
1F,1FSUCOD,audio_371,3,Tocca il leone verde e gli occhiali da sole rossi
1F,1FSUCOD,audio_372,3,Tocca il leone verde e gli occhiali da sole verdi
1F,1FSUCOD,audio_373,3,Tocca il leone verde e gli occhiali da sole gialli
1F,1FSUCOD,audio_374,3,Tocca il leone verde e gli occhiali da sole blu
1F,1FSUCOD,audio_375,3,Tocca il leone verde e la bicicletta rossa
1F,1FSUCOD,audio_376,3,Tocca il leone verde e la bicicletta verde
1F,1FSUCOD,audio_377,3,Tocca il leone verde e la bicicletta gialla
1F,1FSUCOD,audio_378,3,Tocca il leone verde e la bicicletta blu
1F,1FSUCOD,audio_379,3,Tocca il leone verde e il monopattino rosso
1F,1FSUCOD,audio_380,3,Tocca il leone verde e il monopattino verde
1F,1FSUCOD,audio_381,3,Tocca il leone verde e il monopattino giallo
1F,1FSUCOD,audio_382,3,Tocca il leone verde e il monopattino blu
1F,1FSUCOD,audio_383,3,Tocca il leone verde e l'ombrello rosso
1F,1FSUCOD,audio_384,3,Tocca il leone verde e l'ombrello verde
1F,1FSUCOD,audio_385,3,Tocca il leone verde e l'ombrello giallo
1F,1FSUCOD,audio_386,3,Tocca il leone verde e l'ombrello blu
1F,1FSUCOD,audio_387,3,Tocca il leone verde e la bambina vestita in rosso
1F,1FSUCOD,audio_388,3,Tocca il leone verde e la bambina vestita in verde
1F,1FSUCOD,audio_389,3,Tocca il leone verde e la bambina vestita in giallo
1F,1FSUCOD,audio_390,3,Tocca il leone verde e la bambina vestita in blu
1F,1FSUCOD,audio_391,3,Tocca il leone giallo e il leone blu
1F,1FSUCOD,audio_392,3,Tocca il leone giallo e il pappagallo rosso
1F,1FSUCOD,audio_393,3,Tocca il leone giallo e il pappagallo verde
1F,1FSUCOD,audio_394,3,Tocca il leone giallo e il pappagallo giallo
1F,1FSUCOD,audio_395,3,Tocca il leone giallo e il pappagallo blu
1F,1FSUCOD,audio_396,3,Tocca il leone giallo e il polipo rosso
1F,1FSUCOD,audio_397,3,Tocca il leone giallo e il polipo verde
1F,1FSUCOD,audio_398,3,Tocca il leone giallo e il polipo giallo
1F,1FSUCOD,audio_399,3,Tocca il leone giallo e il polipo blu
1F,1FSUCOD,audio_400,3,Tocca il leone giallo e il gelato rosso
1F,1FSUCOD,audio_401,3,Tocca il leone giallo e il gelato verde
1F,1FSUCOD,audio_402,3,Tocca il leone giallo e il gelato giallo
1F,1FSUCOD,audio_403,3,Tocca il leone giallo e il gelato blu
1F,1FSUCOD,audio_404,3,Tocca il leone giallo e gli occhiali da sole rossi
1F,1FSUCOD,audio_405,3,Tocca il leone giallo e gli occhiali da sole verdi
1F,1FSUCOD,audio_406,3,Tocca il leone giallo e gli occhiali da sole gialli
1F,1FSUCOD,audio_407,3,Tocca il leone giallo e gli occhiali da sole blu
1F,1FSUCOD,audio_408,3,Tocca il leone giallo e la bicicletta rossa
1F,1FSUCOD,audio_409,3,Tocca il leone giallo e la bicicletta verde
1F,1FSUCOD,audio_410,3,Tocca il leone giallo e la bicicletta gialla
1F,1FSUCOD,audio_411,3,Tocca il leone giallo e la bicicletta blu
1F,1FSUCOD,audio_412,3,Tocca il leone giallo e il monopattino rosso
1F,1FSUCOD,audio_413,3,Tocca il leone giallo e il monopattino verde
1F,1FSUCOD,audio_414,3,Tocca il leone giallo e il monopattino giallo
1F,1FSUCOD,audio_415,3,Tocca il leone giallo e il monopattino blu
1F,1FSUCOD,audio_416,3,Tocca il leone giallo e l'ombrello rosso
1F,1FSUCOD,audio_417,3,Tocca il leone giallo e l'ombrello verde
1F,1FSUCOD,audio_418,3,Tocca il leone giallo e l'ombrello giallo
1F,1FSUCOD,audio_419,3,Tocca il leone giallo e l'ombrello blu
1F,1FSUCOD,audio_420,3,Tocca il leone giallo e la bambina vestita in rosso
1F,1FSUCOD,audio_421,3,Tocca il leone giallo e la bambina vestita in verde
1F,1FSUCOD,audio_422,3,Tocca il leone giallo e la bambina vestita in giallo
1F,1FSUCOD,audio_423,3,Tocca il leone giallo e la bambina vestita in blu
1F,1FSUCOD,audio_424,3,Tocca il leone blu e il pappagallo rosso
1F,1FSUCOD,audio_425,3,Tocca il leone blu e il pappagallo verde
1F,1FSUCOD,audio_426,3,Tocca il leone blu e il pappagallo giallo
1F,1FSUCOD,audio_427,3,Tocca il leone blu e il pappagallo blu
1F,1FSUCOD,audio_428,3,Tocca il leone blu e il polipo rosso
1F,1FSUCOD,audio_429,3,Tocca il leone blu e il polipo verde
1F,1FSUCOD,audio_430,3,Tocca il leone blu e il polipo giallo
1F,1FSUCOD,audio_431,3,Tocca il leone blu e il polipo blu
1F,1FSUCOD,audio_432,3,Tocca il leone blu e il gelato rosso
1F,1FSUCOD,audio_433,3,Tocca il leone blu e il gelato verde
1F,1FSUCOD,audio_434,3,Tocca il leone blu e il gelato giallo
1F,1FSUCOD,audio_435,3,Tocca il leone blu e il gelato blu
1F,1FSUCOD,audio_436,3,Tocca il leone blu e gli occhiali da sole rossi
1F,1FSUCOD,audio_437,3,Tocca il leone blu e gli occhiali da sole verdi
1F,1FSUCOD,audio_438,3,Tocca il leone blu e gli occhiali da sole gialli
1F,1FSUCOD,audio_439,3,Tocca il leone blu e gli occhiali da sole blu
1F,1FSUCOD,audio_440,3,Tocca il leone blu e la bicicletta rossa
1F,1FSUCOD,audio_441,3,Tocca il leone blu e la bicicletta verde
1F,1FSUCOD,audio_442,3,Tocca il leone blu e la bicicletta gialla
1F,1FSUCOD,audio_443,3,Tocca il leone blu e la bicicletta blu
1F,1FSUCOD,audio_444,3,Tocca il leone blu e il monopattino rosso
1F,1FSUCOD,audio_445,3,Tocca il leone blu e il monopattino verde
1F,1FSUCOD,audio_446,3,Tocca il leone blu e il monopattino giallo
1F,1FSUCOD,audio_447,3,Tocca il leone blu e il monopattino blu
1F,1FSUCOD,audio_448,3,Tocca il leone blu e l'ombrello rosso
1F,1FSUCOD,audio_449,3,Tocca il leone blu e l'ombrello verde
1F,1FSUCOD,audio_450,3,Tocca il leone blu e l'ombrello giallo
1F,1FSUCOD,audio_451,3,Tocca il leone blu e l'ombrello blu
1F,1FSUCOD,audio_452,3,Tocca il leone blu e la bambina vestita in rosso
1F,1FSUCOD,audio_453,3,Tocca il leone blu e la bambina vestita in verde
1F,1FSUCOD,audio_454,3,Tocca il leone blu e la bambina vestita in giallo
1F,1FSUCOD,audio_455,3,Tocca il leone blu e la bambina vestita in blu
1F,1FSUCOD,audio_456,3,Tocca il pappagallo rosso e il pappagallo verde
1F,1FSUCOD,audio_457,3,Tocca il pappagallo rosso e il pappagallo giallo
1F,1FSUCOD,audio_458,3,Tocca il pappagallo rosso e il pappagallo blu
1F,1FSUCOD,audio_459,3,Tocca il pappagallo rosso e il polipo rosso
1F,1FSUCOD,audio_460,3,Tocca il pappagallo rosso e il polipo verde
1F,1FSUCOD,audio_461,3,Tocca il pappagallo rosso e il polipo giallo
1F,1FSUCOD,audio_462,3,Tocca il pappagallo rosso e il polipo blu
1F,1FSUCOD,audio_463,3,Tocca il pappagallo rosso e il gelato rosso
1F,1FSUCOD,audio_464,3,Tocca il pappagallo rosso e il gelato verde
1F,1FSUCOD,audio_465,3,Tocca il pappagallo rosso e il gelato giallo
1F,1FSUCOD,audio_466,3,Tocca il pappagallo rosso e il gelato blu
1F,1FSUCOD,audio_467,3,Tocca il pappagallo rosso e gli occhiali da sole rossi
1F,1FSUCOD,audio_468,3,Tocca il pappagallo rosso e gli occhiali da sole verdi
1F,1FSUCOD,audio_469,3,Tocca il pappagallo rosso e gli occhiali da sole gialli
1F,1FSUCOD,audio_470,3,Tocca il pappagallo rosso e gli occhiali da sole blu
1F,1FSUCOD,audio_471,3,Tocca il pappagallo rosso e la bicicletta rossa
1F,1FSUCOD,audio_472,3,Tocca il pappagallo rosso e la bicicletta verde
1F,1FSUCOD,audio_473,3,Tocca il pappagallo rosso e la bicicletta gialla
1F,1FSUCOD,audio_474,3,Tocca il pappagallo rosso e la bicicletta blu
1F,1FSUCOD,audio_475,3,Tocca il pappagallo rosso e il monopattino rosso
1F,1FSUCOD,audio_476,3,Tocca il pappagallo rosso e il monopattino verde
1F,1FSUCOD,audio_477,3,Tocca il pappagallo rosso e il monopattino giallo
1F,1FSUCOD,audio_478,3,Tocca il pappagallo rosso e il monopattino blu
1F,1FSUCOD,audio_479,3,Tocca il pappagallo rosso e l'ombrello rosso
1F,1FSUCOD,audio_480,3,Tocca il pappagallo rosso e l'ombrello verde
1F,1FSUCOD,audio_481,3,Tocca il pappagallo rosso e l'ombrello giallo
1F,1FSUCOD,audio_482,3,Tocca il pappagallo rosso e l'ombrello blu
1F,1FSUCOD,audio_483,3,Tocca il pappagallo rosso e la bambina vestita in rosso
1F,1FSUCOD,audio_484,3,Tocca il pappagallo rosso e la bambina vestita in verde
1F,1FSUCOD,audio_485,3,Tocca il pappagallo rosso e la bambina vestita in giallo
1F,1FSUCOD,audio_486,3,Tocca il pappagallo rosso e la bambina vestita in blu
1F,1FSUCOD,audio_487,3,Tocca il pappagallo verde e il pappagallo giallo
1F,1FSUCOD,audio_488,3,Tocca il pappagallo verde e il pappagallo blu
1F,1FSUCOD,audio_489,3,Tocca il pappagallo verde e il polipo rosso
1F,1FSUCOD,audio_490,3,Tocca il pappagallo verde e il polipo verde
1F,1FSUCOD,audio_491,3,Tocca il pappagallo verde e il polipo giallo
1F,1FSUCOD,audio_492,3,Tocca il pappagallo verde e il polipo blu
1F,1FSUCOD,audio_493,3,Tocca il pappagallo verde e il gelato rosso
1F,1FSUCOD,audio_494,3,Tocca il pappagallo verde e il gelato verde
1F,1FSUCOD,audio_495,3,Tocca il pappagallo verde e il gelato giallo
1F,1FSUCOD,audio_496,3,Tocca il pappagallo verde e il gelato blu
1F,1FSUCOD,audio_497,3,Tocca il pappagallo verde e gli occhiali da sole rossi
1F,1FSUCOD,audio_498,3,Tocca il pappagallo verde e gli occhiali da sole verdi
1F,1FSUCOD,audio_499,3,Tocca il pappagallo verde e gli occhiali da sole gialli
1F,1FSUCOD,audio_500,3,Tocca il pappagallo verde e gli occhiali da sole blu
1F,1FSUCOD,audio_501,3,Tocca il pappagallo verde e la bicicletta rossa
1F,1FSUCOD,audio_502,3,Tocca il pappagallo verde e la bicicletta verde
1F,1FSUCOD,audio_503,3,Tocca il pappagallo verde e la bicicletta gialla
1F,1FSUCOD,audio_504,3,Tocca il pappagallo verde e la bicicletta blu
1F,1FSUCOD,audio_505,3,Tocca il pappagallo verde e il monopattino rosso
1F,1FSUCOD,audio_506,3,Tocca il pappagallo verde e il monopattino verde
1F,1FSUCOD,audio_507,3,Tocca il pappagallo verde e il monopattino giallo
1F,1FSUCOD,audio_508,3,Tocca il pappagallo verde e il monopattino blu
1F,1FSUCOD,audio_509,3,Tocca il pappagallo verde e l'ombrello rosso
1F,1FSUCOD,audio_510,3,Tocca il pappagallo verde e l'ombrello verde
1F,1FSUCOD,audio_511,3,Tocca il pappagallo verde e l'ombrello giallo
1F,1FSUCOD,audio_512,3,Tocca il pappagallo verde e l'ombrello blu
1F,1FSUCOD,audio_513,3,Tocca il pappagallo verde e la bambina vestita in rosso
1F,1FSUCOD,audio_514,3,Tocca il pappagallo verde e la bambina vestita in verde
1F,1FSUCOD,audio_515,3,Tocca il pappagallo verde e la bambina vestita in giallo
1F,1FSUCOD,audio_516,3,Tocca il pappagallo verde e la bambina vestita in blu
1F,1FSUCOD,audio_517,3,Tocca il pappagallo giallo e il pappagallo blu
1F,1FSUCOD,audio_518,3,Tocca il pappagallo giallo e il polipo rosso
1F,1FSUCOD,audio_519,3,Tocca il pappagallo giallo e il polipo verde
1F,1FSUCOD,audio_520,3,Tocca il pappagallo giallo e il polipo giallo
1F,1FSUCOD,audio_521,3,Tocca il pappagallo giallo e il polipo blu
1F,1FSUCOD,audio_522,3,Tocca il pappagallo giallo e il gelato rosso
1F,1FSUCOD,audio_523,3,Tocca il pappagallo giallo e il gelato verde
1F,1FSUCOD,audio_524,3,Tocca il pappagallo giallo e il gelato giallo
1F,1FSUCOD,audio_525,3,Tocca il pappagallo giallo e il gelato blu
1F,1FSUCOD,audio_526,3,Tocca il pappagallo giallo e gli occhiali da sole rossi
1F,1FSUCOD,audio_527,3,Tocca il pappagallo giallo e gli occhiali da sole verdi
1F,1FSUCOD,audio_528,3,Tocca il pappagallo giallo e gli occhiali da sole gialli
1F,1FSUCOD,audio_529,3,Tocca il pappagallo giallo e gli occhiali da sole blu
1F,1FSUCOD,audio_530,3,Tocca il pappagallo giallo e la bicicletta rossa
1F,1FSUCOD,audio_531,3,Tocca il pappagallo giallo e la bicicletta verde
1F,1FSUCOD,audio_532,3,Tocca il pappagallo giallo e la bicicletta gialla
1F,1FSUCOD,audio_533,3,Tocca il pappagallo giallo e la bicicletta blu
1F,1FSUCOD,audio_534,3,Tocca il pappagallo giallo e il monopattino rosso
1F,1FSUCOD,audio_535,3,Tocca il pappagallo giallo e il monopattino verde
1F,1FSUCOD,audio_536,3,Tocca il pappagallo giallo e il monopattino giallo
1F,1FSUCOD,audio_537,3,Tocca il pappagallo giallo e il monopattino blu
1F,1FSUCOD,audio_538,3,Tocca il pappagallo giallo e l'ombrello rosso
1F,1FSUCOD,audio_539,3,Tocca il pappagallo giallo e l'ombrello verde
1F,1FSUCOD,audio_540,3,Tocca il pappagallo giallo e l'ombrello giallo
1F,1FSUCOD,audio_541,3,Tocca il pappagallo giallo e l'ombrello blu
1F,1FSUCOD,audio_542,3,Tocca il pappagallo giallo e la bambina vestita in rosso
1F,1FSUCOD,audio_543,3,Tocca il pappagallo giallo e la bambina vestita in verde
1F,1FSUCOD,audio_544,3,Tocca il pappagallo giallo e la bambina vestita in giallo
1F,1FSUCOD,audio_545,3,Tocca il pappagallo giallo e la bambina vestita in blu
1F,1FSUCOD,audio_546,3,Tocca il pappagallo blu e il polipo rosso
1F,1FSUCOD,audio_547,3,Tocca il pappagallo blu e il polipo verde
1F,1FSUCOD,audio_548,3,Tocca il pappagallo blu e il polipo giallo
1F,1FSUCOD,audio_549,3,Tocca il pappagallo blu e il polipo blu
1F,1FSUCOD,audio_550,3,Tocca il pappagallo blu e il gelato rosso
1F,1FSUCOD,audio_551,3,Tocca il pappagallo blu e il gelato verde
1F,1FSUCOD,audio_552,3,Tocca il pappagallo blu e il gelato giallo
1F,1FSUCOD,audio_553,3,Tocca il pappagallo blu e il gelato blu
1F,1FSUCOD,audio_554,3,Tocca il pappagallo blu e gli occhiali da sole rossi
1F,1FSUCOD,audio_555,3,Tocca il pappagallo blu e gli occhiali da sole verdi
1F,1FSUCOD,audio_556,3,Tocca il pappagallo blu e gli occhiali da sole gialli
1F,1FSUCOD,audio_557,3,Tocca il pappagallo blu e gli occhiali da sole blu
1F,1FSUCOD,audio_558,3,Tocca il pappagallo blu e la bicicletta rossa
1F,1FSUCOD,audio_559,3,Tocca il pappagallo blu e la bicicletta verde
1F,1FSUCOD,audio_560,3,Tocca il pappagallo blu e la bicicletta gialla
1F,1FSUCOD,audio_561,3,Tocca il pappagallo blu e la bicicletta blu
1F,1FSUCOD,audio_562,3,Tocca il pappagallo blu e il monopattino rosso
1F,1FSUCOD,audio_563,3,Tocca il pappagallo blu e il monopattino verde
1F,1FSUCOD,audio_564,3,Tocca il pappagallo blu e il monopattino giallo
1F,1FSUCOD,audio_565,3,Tocca il pappagallo blu e il monopattino blu
1F,1FSUCOD,audio_566,3,Tocca il pappagallo blu e l'ombrello rosso
1F,1FSUCOD,audio_567,3,Tocca il pappagallo blu e l'ombrello verde
1F,1FSUCOD,audio_568,3,Tocca il pappagallo blu e l'ombrello giallo
1F,1FSUCOD,audio_569,3,Tocca il pappagallo blu e l'ombrello blu
1F,1FSUCOD,audio_570,3,Tocca il pappagallo blu e la bambina vestita in rosso
1F,1FSUCOD,audio_571,3,Tocca il pappagallo blu e la bambina vestita in verde
1F,1FSUCOD,audio_572,3,Tocca il pappagallo blu e la bambina vestita in giallo
1F,1FSUCOD,audio_573,3,Tocca il pappagallo blu e la bambina vestita in blu
1F,1FSUCOD,audio_574,3,Tocca il polipo rosso e il polipo verde
1F,1FSUCOD,audio_575,3,Tocca il polipo rosso e il polipo giallo
1F,1FSUCOD,audio_576,3,Tocca il polipo rosso e il polipo blu
1F,1FSUCOD,audio_577,3,Tocca il polipo rosso e il gelato rosso
1F,1FSUCOD,audio_578,3,Tocca il polipo rosso e il gelato verde
1F,1FSUCOD,audio_579,3,Tocca il polipo rosso e il gelato giallo
1F,1FSUCOD,audio_580,3,Tocca il polipo rosso e il gelato blu
1F,1FSUCOD,audio_581,3,Tocca il polipo rosso e gli occhiali da sole rossi
1F,1FSUCOD,audio_582,3,Tocca il polipo rosso e gli occhiali da sole verdi
1F,1FSUCOD,audio_583,3,Tocca il polipo rosso e gli occhiali da sole gialli
1F,1FSUCOD,audio_584,3,Tocca il polipo rosso e gli occhiali da sole blu
1F,1FSUCOD,audio_585,3,Tocca il polipo rosso e la bicicletta rossa
1F,1FSUCOD,audio_586,3,Tocca il polipo rosso e la bicicletta verde
1F,1FSUCOD,audio_587,3,Tocca il polipo rosso e la bicicletta gialla
1F,1FSUCOD,audio_588,3,Tocca il polipo rosso e la bicicletta blu
1F,1FSUCOD,audio_589,3,Tocca il polipo rosso e il monopattino rosso
1F,1FSUCOD,audio_590,3,Tocca il polipo rosso e il monopattino verde
1F,1FSUCOD,audio_591,3,Tocca il polipo rosso e il monopattino giallo
1F,1FSUCOD,audio_592,3,Tocca il polipo rosso e il monopattino blu
1F,1FSUCOD,audio_593,3,Tocca il polipo rosso e l'ombrello rosso
1F,1FSUCOD,audio_594,3,Tocca il polipo rosso e l'ombrello verde
1F,1FSUCOD,audio_595,3,Tocca il polipo rosso e l'ombrello giallo
1F,1FSUCOD,audio_596,3,Tocca il polipo rosso e l'ombrello blu
1F,1FSUCOD,audio_597,3,Tocca il polipo rosso e la bambina vestita in rosso
1F,1FSUCOD,audio_598,3,Tocca il polipo rosso e la bambina vestita in verde
1F,1FSUCOD,audio_599,3,Tocca il polipo rosso e la bambina vestita in giallo
1F,1FSUCOD,audio_600,3,Tocca il polipo rosso e la bambina vestita in blu
1F,1FSUCOD,audio_601,3,Tocca il polipo verde e la scimmia rossa
1F,1FSUCOD,audio_602,3,Tocca il polipo verde e la scimmia verde
1F,1FSUCOD,audio_603,3,Tocca il polipo verde e la scimmia gialla
1F,1FSUCOD,audio_604,3,Tocca il polipo verde e il scimmia blu
1F,1FSUCOD,audio_605,3,Tocca il polipo verde e il leone rosso
1F,1FSUCOD,audio_606,3,Tocca il polipo verde e il leone verde
1F,1FSUCOD,audio_607,3,Tocca il polipo verde e il leone giallo
1F,1FSUCOD,audio_608,3,Tocca il polipo verde e il leone blu
1F,1FSUCOD,audio_609,3,Tocca il polipo verde e il pappagallo rosso
1F,1FSUCOD,audio_610,3,Tocca il polipo verde e il pappagallo verde
1F,1FSUCOD,audio_611,3,Tocca il polipo verde e il pappagallo giallo
1F,1FSUCOD,audio_612,3,Tocca il polipo verde e il pappagallo blu
1F,1FSUCOD,audio_613,3,Tocca il polipo verde e il polipo giallo
1F,1FSUCOD,audio_614,3,Tocca il polipo verde e il polipo blu
1F,1FSUCOD,audio_615,3,Tocca il polipo verde e il gelato rosso
1F,1FSUCOD,audio_616,3,Tocca il polipo verde e il gelato verde
1F,1FSUCOD,audio_617,3,Tocca il polipo verde e il gelato giallo
1F,1FSUCOD,audio_618,3,Tocca il polipo verde e il gelato blu
1F,1FSUCOD,audio_619,3,Tocca il polipo verde e gli occhiali da sole rossi
1F,1FSUCOD,audio_620,3,Tocca il polipo verde e gli occhiali da sole verdi
1F,1FSUCOD,audio_621,3,Tocca il polipo verde e gli occhiali da sole gialli
1F,1FSUCOD,audio_622,3,Tocca il polipo verde e gli occhiali da sole blu
1F,1FSUCOD,audio_623,3,Tocca il polipo verde e la bicicletta rossa
1F,1FSUCOD,audio_624,3,Tocca il polipo verde e la bicicletta verde
1F,1FSUCOD,audio_625,3,Tocca il polipo verde e la bicicletta gialla
1F,1FSUCOD,audio_626,3,Tocca il polipo verde e la bicicletta blu
1F,1FSUCOD,audio_627,3,Tocca il polipo verde e il monopattino rosso
1F,1FSUCOD,audio_628,3,Tocca il polipo verde e il monopattino verde
1F,1FSUCOD,audio_629,3,Tocca il polipo verde e il monopattino giallo
1F,1FSUCOD,audio_630,3,Tocca il polipo verde e il monopattino blu
1F,1FSUCOD,audio_631,3,Tocca il polipo verde e l'ombrello rosso
1F,1FSUCOD,audio_632,3,Tocca il polipo verde e l'ombrello verde
1F,1FSUCOD,audio_633,3,Tocca il polipo verde e l'ombrello giallo
1F,1FSUCOD,audio_634,3,Tocca il polipo verde e l'ombrello blu
1F,1FSUCOD,audio_635,3,Tocca il polipo verde e la bambina vestita in rosso
1F,1FSUCOD,audio_636,3,Tocca il polipo verde e la bambina vestita in verde
1F,1FSUCOD,audio_637,3,Tocca il polipo verde e la bambina vestita in giallo
1F,1FSUCOD,audio_638,3,Tocca il polipo verde e la bambina vestita in blu
1F,1FSUCOD,audio_639,3,Tocca il polipo giallo e il polipo blu
1F,1FSUCOD,audio_640,3,Tocca il polipo giallo e il gelato rosso
1F,1FSUCOD,audio_641,3,Tocca il polipo giallo e il gelato verde
1F,1FSUCOD,audio_642,3,Tocca il polipo giallo e il gelato giallo
1F,1FSUCOD,audio_643,3,Tocca il polipo giallo e il gelato blu
1F,1FSUCOD,audio_644,3,Tocca il polipo giallo e gli occhiali da solge rossi
1F,1FSUCOD,audio_645,3,Tocca il polipo giallo e gli occhiali da sole verdi
1F,1FSUCOD,audio_646,3,Tocca il polipo giallo e gli occhiali da sole gialli
1F,1FSUCOD,audio_647,3,Tocca il polipo giallo e gli occhiali da sole blu
1F,1FSUCOD,audio_648,3,Tocca il polipo giallo e la bicicletta rossa
1F,1FSUCOD,audio_649,3,Tocca il polipo giallo e la bicicletta verde
1F,1FSUCOD,audio_650,3,Tocca il polipo giallo e la bicicletta gialla
1F,1FSUCOD,audio_651,3,Tocca il polipo giallo e la bicicletta blu
1F,1FSUCOD,audio_652,3,Tocca il polipo giallo e il monopattino rosso
1F,1FSUCOD,audio_653,3,Tocca il polipo giallo e il monopattino verde
1F,1FSUCOD,audio_654,3,Tocca il polipo giallo e il monopattino giallo
1F,1FSUCOD,audio_655,3,Tocca il polipo giallo e il monopattino blu
1F,1FSUCOD,audio_656,3,Tocca il polipo giallo e l'ombrello rosso
1F,1FSUCOD,audio_657,3,Tocca il polipo giallo e l'ombrello verde
1F,1FSUCOD,audio_658,3,Tocca il polipo giallo e l'ombrello giallo
1F,1FSUCOD,audio_659,3,Tocca il polipo giallo e l'ombrello blu
1F,1FSUCOD,audio_660,3,Tocca il polipo giallo e la bambina vestita in rosso
1F,1FSUCOD,audio_661,3,Tocca il polipo giallo e la bambina vestita in verde
1F,1FSUCOD,audio_662,3,Tocca il polipo giallo e la bambina vestita in giallo
1F,1FSUCOD,audio_663,3,Tocca il polipo giallo e la bambina vestita in blu
1F,1FSUCOD,audio_664,3,Tocca il polipo blu e il gelato rosso
1F,1FSUCOD,audio_665,3,Tocca il polipo blu e il gelato verde
1F,1FSUCOD,audio_666,3,Tocca il polipo blu e il gelato giallo
1F,1FSUCOD,audio_667,3,Tocca il polipo blu e il gelato blu
1F,1FSUCOD,audio_668,3,Tocca il polipo blu e gli occhiali da sole rossi
1F,1FSUCOD,audio_669,3,Tocca il polipo blu e gli occhiali da sole verdi
1F,1FSUCOD,audio_670,3,Tocca il polipo blu e gli occhiali da sole gialli
1F,1FSUCOD,audio_671,3,Tocca il polipo blu e gli occhiali da sole blu
1F,1FSUCOD,audio_672,3,Tocca il polipo blu e la bicicletta rossa
1F,1FSUCOD,audio_673,3,Tocca il polipo blu e la bicicletta verde
1F,1FSUCOD,audio_674,3,Tocca il polipo blu e la bicicletta gialla
1F,1FSUCOD,audio_675,3,Tocca il polipo blu e la bicicletta blu
1F,1FSUCOD,audio_676,3,Tocca il polipo blu e il monopattino rosso
1F,1FSUCOD,audio_677,3,Tocca il polipo blu e il monopattino verde
1F,1FSUCOD,audio_678,3,Tocca il polipo blu e il monopattino giallo
1F,1FSUCOD,audio_679,3,Tocca il polipo blu e il monopattino blu
1F,1FSUCOD,audio_680,3,Tocca il polipo blu e l'ombrello rosso
1F,1FSUCOD,audio_681,3,Tocca il polipo blu e l'ombrello verde
1F,1FSUCOD,audio_682,3,Tocca il polipo blu e l'ombrello giallo
1F,1FSUCOD,audio_683,3,Tocca il polipo blu e l'ombrello blu
1F,1FSUCOD,audio_684,3,Tocca il polipo blu e la bambina vestita in rosso
1F,1FSUCOD,audio_685,3,Tocca il polipo blu e la bambina vestita in verde
1F,1FSUCOD,audio_686,3,Tocca il polipo blu e la bambina vestita in giallo
1F,1FSUCOD,audio_687,3,Tocca il polipo blu e la bambina vestita in blu
1F,1FSUCOD,audio_688,3,Tocca il gelato rosso e il gelato verde
1F,1FSUCOD,audio_689,3,Tocca il gelato rosso e il gelato giallo
1F,1FSUCOD,audio_690,3,Tocca il gelato rosso e il gelato blu
1F,1FSUCOD,audio_691,3,Tocca il gelato rosso e gli occhiali da sole rossi
1F,1FSUCOD,audio_692,3,Tocca il gelato rosso e gli occhiali da sole verdi
1F,1FSUCOD,audio_693,3,Tocca il gelato rosso e gli occhiali da sole gialli
1F,1FSUCOD,audio_694,3,Tocca il gelato rosso e gli occhiali da sole blu
1F,1FSUCOD,audio_695,3,Tocca il gelato rosso e la bicicletta rossa
1F,1FSUCOD,audio_696,3,Tocca il gelato rosso e la bicicletta verde
1F,1FSUCOD,audio_697,3,Tocca il gelato rosso e la bicicletta gialla
1F,1FSUCOD,audio_698,3,Tocca il gelato rosso e la bicicletta blu
1F,1FSUCOD,audio_699,3,Tocca il gelato rosso e il monopattino rosso
1F,1FSUCOD,audio_700,3,Tocca il gelato rosso e il monopattino verde
1F,1FSUCOD,audio_701,3,Tocca il gelato rosso e il monopattino giallo
1F,1FSUCOD,audio_702,3,Tocca il gelato rosso e il monopattino blu
1F,1FSUCOD,audio_703,3,Tocca il gelato rosso e l'ombrello rosso
1F,1FSUCOD,audio_704,3,Tocca il gelato rosso e l'ombrello verde
1F,1FSUCOD,audio_705,3,Tocca il gelato rosso e l'ombrello giallo
1F,1FSUCOD,audio_706,3,Tocca il gelato rosso e l'ombrello blu
1F,1FSUCOD,audio_707,3,Tocca il gelato rosso e la bambina vestita in rosso
1F,1FSUCOD,audio_708,3,Tocca il gelato rosso e la bambina vestita in verde
1F,1FSUCOD,audio_709,3,Tocca il gelato rosso e la bambina vestita in giallo
1F,1FSUCOD,audio_710,3,Tocca il gelato rosso e la bambina vestita in blu
1F,1FSUCOD,audio_711,3,Tocca il gelato verde e il gelato giallo
1F,1FSUCOD,audio_712,3,Tocca il gelato verde e il gelato blu
1F,1FSUCOD,audio_713,3,Tocca il gelato verde e gli occhiali da sole rossi
1F,1FSUCOD,audio_714,3,Tocca il gelato verde e gli occhiali da sole verdi
1F,1FSUCOD,audio_715,3,Tocca il gelato verde e gli occhiali da sole gialli
1F,1FSUCOD,audio_716,3,Tocca il gelato verde e gli occhiali da sole blu
1F,1FSUCOD,audio_717,3,Tocca il gelato verde e la bicicletta rossa
1F,1FSUCOD,audio_718,3,Tocca il gelato verde e la bicicletta verde
1F,1FSUCOD,audio_719,3,Tocca il gelato verde e la bicicletta gialla
1F,1FSUCOD,audio_720,3,Tocca il gelato verde e la bicicletta blu
1F,1FSUCOD,audio_721,3,Tocca il gelato verde e il monopattino rosso
1F,1FSUCOD,audio_722,3,Tocca il gelato verde e il monopattino verde
1F,1FSUCOD,audio_723,3,Tocca il gelato verde e il monopattino giallo
1F,1FSUCOD,audio_724,3,Tocca il gelato verde e il monopattino blu
1F,1FSUCOD,audio_725,3,Tocca il gelato verde e l'ombrello rosso
1F,1FSUCOD,audio_726,3,Tocca il gelato verde e l'ombrello verde
1F,1FSUCOD,audio_727,3,Tocca il gelato verde e l'ombrello giallo
1F,1FSUCOD,audio_728,3,Tocca il gelato verde e l'ombrello blu
1F,1FSUCOD,audio_729,3,Tocca il gelato verde e la bambina vestita in rosso
1F,1FSUCOD,audio_730,3,Tocca il gelato verde e la bambina vestita in verde
1F,1FSUCOD,audio_731,3,Tocca il gelato verde e la bambina vestita in giallo
1F,1FSUCOD,audio_732,3,Tocca il gelato verde e la bambina vestita in blu
1F,1FSUCOD,audio_733,3,Tocca il gelato giallo e il gelato blu
1F,1FSUCOD,audio_734,3,Tocca il gelato giallo e gli occhiali da sole rossi
1F,1FSUCOD,audio_735,3,Tocca il gelato giallo e gli occhiali da sole verdi
1F,1FSUCOD,audio_736,3,Tocca il gelato giallo e gli occhiali da sole gialli
1F,1FSUCOD,audio_737,3,Tocca il gelato giallo e gli occhiali da sole blu
1F,1FSUCOD,audio_738,3,Tocca il gelato giallo e la bicicletta rossa
1F,1FSUCOD,audio_739,3,Tocca il gelato giallo e la bicicletta verde
1F,1FSUCOD,audio_740,3,Tocca il gelato giallo e la bicicletta gialla
1F,1FSUCOD,audio_741,3,Tocca il gelato giallo e la bicicletta blu
1F,1FSUCOD,audio_742,3,Tocca il gelato giallo e il monopattino rosso
1F,1FSUCOD,audio_743,3,Tocca il gelato giallo e il monopattino verde
1F,1FSUCOD,audio_744,3,Tocca il gelato giallo e il monopattino giallo
1F,1FSUCOD,audio_745,3,Tocca il gelato giallo e il monopattino blu
1F,1FSUCOD,audio_746,3,Tocca il gelato giallo e l'ombrello rosso
1F,1FSUCOD,audio_747,3,Tocca il gelato giallo e l'ombrello verde
1F,1FSUCOD,audio_748,3,Tocca il gelato giallo e l'ombrello giallo
1F,1FSUCOD,audio_749,3,Tocca il gelato giallo e l'ombrello blu
1F,1FSUCOD,audio_750,3,Tocca il gelato giallo e la bambina vestita in rosso
1F,1FSUCOD,audio_751,3,Tocca il gelato giallo e la bambina vestita in verde
1F,1FSUCOD,audio_752,3,Tocca il gelato giallo e la bambina vestita in giallo
1F,1FSUCOD,audio_753,3,Tocca il gelato giallo e la bambina vestita in blu
1F,1FSUCOD,audio_754,3,Tocca il gelato blu e gli occhiali da sole rossi
1F,1FSUCOD,audio_755,3,Tocca il gelato blu e gli occhiali da sole verdi
1F,1FSUCOD,audio_756,3,Tocca il gelato blu e gli occhiali da sole gialli
1F,1FSUCOD,audio_757,3,Tocca il gelato blu e gli occhiali da sole blu
1F,1FSUCOD,audio_758,3,Tocca il gelato blu e la bicicletta rossa
1F,1FSUCOD,audio_759,3,Tocca il gelato blu e la bicicletta verde
1F,1FSUCOD,audio_760,3,Tocca il gelato blu e la bicicletta gialla
1F,1FSUCOD,audio_761,3,Tocca il gelato blu e la bicicletta blu
1F,1FSUCOD,audio_762,3,Tocca il gelato blu e il monopattino rosso
1F,1FSUCOD,audio_763,3,Tocca il gelato blu e il monopattino verde
1F,1FSUCOD,audio_764,3,Tocca il gelato blu e il monopattino giallo
1F,1FSUCOD,audio_765,3,Tocca il gelato blu e il monopattino blu
1F,1FSUCOD,audio_766,3,Tocca il gelato blu e l'ombrello rosso
1F,1FSUCOD,audio_767,3,Tocca il gelato blu e l'ombrello verde
1F,1FSUCOD,audio_768,3,Tocca il gelato blu e l'ombrello giallo
1F,1FSUCOD,audio_769,3,Tocca il gelato blu e l'ombrello blu
1F,1FSUCOD,audio_770,3,Tocca il gelato blu e la bambina vestita in rosso
1F,1FSUCOD,audio_771,3,Tocca il gelato blu e la bambina vestita in verde
1F,1FSUCOD,audio_772,3,Tocca il gelato blu e la bambina vestita in giallo
1F,1FSUCOD,audio_773,3,Tocca il gelato blu e la bambina vestita in blu
1F,1FSUCOD,audio_774,3,Tocca gli occhiali da sole rossi e gli occhiali da sole verdi
1F,1FSUCOD,audio_775,3,Tocca gli occhiali da sole rossi e gli occhiali da sole gialli
1F,1FSUCOD,audio_776,3,Tocca gli occhiali da sole rossi e gli occhiali da sole blu
1F,1FSUCOD,audio_777,3,Tocca gli occhiali da sole rossi e la bicicletta rossa
1F,1FSUCOD,audio_778,3,Tocca gli occhiali da sole rossi e la bicicletta verde
1F,1FSUCOD,audio_779,3,Tocca gli occhiali da sole rossi e la bicicletta gialla
1F,1FSUCOD,audio_780,3,Tocca gli occhiali da sole rossi e la bicicletta blu
1F,1FSUCOD,audio_781,3,Tocca gli occhiali da sole rossi e il monopattino rosso
1F,1FSUCOD,audio_782,3,Tocca gli occhiali da sole rossi e il monopattino verde
1F,1FSUCOD,audio_783,3,Tocca gli occhiali da sole rossi e il monopattino giallo
1F,1FSUCOD,audio_784,3,Tocca gli occhiali da sole rossi e il monopattino blu
1F,1FSUCOD,audio_785,3,Tocca gli occhiali da sole rossi e l'ombrello rosso
1F,1FSUCOD,audio_786,3,Tocca gli occhiali da sole rossi e l'ombrello verde
1F,1FSUCOD,audio_787,3,Tocca gli occhiali da sole rossi e l'ombrello giallo
1F,1FSUCOD,audio_788,3,Tocca gli occhiali da sole rossi e l'ombrello blu
1F,1FSUCOD,audio_789,3,Tocca gli occhiali da sole rossi e la bambina vestita in rosso
1F,1FSUCOD,audio_790,3,Tocca gli occhiali da sole rossi e la bambina vestita in verde
1F,1FSUCOD,audio_791,3,Tocca gli occhiali da sole rossi e la bambina vestita in giallo
1F,1FSUCOD,audio_792,3,Tocca gli occhiali da sole rossi e la bambina vestita in blu
1F,1FSUCOD,audio_793,3,Tocca gli occhiali da sole verdi e gli occhiali da sole gialli
1F,1FSUCOD,audio_794,3,Tocca gli occhiali da sole verdi e gli occhiali da sole blu
1F,1FSUCOD,audio_795,3,Tocca gli occhiali da sole verdi e la bicicletta rossa
1F,1FSUCOD,audio_796,3,Tocca gli occhiali da sole verdi e la bicicletta verde
1F,1FSUCOD,audio_797,3,Tocca gli occhiali da sole verdi e la bicicletta gialla
1F,1FSUCOD,audio_798,3,Tocca gli occhiali da sole verdi e la bicicletta blu
1F,1FSUCOD,audio_799,3,Tocca gli occhiali da sole verdi e il monopattino rosso
1F,1FSUCOD,audio_800,3,Tocca gli occhiali da sole verdi e il monopattino verde
1F,1FSUCOD,audio_801,3,Tocca gli occhiali da sole verdi e il monopattino giallo
1F,1FSUCOD,audio_802,3,Tocca gli occhiali da sole verdi e il monopattino blu
1F,1FSUCOD,audio_803,3,Tocca gli occhiali da sole verdi e l'ombrello rosso
1F,1FSUCOD,audio_804,3,Tocca gli occhiali da sole verdi e l'ombrello verde
1F,1FSUCOD,audio_805,3,Tocca gli occhiali da sole verdi e l'ombrello giallo
1F,1FSUCOD,audio_806,3,Tocca gli occhiali da sole verdi e l'ombrello blu
1F,1FSUCOD,audio_807,3,Tocca gli occhiali da sole verdi e la bambina vestita in rosso
1F,1FSUCOD,audio_808,3,Tocca gli occhiali da sole verdi e la bambina vestita in verde
1F,1FSUCOD,audio_809,3,Tocca gli occhiali da sole verdi e la bambina vestita in giallo
1F,1FSUCOD,audio_810,3,Tocca gli occhiali da sole verdi e la bambina vestita in blu
1F,1FSUCOD,audio_811,3,Tocca gli occhiali da sole gialli e gli occhiali da sole blu
1F,1FSUCOD,audio_812,3,Tocca gli occhiali da sole gialli e la bicicletta rossa
1F,1FSUCOD,audio_813,3,Tocca gli occhiali da sole gialli e la bicicletta verde
1F,1FSUCOD,audio_814,3,Tocca gli occhiali da sole gialli e la bicicletta gialla
1F,1FSUCOD,audio_815,3,Tocca gli occhiali da sole gialli e la bicicletta blu
1F,1FSUCOD,audio_816,3,Tocca gli occhiali da sole gialli e il monopattino rosso
1F,1FSUCOD,audio_817,3,Tocca gli occhiali da sole gialli e il monopattino verde
1F,1FSUCOD,audio_818,3,Tocca gli occhiali da sole gialli e il monopattino giallo
1F,1FSUCOD,audio_819,3,Tocca gli occhiali da sole gialli e il monopattino blu
1F,1FSUCOD,audio_820,3,Tocca gli occhiali da sole gialli e l'ombrello rosso
1F,1FSUCOD,audio_821,3,Tocca gli occhiali da sole gialli e l'ombrello verde
1F,1FSUCOD,audio_822,3,Tocca gli occhiali da sole gialli e l'ombrello giallo
1F,1FSUCOD,audio_823,3,Tocca gli occhiali da sole gialli e l'ombrello blu
1F,1FSUCOD,audio_824,3,Tocca gli occhiali da sole gialli e la bambina vestita in rosso
1F,1FSUCOD,audio_825,3,Tocca gli occhiali da sole gialli e la bambina vestita in verde
1F,1FSUCOD,audio_826,3,Tocca gli occhiali da sole gialli e la bambina vestita in giallo
1F,1FSUCOD,audio_827,3,Tocca gli occhiali da sole gialli e la bambina vestita in blu
1F,1FSUCOD,audio_828,3,Tocca gli occhiali da sole blu e la bicicletta rossa
1F,1FSUCOD,audio_829,3,Tocca gli occhiali da sole blu e la bicicletta verde
1F,1FSUCOD,audio_830,3,Tocca gli occhiali da sole blu e la bicicletta gialla
1F,1FSUCOD,audio_831,3,Tocca gli occhiali da sole blu e la bicicletta blu
1F,1FSUCOD,audio_832,3,Tocca gli occhiali da sole blu e il monopattino rosso
1F,1FSUCOD,audio_833,3,Tocca gli occhiali da sole blu e il monopattino verde
1F,1FSUCOD,audio_834,3,Tocca gli occhiali da sole blu e il monopattino giallo
1F,1FSUCOD,audio_835,3,Tocca gli occhiali da sole blu e il monopattino blu
1F,1FSUCOD,audio_836,3,Tocca gli occhiali da sole blu e l'ombrello rosso
1F,1FSUCOD,audio_837,3,Tocca gli occhiali da sole blu e l'ombrello verde
1F,1FSUCOD,audio_838,3,Tocca gli occhiali da sole blu e l'ombrello giallo
1F,1FSUCOD,audio_839,3,Tocca gli occhiali da sole blu e l'ombrello blu
1F,1FSUCOD,audio_840,3,Tocca gli occhiali da sole blu e la bambina vestita in rosso
1F,1FSUCOD,audio_841,3,Tocca gli occhiali da sole blu e la bambina vestita in verde
1F,1FSUCOD,audio_842,3,Tocca gli occhiali da sole blu e la bambina vestita in giallo
1F,1FSUCOD,audio_843,3,Tocca gli occhiali da sole blu e la bambina vestita in blu
1F,1FSUCOD,audio_844,3,Tocca la bicicletta rossa e la bicicletta verde
1F,1FSUCOD,audio_845,3,Tocca la bicicletta rossa e la bicicletta gialla
1F,1FSUCOD,audio_846,3,Tocca la bicicletta rossa e la bicicletta blu
1F,1FSUCOD,audio_847,3,Tocca la bicicletta rossa e il monopattino rosso
1F,1FSUCOD,audio_848,3,Tocca la bicicletta rossa e il monopattino verde
1F,1FSUCOD,audio_849,3,Tocca la bicicletta rossa e il monopattino giallo
1F,1FSUCOD,audio_850,3,Tocca la bicicletta rossa e il monopattino blu
1F,1FSUCOD,audio_851,3,Tocca la bicicletta rossa e l'ombrello rosso
1F,1FSUCOD,audio_852,3,Tocca la bicicletta rossa e l'ombrello verde
1F,1FSUCOD,audio_853,3,Tocca la bicicletta rossa e l'ombrello giallo
1F,1FSUCOD,audio_854,3,Tocca la bicicletta rossa e l'ombrello blu
1F,1FSUCOD,audio_855,3,Tocca la bicicletta rossa e la bambina vestita in rosso
1F,1FSUCOD,audio_856,3,Tocca la bicicletta rossa e la bambina vestita in verde
1F,1FSUCOD,audio_857,3,Tocca la bicicletta rossa e la bambina vestita in giallo
1F,1FSUCOD,audio_858,3,Tocca la bicicletta rossa e la bambina vestita in blu
1F,1FSUCOD,audio_859,3,Tocca la bicicletta verde e la bicicletta gialla
1F,1FSUCOD,audio_860,3,Tocca la bicicletta verde e la bicicletta blu
1F,1FSUCOD,audio_861,3,Tocca la bicicletta verde e il monopattino rosso
1F,1FSUCOD,audio_862,3,Tocca la bicicletta verde e il monopattino verde
1F,1FSUCOD,audio_863,3,Tocca la bicicletta verde e il monopattino giallo
1F,1FSUCOD,audio_864,3,Tocca la bicicletta verde e il monopattino blu
1F,1FSUCOD,audio_865,3,Tocca la bicicletta verde e l'ombrello rosso
1F,1FSUCOD,audio_866,3,Tocca la bicicletta verde e l'ombrello verde
1F,1FSUCOD,audio_867,3,Tocca la bicicletta verde e l'ombrello giallo
1F,1FSUCOD,audio_868,3,Tocca la bicicletta verde e l'ombrello blu
1F,1FSUCOD,audio_869,3,Tocca la bicicletta verde e la bambina vestita in rosso
1F,1FSUCOD,audio_870,3,Tocca la bicicletta verde e la bambina vestita in verde
1F,1FSUCOD,audio_871,3,Tocca la bicicletta verde e la bambina vestita in giallo
1F,1FSUCOD,audio_872,3,Tocca la bicicletta verde e la bambina vestita in blu
1F,1FSUCOD,audio_873,3,Tocca la bicicletta gialla e la bicicletta blu
1F,1FSUCOD,audio_874,3,Tocca la bicicletta gialla e il monopattino rosso
1F,1FSUCOD,audio_875,3,Tocca la bicicletta gialla e il monopattino verde
1F,1FSUCOD,audio_876,3,Tocca la bicicletta gialla e il monopattino giallo
1F,1FSUCOD,audio_877,3,Tocca la bicicletta gialla e il monopattino blu
1F,1FSUCOD,audio_878,3,Tocca la bicicletta gialla e l'ombrello rosso
1F,1FSUCOD,audio_879,3,Tocca la bicicletta gialla e l'ombrello verde
1F,1FSUCOD,audio_880,3,Tocca la bicicletta gialla e l'ombrello giallo
1F,1FSUCOD,audio_881,3,Tocca la bicicletta gialla e l'ombrello blu
1F,1FSUCOD,audio_882,3,Tocca la bicicletta gialla e la bambina vestita in rosso
1F,1FSUCOD,audio_883,3,Tocca la bicicletta gialla e la bambina vestita in verde
1F,1FSUCOD,audio_884,3,Tocca la bicicletta gialla e la bambina vestita in giallo
1F,1FSUCOD,audio_885,3,Tocca la bicicletta gialla e la bambina vestita in blu
1F,1FSUCOD,audio_886,3,Tocca la bicicletta blu e il monopattino rosso
1F,1FSUCOD,audio_887,3,Tocca la bicicletta blu e il monopattino verde
1F,1FSUCOD,audio_888,3,Tocca la bicicletta blu e il monopattino giallo
1F,1FSUCOD,audio_889,3,Tocca la bicicletta blu e il monopattino blu
1F,1FSUCOD,audio_890,3,Tocca la bicicletta blu e l'ombrello rosso
1F,1FSUCOD,audio_891,3,Tocca la bicicletta blu e l'ombrello verde
1F,1FSUCOD,audio_892,3,Tocca la bicicletta blu e l'ombrello giallo
1F,1FSUCOD,audio_893,3,Tocca la bicicletta blu e l'ombrello blu
1F,1FSUCOD,audio_894,3,Tocca la bicicletta blu e la bambina vestita in rosso
1F,1FSUCOD,audio_895,3,Tocca la bicicletta blu e la bambina vestita in verde
1F,1FSUCOD,audio_896,3,Tocca la bicicletta blu e la bambina vestita in giallo
1F,1FSUCOD,audio_897,3,Tocca la bicicletta blu e la bambina vestita in blu
1F,1FSUCOD,audio_898,3,Tocca il monopattino rosso e il monopattino verde
1F,1FSUCOD,audio_899,3,Tocca il monopattino rosso e il monopattino giallo
1F,1FSUCOD,audio_900,3,Tocca il monopattino rosso e il monopattino blu
1F,1FSUCOD,audio_901,3,Tocca il monopattino rosso e l'ombrello rosso
1F,1FSUCOD,audio_902,3,Tocca il monopattino rosso e l'ombrello verde
1F,1FSUCOD,audio_903,3,Tocca il monopattino rosso e l'ombrello giallo
1F,1FSUCOD,audio_904,3,Tocca il monopattino rosso e l'ombrello blu
1F,1FSUCOD,audio_905,3,Tocca il monopattino rosso e la bambina vestita in rosso
1F,1FSUCOD,audio_906,3,Tocca il monopattino rosso e la bambina vestita in verde
1F,1FSUCOD,audio_907,3,Tocca il monopattino rosso e la bambina vestita in giallo
1F,1FSUCOD,audio_908,3,Tocca il monopattino rosso e la bambina vestita in blu
1F,1FSUCOD,audio_909,3,Tocca il monopattino verde e il monopattino giallo
1F,1FSUCOD,audio_910,3,Tocca il monopattino verde e il monopattino blu
1F,1FSUCOD,audio_911,3,Tocca il monopattino verde e l'ombrello rosso
1F,1FSUCOD,audio_912,3,Tocca il monopattino verde e l'ombrello verde
1F,1FSUCOD,audio_913,3,Tocca il monopattino verde e l'ombrello giallo
1F,1FSUCOD,audio_914,3,Tocca il monopattino verde e l'ombrello blu
1F,1FSUCOD,audio_915,3,Tocca il monopattino verde e la bambina vestita in rosso
1F,1FSUCOD,audio_916,3,Tocca il monopattino verde e la bambina vestita in verde
1F,1FSUCOD,audio_917,3,Tocca il monopattino verde e la bambina vestita in giallo
1F,1FSUCOD,audio_918,3,Tocca il monopattino verde e la bambina vestita in blu
1F,1FSUCOD,audio_919,3,Tocca il monopattino giallo e il monopattino blu
1F,1FSUCOD,audio_920,3,Tocca il monopattino giallo e l'ombrello rosso
1F,1FSUCOD,audio_921,3,Tocca il monopattino giallo e l'ombrello verde
1F,1FSUCOD,audio_922,3,Tocca il monopattino giallo e l'ombrello giallo
1F,1FSUCOD,audio_923,3,Tocca il monopattino giallo e l'ombrello blu
1F,1FSUCOD,audio_924,3,Tocca il monopattino giallo e la bambina vestita in rosso
1F,1FSUCOD,audio_925,3,Tocca il monopattino giallo e la bambina vestita in verde
1F,1FSUCOD,audio_926,3,Tocca il monopattino giallo e la bambina vestita in giallo
1F,1FSUCOD,audio_927,3,Tocca il monopattino giallo e la bambina vestita in blu
1F,1FSUCOD,audio_928,3,Tocca il monopattino blu e l'ombrello rosso
1F,1FSUCOD,audio_929,3,Tocca il monopattino blu e l'ombrello verde
1F,1FSUCOD,audio_930,3,Tocca il monopattino blu e l'ombrello giallo
1F,1FSUCOD,audio_931,3,Tocca il monopattino blu e l'ombrello blu
1F,1FSUCOD,audio_932,3,Tocca il monopattino blu e la bambina vestita in rosso
1F,1FSUCOD,audio_933,3,Tocca il monopattino blu e la bambina vestita in verde
1F,1FSUCOD,audio_934,3,Tocca il monopattino blu e la bambina vestita in giallo
1F,1FSUCOD,audio_935,3,Tocca il monopattino blu e la bambina vestita in blu
1F,1FSUCOD,audio_936,3,Tocca l'ombrello rosso e l'ombrello verde
1F,1FSUCOD,audio_937,3,Tocca l'ombrello rosso e l'ombrello giallo
1F,1FSUCOD,audio_938,3,Tocca l'ombrello rosso e l'ombrello blu
1F,1FSUCOD,audio_939,3,Tocca l'ombrello rosso e la bambina vestita in rosso
1F,1FSUCOD,audio_940,3,Tocca l'ombrello rosso e la bambina vestita in verde
1F,1FSUCOD,audio_941,3,Tocca l'ombrello rosso e la bambina vestita in giallo
1F,1FSUCOD,audio_942,3,Tocca l'ombrello rosso e la bambina vestita in blu
1F,1FSUCOD,audio_943,3,Tocca l'ombrello verde e l'ombrello giallo
1F,1FSUCOD,audio_944,3,Tocca l'ombrello verde e l'ombrello blu
1F,1FSUCOD,audio_945,3,Tocca l'ombrello verde e la bambina vestita in rosso
1F,1FSUCOD,audio_946,3,Tocca l'ombrello verde e la bambina vestita in verde
1F,1FSUCOD,audio_947,3,Tocca l'ombrello verde e la bambina vestita in giallo
1F,1FSUCOD,audio_948,3,Tocca l'ombrello verde e la bambina vestita in blu
1F,1FSUCOD,audio_949,3,Tocca l'ombrello giallo e l'ombrello blu
1F,1FSUCOD,audio_950,3,Tocca l'ombrello giallo e la bambina vestita in rosso
1F,1FSUCOD,audio_951,3,Tocca l'ombrello giallo e la bambina vestita in verde
1F,1FSUCOD,audio_952,3,Tocca l'ombrello giallo e la bambina vestita in giallo
1F,1FSUCOD,audio_953,3,Tocca l'ombrello giallo e la bambina vestita in blu
1F,1FSUCOD,audio_954,3,Tocca l'ombrello blu e la bambina vestita in rosso
1F,1FSUCOD,audio_955,3,Tocca l'ombrello blu e la bambina vestita in verde
1F,1FSUCOD,audio_956,3,Tocca l'ombrello blu e la bambina vestita in giallo
1F,1FSUCOD,audio_957,3,Tocca l'ombrello blu e la bambina vestita in blu
1F,1FSUCOD,audio_958,3,Tocca la bambina vestita in rosso e la bambina vestita in verde
1F,1FSUCOD,audio_959,3,Tocca la bambina vestita in rosso e la bambina vestita in giallo
1F,1FSUCOD,audio_960,3,Tocca la bambina vestita in rosso e la bambina vestita in blu
1F,1FSUCOD,audio_961,3,Tocca la bambina vestita in verde e la bambina vestita in giallo
1F,1FSUCOD,audio_962,3,Tocca la bambina vestita in verde e la bambina vestita in blu
1F,1FSUCOD,audio_963,3,Tocca la bambina vestita in giallo e la bambina vestita in blu
1F,1FSUCODT,audio_964,4,Tocca insieme la scimmia rossa e la scimmia verde
1F,1FSUCODT,audio_965,4,Tocca insieme la scimmia rossa e la scimmia gialla
1F,1FSUCODT,audio_966,4,Tocca insieme la scimmia rossa e la scimmia blu
1F,1FSUCODT,audio_967,4,Tocca insieme la scimmia rossa e il leone rosso
1F,1FSUCODT,audio_968,4,Tocca insieme la scimmia rossa e il leone verde
1F,1FSUCODT,audio_969,4,Tocca insieme la scimmia rossa e il leone giallo
1F,1FSUCODT,audio_970,4,Tocca insieme la scimmia rossa e il leone blu
1F,1FSUCODT,audio_971,4,Tocca insieme la scimmia rossa e il pappagallo rosso
1F,1FSUCODT,audio_972,4,Tocca insieme la scimmia rossa e il pappagallo verde
1F,1FSUCODT,audio_973,4,Tocca insieme la scimmia rossa e il pappagallo giallo
1F,1FSUCODT,audio_974,4,Tocca insieme la scimmia rossa e il pappagallo blu
1F,1FSUCODT,audio_975,4,Tocca insieme la scimmia rossa e il polipo rosso
1F,1FSUCODT,audio_976,4,Tocca insieme la scimmia rossa e il polipo verde
1F,1FSUCODT,audio_977,4,Tocca insieme la scimmia rossa e il polipo giallo
1F,1FSUCODT,audio_978,4,Tocca insieme la scimmia rossa e il polipo blu
1F,1FSUCODT,audio_979,4,Tocca insieme la scimmia rossa e il gelato rosso
1F,1FSUCODT,audio_980,4,Tocca insieme la scimmia rossa e il gelato verde
1F,1FSUCODT,audio_981,4,Tocca insieme la scimmia rossa e il gelato giallo
1F,1FSUCODT,audio_982,4,Tocca insieme la scimmia rossa e il gelato blu
1F,1FSUCODT,audio_983,4,Tocca insieme la scimmia rossa e gli occhiali da sole rossi
1F,1FSUCODT,audio_984,4,Tocca insieme la scimmia rossa e gli occhiali da sole verdi
1F,1FSUCODT,audio_985,4,Tocca insieme la scimmia rossa e gli occhiali da sole gialli
1F,1FSUCODT,audio_986,4,Tocca insieme la scimmia rossa e gli occhiali da sole blu
1F,1FSUCODT,audio_987,4,Tocca insieme la scimmia rossa e la bicicletta rossa
1F,1FSUCODT,audio_988,4,Tocca insieme la scimmia rossa e la bicicletta verde
1F,1FSUCODT,audio_989,4,Tocca insieme la scimmia rossa e la bicicletta gialla
1F,1FSUCODT,audio_990,4,Tocca insieme la scimmia rossa e la bicicletta blu
1F,1FSUCODT,audio_991,4,Tocca insieme la scimmia rossa e il monopattino rosso
1F,1FSUCODT,audio_992,4,Tocca insieme la scimmia rossa e il monopattino verde
1F,1FSUCODT,audio_993,4,Tocca insieme la scimmia rossa e il monopattino giallo
1F,1FSUCODT,audio_994,4,Tocca insieme la scimmia rossa e il monopattino blu
1F,1FSUCODT,audio_995,4,Tocca insieme la scimmia rossa e l'ombrello rosso
1F,1FSUCODT,audio_996,4,Tocca insieme la scimmia rossa e l'ombrello verde
1F,1FSUCODT,audio_997,4,Tocca insieme la scimmia rossa e l'ombrello giallo
1F,1FSUCODT,audio_998,4,Tocca insieme la scimmia rossa e l'ombrello blu
1F,1FSUCODT,audio_999,4,Tocca insieme la scimmia rossa e la bambina vestita in rosso
1F,1FSUCODT,audio_1000,4,Tocca insieme la scimmia rossa e la bambina vestita in verde
1F,1FSUCODT,audio_1001,4,Tocca insieme la scimmia rossa e la bambina vestita in giallo
1F,1FSUCODT,audio_1002,4,Tocca insieme la scimmia rossa e la bambina vestita in blu
1F,1FSUCODT,audio_1003,4,Tocca insieme la scimmia verde e la scimmia gialla
1F,1FSUCODT,audio_1004,4,Tocca insieme la scimmia verde e la scimmia blu
1F,1FSUCODT,audio_1005,4,Tocca insieme la scimmia verde e il leone rosso
1F,1FSUCODT,audio_1006,4,Tocca insieme la scimmia verde e il leone verde
1F,1FSUCODT,audio_1007,4,Tocca insieme la scimmia verde e il leone giallo
1F,1FSUCODT,audio_1008,4,Tocca insieme la scimmia verde e il leone blu
1F,1FSUCODT,audio_1009,4,Tocca insieme la scimmia verde e il pappagallo rosso
1F,1FSUCODT,audio_1010,4,Tocca insieme la scimmia verde e il pappagallo verde
1F,1FSUCODT,audio_1011,4,Tocca insieme la scimmia verde e il pappagallo giallo
1F,1FSUCODT,audio_1012,4,Tocca insieme la scimmia verde e il pappagallo blu
1F,1FSUCODT,audio_1013,4,Tocca insieme la scimmia verde e il polipo rosso
1F,1FSUCODT,audio_1014,4,Tocca insieme la scimmia verde e il polipo verde
1F,1FSUCODT,audio_1015,4,Tocca insieme la scimmia verde e il polipo giallo
1F,1FSUCODT,audio_1016,4,Tocca insieme la scimmia verde e il polipo blu
1F,1FSUCODT,audio_1017,4,Tocca insieme la scimmia verde e il gelato rosso
1F,1FSUCODT,audio_1018,4,Tocca insieme la scimmia verde e il gelato verde
1F,1FSUCODT,audio_1019,4,Tocca insieme la scimmia verde e il gelato giallo
1F,1FSUCODT,audio_1020,4,Tocca insieme la scimmia verde e il gelato blu
1F,1FSUCODT,audio_1021,4,Tocca insieme la scimmia verde e gli occhiali da sole rossi
1F,1FSUCODT,audio_1022,4,Tocca insieme la scimmia verde e gli occhiali da sole verdi
1F,1FSUCODT,audio_1023,4,Tocca insieme la scimmia verde e gli occhiali da sole gialli
1F,1FSUCODT,audio_1024,4,Tocca insieme la scimmia verde e gli occhiali da sole blu
1F,1FSUCODT,audio_1025,4,Tocca insieme la scimmia verde e la bicicletta rossa
1F,1FSUCODT,audio_1026,4,Tocca insieme la scimmia verde e la bicicletta verde
1F,1FSUCODT,audio_1027,4,Tocca insieme la scimmia verde e la bicicletta gialla
1F,1FSUCODT,audio_1028,4,Tocca insieme la scimmia verde e la bicicletta blu
1F,1FSUCODT,audio_1029,4,Tocca insieme la scimmia verde e il monopattino rosso
1F,1FSUCODT,audio_1030,4,Tocca insieme la scimmia verde e il monopattino verde
1F,1FSUCODT,audio_1031,4,Tocca insieme la scimmia verde e il monopattino giallo
1F,1FSUCODT,audio_1032,4,Tocca insieme la scimmia verde e il monopattino blu
1F,1FSUCODT,audio_1033,4,Tocca insieme la scimmia verde e l'ombrello rosso
1F,1FSUCODT,audio_1034,4,Tocca insieme la scimmia verde e l'ombrello verde
1F,1FSUCODT,audio_1035,4,Tocca insieme la scimmia verde e l'ombrello giallo
1F,1FSUCODT,audio_1036,4,Tocca insieme la scimmia verde e l'ombrello blu
1F,1FSUCODT,audio_1037,4,Tocca insieme la scimmia verde e la bambina vestita in rosso
1F,1FSUCODT,audio_1038,4,Tocca insieme la scimmia verde e la bambina vestita in verde
1F,1FSUCODT,audio_1039,4,Tocca insieme la scimmia verde e la bambina vestita in giallo
1F,1FSUCODT,audio_1040,4,Tocca insieme la scimmia verde e la bambina vestita in blu
1F,1FSUCODT,audio_1041,4,Tocca insieme la scimmia gialla e la scimmia blu
1F,1FSUCODT,audio_1042,4,Tocca insieme la scimmia gialla e il leone rosso
1F,1FSUCODT,audio_1043,4,Tocca insieme la scimmia gialla e il leone verde
1F,1FSUCODT,audio_1044,4,Tocca insieme la scimmia gialla e il leone giallo
1F,1FSUCODT,audio_1045,4,Tocca insieme la scimmia gialla e il leone blu
1F,1FSUCODT,audio_1046,4,Tocca insieme la scimmia gialla e il pappagallo rosso
1F,1FSUCODT,audio_1047,4,Tocca insieme la scimmia gialla e il pappagallo verde
1F,1FSUCODT,audio_1048,4,Tocca insieme la scimmia gialla e il pappagallo giallo
1F,1FSUCODT,audio_1049,4,Tocca insieme la scimmia gialla e il pappagallo blu
1F,1FSUCODT,audio_1050,4,Tocca insieme la scimmia gialla e il polipo rosso
1F,1FSUCODT,audio_1051,4,Tocca insieme la scimmia gialla e il polipo verde
1F,1FSUCODT,audio_1052,4,Tocca insieme la scimmia gialla e il polipo giallo
1F,1FSUCODT,audio_1053,4,Tocca insieme la scimmia gialla e il polipo blu
1F,1FSUCODT,audio_1054,4,Tocca insieme la scimmia gialla e il gelato rosso
1F,1FSUCODT,audio_1055,4,Tocca insieme la scimmia gialla e il gelato verde
1F,1FSUCODT,audio_1056,4,Tocca insieme la scimmia gialla e il gelato giallo
1F,1FSUCODT,audio_1057,4,Tocca insieme la scimmia gialla e il gelato blu
1F,1FSUCODT,audio_1058,4,Tocca insieme la scimmia gialla e gli occhiali da sole rossi
1F,1FSUCODT,audio_1059,4,Tocca insieme la scimmia gialla e gli occhiali da sole verdi
1F,1FSUCODT,audio_1060,4,Tocca insieme la scimmia gialla e gli occhiali da sole gialli
1F,1FSUCODT,audio_1061,4,Tocca insieme la scimmia gialla e gli occhiali da sole blu
1F,1FSUCODT,audio_1062,4,Tocca insieme la scimmia gialla e la bicicletta rossa
1F,1FSUCODT,audio_1063,4,Tocca insieme la scimmia gialla e la bicicletta verde
1F,1FSUCODT,audio_1064,4,Tocca insieme la scimmia gialla e la bicicletta gialla
1F,1FSUCODT,audio_1065,4,Tocca insieme la scimmia gialla e la bicicletta blu
1F,1FSUCODT,audio_1066,4,Tocca insieme la scimmia gialla e il monopattino rosso
1F,1FSUCODT,audio_1067,4,Tocca insieme la scimmia gialla e il monopattino verde
1F,1FSUCODT,audio_1068,4,Tocca insieme la scimmia gialla e il monopattino giallo
1F,1FSUCODT,audio_1069,4,Tocca insieme la scimmia gialla e il monopattino blu
1F,1FSUCODT,audio_1070,4,Tocca insieme la scimmia gialla e l'ombrello rosso
1F,1FSUCODT,audio_1071,4,Tocca insieme la scimmia gialla e l'ombrello verde
1F,1FSUCODT,audio_1072,4,Tocca insieme la scimmia gialla e l'ombrello giallo
1F,1FSUCODT,audio_1073,4,Tocca insieme la scimmia gialla e l'ombrello blu
1F,1FSUCODT,audio_1074,4,Tocca insieme la scimmia gialla e la bambina vestita in rosso
1F,1FSUCODT,audio_1075,4,Tocca insieme la scimmia gialla e la bambina vestita in verde
1F,1FSUCODT,audio_1076,4,Tocca insieme la scimmia gialla e la bambina vestita in giallo
1F,1FSUCODT,audio_1077,4,Tocca insieme la scimmia gialla e la bambina vestita in blu
1F,1FSUCODT,audio_1078,4,Tocca insieme la scimmia blu e il leone rosso
1F,1FSUCODT,audio_1079,4,Tocca insieme la scimmia blu e il leone verde
1F,1FSUCODT,audio_1080,4,Tocca insieme la scimmia blu e il leone giallo
1F,1FSUCODT,audio_1081,4,Tocca insieme la scimmia blu e il leone blu
1F,1FSUCODT,audio_1082,4,Tocca insieme la scimmia blu e il pappagallo rosso
1F,1FSUCODT,audio_1083,4,Tocca insieme la scimmia blu e il pappagallo verde
1F,1FSUCODT,audio_1084,4,Tocca insieme la scimmia blu e il pappagallo giallo
1F,1FSUCODT,audio_1085,4,Tocca insieme la scimmia blu e il pappagallo blu
1F,1FSUCODT,audio_1086,4,Tocca insieme la scimmia blu e il polipo rosso
1F,1FSUCODT,audio_1087,4,Tocca insieme la scimmia blu e il polipo verde
1F,1FSUCODT,audio_1088,4,Tocca insieme la scimmia blu e il polipo giallo
1F,1FSUCODT,audio_1089,4,Tocca insieme la scimmia blu e il polipo blu
1F,1FSUCODT,audio_1090,4,Tocca insieme la scimmia blu e il gelato rosso
1F,1FSUCODT,audio_1091,4,Tocca insieme la scimmia blu e il gelato verde
1F,1FSUCODT,audio_1092,4,Tocca insieme la scimmia blu e il gelato giallo
1F,1FSUCODT,audio_1093,4,Tocca insieme la scimmia blu e il gelato blu
1F,1FSUCODT,audio_1094,4,Tocca insieme la scimmia blu e gli occhiali da sole rossi
1F,1FSUCODT,audio_1095,4,Tocca insieme la scimmia blu e gli occhiali da sole verdi
1F,1FSUCODT,audio_1096,4,Tocca insieme la scimmia blu e gli occhiali da sole gialli
1F,1FSUCODT,audio_1097,4,Tocca insieme la scimmia blu e gli occhiali da sole blu
1F,1FSUCODT,audio_1098,4,Tocca insieme la scimmia blu e la bicicletta rossa
1F,1FSUCODT,audio_1099,4,Tocca insieme la scimmia blu e la bicicletta verde
1F,1FSUCODT,audio_1100,4,Tocca insieme la scimmia blu e la bicicletta gialla
1F,1FSUCODT,audio_1101,4,Tocca insieme la scimmia blu e la bicicletta blu
1F,1FSUCODT,audio_1102,4,Tocca insieme la scimmia blu e il monopattino rosso
1F,1FSUCODT,audio_1103,4,Tocca insieme la scimmia blu e il monopattino verde
1F,1FSUCODT,audio_1104,4,Tocca insieme la scimmia blu e il monopattino giallo
1F,1FSUCODT,audio_1105,4,Tocca insieme la scimmia blu e il monopattino blu
1F,1FSUCODT,audio_1106,4,Tocca insieme la scimmia blu e l'ombrello rosso
1F,1FSUCODT,audio_1107,4,Tocca insieme la scimmia blu e l'ombrello verde
1F,1FSUCODT,audio_1108,4,Tocca insieme la scimmia blu e l'ombrello giallo
1F,1FSUCODT,audio_1109,4,Tocca insieme la scimmia blu e l'ombrello blu
1F,1FSUCODT,audio_1110,4,Tocca insieme la scimmia blu e la bambina vestita in rosso
1F,1FSUCODT,audio_1111,4,Tocca insieme la scimmia blu e la bambina vestita in verde
1F,1FSUCODT,audio_1112,4,Tocca insieme la scimmia blu e la bambina vestita in giallo
1F,1FSUCODT,audio_1113,4,Tocca insieme la scimmia blu e la bambina vestita in blu
1F,1FSUCODT,audio_1114,4,Tocca insieme il leone rosso e il leone verde
1F,1FSUCODT,audio_1115,4,Tocca insieme il leone rosso e il leone giallo
1F,1FSUCODT,audio_1116,4,Tocca insieme il leone rosso e il leone blu
1F,1FSUCODT,audio_1117,4,Tocca insieme il leone rosso e il pappagallo rosso
1F,1FSUCODT,audio_1118,4,Tocca insieme il leone rosso e il pappagallo verde
1F,1FSUCODT,audio_1119,4,Tocca insieme il leone rosso e il pappagallo giallo
1F,1FSUCODT,audio_1120,4,Tocca insieme il leone rosso e il pappagallo blu
1F,1FSUCODT,audio_1121,4,Tocca insieme il leone rosso e il polipo rosso
1F,1FSUCODT,audio_1122,4,Tocca insieme il leone rosso e il polipo verde
1F,1FSUCODT,audio_1123,4,Tocca insieme il leone rosso e il polipo giallo
1F,1FSUCODT,audio_1124,4,Tocca insieme il leone rosso e il polipo blu
1F,1FSUCODT,audio_1125,4,Tocca insieme il leone rosso e il gelato rosso
1F,1FSUCODT,audio_1126,4,Tocca insieme il leone rosso e il gelato verde
1F,1FSUCODT,audio_1127,4,Tocca insieme il leone rosso e il gelato giallo
1F,1FSUCODT,audio_1128,4,Tocca insieme il leone rosso e il gelato blu
1F,1FSUCODT,audio_1129,4,Tocca insieme il leone rosso e gli occhiali da sole rossi
1F,1FSUCODT,audio_1130,4,Tocca insieme il leone rosso e gli occhiali da sole verdi
1F,1FSUCODT,audio_1131,4,Tocca insieme il leone rosso e gli occhiali da sole gialli
1F,1FSUCODT,audio_1132,4,Tocca insieme il leone rosso e gli occhiali da sole blu
1F,1FSUCODT,audio_1133,4,Tocca insieme il leone rosso e la bicicletta rossa
1F,1FSUCODT,audio_1134,4,Tocca insieme il leone rosso e la bicicletta verde
1F,1FSUCODT,audio_1135,4,Tocca insieme il leone rosso e la bicicletta gialla
1F,1FSUCODT,audio_1136,4,Tocca insieme il leone rosso e la bicicletta blu
1F,1FSUCODT,audio_1137,4,Tocca insieme il leone rosso e il monopattino rosso
1F,1FSUCODT,audio_1138,4,Tocca insieme il leone rosso e il monopattino verde
1F,1FSUCODT,audio_1139,4,Tocca insieme il leone rosso e il monopattino giallo
1F,1FSUCODT,audio_1140,4,Tocca insieme il leone rosso e il monopattino blu
1F,1FSUCODT,audio_1141,4,Tocca insieme il leone rosso e l'ombrello rosso
1F,1FSUCODT,audio_1142,4,Tocca insieme il leone rosso e l'ombrello verde
1F,1FSUCODT,audio_1143,4,Tocca insieme il leone rosso e l'ombrello giallo
1F,1FSUCODT,audio_1144,4,Tocca insieme il leone rosso e l'ombrello blu
1F,1FSUCODT,audio_1145,4,Tocca insieme il leone rosso e la bambina vestita in rosso
1F,1FSUCODT,audio_1146,4,Tocca insieme il leone rosso e la bambina vestita in verde
1F,1FSUCODT,audio_1147,4,Tocca insieme il leone rosso e la bambina vestita in giallo
1F,1FSUCODT,audio_1148,4,Tocca insieme il leone rosso e la bambina vestita in blu
1F,1FSUCODT,audio_1149,4,Tocca insieme il leone verde e il leone giallo
1F,1FSUCODT,audio_1150,4,Tocca insieme il leone verde e il leone blu
1F,1FSUCODT,audio_1151,4,Tocca insieme il leone verde e il pappagallo rosso
1F,1FSUCODT,audio_1152,4,Tocca insieme il leone verde e il pappagallo verde
1F,1FSUCODT,audio_1153,4,Tocca insieme il leone verde e il pappagallo giallo
1F,1FSUCODT,audio_1154,4,Tocca insieme il leone verde e il pappagallo blu
1F,1FSUCODT,audio_1155,4,Tocca insieme il leone verde e il polipo rosso
1F,1FSUCODT,audio_1156,4,Tocca insieme il leone verde e il polipo verde
1F,1FSUCODT,audio_1157,4,Tocca insieme il leone verde e il polipo giallo
1F,1FSUCODT,audio_1158,4,Tocca insieme il leone verde e il polipo blu
1F,1FSUCODT,audio_1159,4,Tocca insieme il leone verde e il gelato rosso
1F,1FSUCODT,audio_1160,4,Tocca insieme il leone verde e il gelato verde
1F,1FSUCODT,audio_1161,4,Tocca insieme il leone verde e il gelato giallo
1F,1FSUCODT,audio_1162,4,Tocca insieme il leone verde e il gelato blu
1F,1FSUCODT,audio_1163,4,Tocca insieme il leone verde e gli occhiali da sole rossi
1F,1FSUCODT,audio_1164,4,Tocca insieme il leone verde e gli occhiali da sole verdi
1F,1FSUCODT,audio_1165,4,Tocca insieme il leone verde e gli occhiali da sole gialli
1F,1FSUCODT,audio_1166,4,Tocca insieme il leone verde e gli occhiali da sole blu
1F,1FSUCODT,audio_1167,4,Tocca insieme il leone verde e la bicicletta rossa
1F,1FSUCODT,audio_1168,4,Tocca insieme il leone verde e la bicicletta verde
1F,1FSUCODT,audio_1169,4,Tocca insieme il leone verde e la bicicletta gialla
1F,1FSUCODT,audio_1170,4,Tocca insieme il leone verde e la bicicletta blu
1F,1FSUCODT,audio_1171,4,Tocca insieme il leone verde e il monopattino rosso
1F,1FSUCODT,audio_1172,4,Tocca insieme il leone verde e il monopattino verde
1F,1FSUCODT,audio_1173,4,Tocca insieme il leone verde e il monopattino giallo
1F,1FSUCODT,audio_1174,4,Tocca insieme il leone verde e il monopattino blu
1F,1FSUCODT,audio_1175,4,Tocca insieme il leone verde e l'ombrello rosso
1F,1FSUCODT,audio_1176,4,Tocca insieme il leone verde e l'ombrello verde
1F,1FSUCODT,audio_1177,4,Tocca insieme il leone verde e l'ombrello giallo
1F,1FSUCODT,audio_1178,4,Tocca insieme il leone verde e l'ombrello blu
1F,1FSUCODT,audio_1179,4,Tocca insieme il leone verde e la bambina vestita in rosso
1F,1FSUCODT,audio_1180,4,Tocca insieme il leone verde e la bambina vestita in verde
1F,1FSUCODT,audio_1181,4,Tocca insieme il leone verde e la bambina vestita in giallo
1F,1FSUCODT,audio_1182,4,Tocca insieme il leone verde e la bambina vestita in blu
1F,1FSUCODT,audio_1183,4,Tocca insieme il leone giallo e il leone blu
1F,1FSUCODT,audio_1184,4,Tocca insieme il leone giallo e il pappagallo rosso
1F,1FSUCODT,audio_1185,4,Tocca insieme il leone giallo e il pappagallo verde
1F,1FSUCODT,audio_1186,4,Tocca insieme il leone giallo e il pappagallo giallo
1F,1FSUCODT,audio_1187,4,Tocca insieme il leone giallo e il pappagallo blu
1F,1FSUCODT,audio_1188,4,Tocca insieme il leone giallo e il polipo rosso
1F,1FSUCODT,audio_1189,4,Tocca insieme il leone giallo e il polipo verde
1F,1FSUCODT,audio_1190,4,Tocca insieme il leone giallo e il polipo giallo
1F,1FSUCODT,audio_1191,4,Tocca insieme il leone giallo e il polipo blu
1F,1FSUCODT,audio_1192,4,Tocca insieme il leone giallo e il gelato rosso
1F,1FSUCODT,audio_1193,4,Tocca insieme il leone giallo e il gelato verde
1F,1FSUCODT,audio_1194,4,Tocca insieme il leone giallo e il gelato giallo
1F,1FSUCODT,audio_1195,4,Tocca insieme il leone giallo e il gelato blu
1F,1FSUCODT,audio_1196,4,Tocca insieme il leone giallo e gli occhiali da sole rossi
1F,1FSUCODT,audio_1197,4,Tocca insieme il leone giallo e gli occhiali da sole verdi
1F,1FSUCODT,audio_1198,4,Tocca insieme il leone giallo e gli occhiali da sole gialli
1F,1FSUCODT,audio_1199,4,Tocca insieme il leone giallo e gli occhiali da sole blu
1F,1FSUCODT,audio_1200,4,Tocca insieme il leone giallo e la bicicletta rossa
1F,1FSUCODT,audio_1201,4,Tocca insieme il leone giallo e la bicicletta verde
1F,1FSUCODT,audio_1202,4,Tocca insieme il leone giallo e la bicicletta gialla
1F,1FSUCODT,audio_1203,4,Tocca insieme il leone giallo e la bicicletta blu
1F,1FSUCODT,audio_1204,4,Tocca insieme il leone giallo e il monopattino rosso
1F,1FSUCODT,audio_1205,4,Tocca insieme il leone giallo e il monopattino verde
1F,1FSUCODT,audio_1206,4,Tocca insieme il leone giallo e il monopattino giallo
1F,1FSUCODT,audio_1207,4,Tocca insieme il leone giallo e il monopattino blu
1F,1FSUCODT,audio_1208,4,Tocca insieme il leone giallo e l'ombrello rosso
1F,1FSUCODT,audio_1209,4,Tocca insieme il leone giallo e l'ombrello verde
1F,1FSUCODT,audio_1210,4,Tocca insieme il leone giallo e l'ombrello giallo
1F,1FSUCODT,audio_1211,4,Tocca insieme il leone giallo e l'ombrello blu
1F,1FSUCODT,audio_1212,4,Tocca insieme il leone giallo e la bambina vestita in rosso
1F,1FSUCODT,audio_1213,4,Tocca insieme il leone giallo e la bambina vestita in verde
1F,1FSUCODT,audio_1214,4,Tocca insieme il leone giallo e la bambina vestita in giallo
1F,1FSUCODT,audio_1215,4,Tocca insieme il leone giallo e la bambina vestita in blu
1F,1FSUCODT,audio_1216,4,Tocca insieme il leone blu e il pappagallo rosso
1F,1FSUCODT,audio_1217,4,Tocca insieme il leone blu e il pappagallo verde
1F,1FSUCODT,audio_1218,4,Tocca insieme il leone blu e il pappagallo giallo
1F,1FSUCODT,audio_1219,4,Tocca insieme il leone blu e il pappagallo blu
1F,1FSUCODT,audio_1220,4,Tocca insieme il leone blu e il polipo rosso
1F,1FSUCODT,audio_1221,4,Tocca insieme il leone blu e il polipo verde
1F,1FSUCODT,audio_1222,4,Tocca insieme il leone blu e il polipo giallo
1F,1FSUCODT,audio_1223,4,Tocca insieme il leone blu e il polipo blu
1F,1FSUCODT,audio_1224,4,Tocca insieme il leone blu e il gelato rosso
1F,1FSUCODT,audio_1225,4,Tocca insieme il leone blu e il gelato verde
1F,1FSUCODT,audio_1226,4,Tocca insieme il leone blu e il gelato giallo
1F,1FSUCODT,audio_1227,4,Tocca insieme il leone blu e il gelato blu
1F,1FSUCODT,audio_1228,4,Tocca insieme il leone blu e gli occhiali da sole rossi
1F,1FSUCODT,audio_1229,4,Tocca insieme il leone blu e gli occhiali da sole verdi
1F,1FSUCODT,audio_1230,4,Tocca insieme il leone blu e gli occhiali da sole gialli
1F,1FSUCODT,audio_1231,4,Tocca insieme il leone blu e gli occhiali da sole blu
1F,1FSUCODT,audio_1232,4,Tocca insieme il leone blu e la bicicletta rossa
1F,1FSUCODT,audio_1233,4,Tocca insieme il leone blu e la bicicletta verde
1F,1FSUCODT,audio_1234,4,Tocca insieme il leone blu e la bicicletta gialla
1F,1FSUCODT,audio_1235,4,Tocca insieme il leone blu e la bicicletta blu
1F,1FSUCODT,audio_1236,4,Tocca insieme il leone blu e il monopattino rosso
1F,1FSUCODT,audio_1237,4,Tocca insieme il leone blu e il monopattino verde
1F,1FSUCODT,audio_1238,4,Tocca insieme il leone blu e il monopattino giallo
1F,1FSUCODT,audio_1239,4,Tocca insieme il leone blu e il monopattino blu
1F,1FSUCODT,audio_1240,4,Tocca insieme il leone blu e l'ombrello rosso
1F,1FSUCODT,audio_1241,4,Tocca insieme il leone blu e l'ombrello verde
1F,1FSUCODT,audio_1242,4,Tocca insieme il leone blu e l'ombrello giallo
1F,1FSUCODT,audio_1243,4,Tocca insieme il leone blu e l'ombrello blu
1F,1FSUCODT,audio_1244,4,Tocca insieme il leone blu e la bambina vestita in rosso
1F,1FSUCODT,audio_1245,4,Tocca insieme il leone blu e la bambina vestita in verde
1F,1FSUCODT,audio_1246,4,Tocca insieme il leone blu e la bambina vestita in giallo
1F,1FSUCODT,audio_1247,4,Tocca insieme il leone blu e la bambina vestita in blu
1F,1FSUCODT,audio_1248,4,Tocca insieme il pappagallo rosso e il pappagallo verde
1F,1FSUCODT,audio_1249,4,Tocca insieme il pappagallo rosso e il pappagallo giallo
1F,1FSUCODT,audio_1250,4,Tocca insieme il pappagallo rosso e il pappagallo blu
1F,1FSUCODT,audio_1251,4,Tocca insieme il pappagallo rosso e il polipo rosso
1F,1FSUCODT,audio_1252,4,Tocca insieme il pappagallo rosso e il polipo verde
1F,1FSUCODT,audio_1253,4,Tocca insieme il pappagallo rosso e il polipo giallo
1F,1FSUCODT,audio_1254,4,Tocca insieme il pappagallo rosso e il polipo blu
1F,1FSUCODT,audio_1255,4,Tocca insieme il pappagallo rosso e il gelato rosso
1F,1FSUCODT,audio_1256,4,Tocca insieme il pappagallo rosso e il gelato verde
1F,1FSUCODT,audio_1257,4,Tocca insieme il pappagallo rosso e il gelato giallo
1F,1FSUCODT,audio_1258,4,Tocca insieme il pappagallo rosso e il gelato blu
1F,1FSUCODT,audio_1259,4,Tocca insieme il pappagallo rosso e gli occhiali da sole rossi
1F,1FSUCODT,audio_1260,4,Tocca insieme il pappagallo rosso e gli occhiali da sole verdi
1F,1FSUCODT,audio_1261,4,Tocca insieme il pappagallo rosso e gli occhiali da sole gialli
1F,1FSUCODT,audio_1262,4,Tocca insieme il pappagallo rosso e gli occhiali da sole blu
1F,1FSUCODT,audio_1263,4,Tocca insieme il pappagallo rosso e la bicicletta rossa
1F,1FSUCODT,audio_1264,4,Tocca insieme il pappagallo rosso e la bicicletta verde
1F,1FSUCODT,audio_1265,4,Tocca insieme il pappagallo rosso e la bicicletta gialla
1F,1FSUCODT,audio_1266,4,Tocca insieme il pappagallo rosso e la bicicletta blu
1F,1FSUCODT,audio_1267,4,Tocca insieme il pappagallo rosso e il monopattino rosso
1F,1FSUCODT,audio_1268,4,Tocca insieme il pappagallo rosso e il monopattino verde
1F,1FSUCODT,audio_1269,4,Tocca insieme il pappagallo rosso e il monopattino giallo
1F,1FSUCODT,audio_1270,4,Tocca insieme il pappagallo rosso e il monopattino blu
1F,1FSUCODT,audio_1271,4,Tocca insieme il pappagallo rosso e l'ombrello rosso
1F,1FSUCODT,audio_1272,4,Tocca insieme il pappagallo rosso e l'ombrello verde
1F,1FSUCODT,audio_1273,4,Tocca insieme il pappagallo rosso e l'ombrello giallo
1F,1FSUCODT,audio_1274,4,Tocca insieme il pappagallo rosso e l'ombrello blu
1F,1FSUCODT,audio_1275,4,Tocca insieme il pappagallo rosso e la bambina vestita in rosso
1F,1FSUCODT,audio_1276,4,Tocca insieme il pappagallo rosso e la bambina vestita in verde
1F,1FSUCODT,audio_1277,4,Tocca insieme il pappagallo rosso e la bambina vestita in giallo
1F,1FSUCODT,audio_1278,4,Tocca insieme il pappagallo rosso e la bambina vestita in blu
1F,1FSUCODT,audio_1279,4,Tocca insieme il pappagallo verde e il pappagallo giallo
1F,1FSUCODT,audio_1280,4,Tocca insieme il pappagallo verde e il pappagallo blu
1F,1FSUCODT,audio_1281,4,Tocca insieme il pappagallo verde e il polipo rosso
1F,1FSUCODT,audio_1282,4,Tocca insieme il pappagallo verde e il polipo verde
1F,1FSUCODT,audio_1283,4,Tocca insieme il pappagallo verde e il polipo giallo
1F,1FSUCODT,audio_1284,4,Tocca insieme il pappagallo verde e il polipo blu
1F,1FSUCODT,audio_1285,4,Tocca insieme il pappagallo verde e il gelato rosso
1F,1FSUCODT,audio_1286,4,Tocca insieme il pappagallo verde e il gelato verde
1F,1FSUCODT,audio_1287,4,Tocca insieme il pappagallo verde e il gelato giallo
1F,1FSUCODT,audio_1288,4,Tocca insieme il pappagallo verde e il gelato blu
1F,1FSUCODT,audio_1289,4,Tocca insieme il pappagallo verde e gli occhiali da sole rossi
1F,1FSUCODT,audio_1290,4,Tocca insieme il pappagallo verde e gli occhiali da sole verdi
1F,1FSUCODT,audio_1291,4,Tocca insieme il pappagallo verde e gli occhiali da sole gialli
1F,1FSUCODT,audio_1292,4,Tocca insieme il pappagallo verde e gli occhiali da sole blu
1F,1FSUCODT,audio_1293,4,Tocca insieme il pappagallo verde e la bicicletta rossa
1F,1FSUCODT,audio_1294,4,Tocca insieme il pappagallo verde e la bicicletta verde
1F,1FSUCODT,audio_1295,4,Tocca insieme il pappagallo verde e la bicicletta gialla
1F,1FSUCODT,audio_1296,4,Tocca insieme il pappagallo verde e la bicicletta blu
1F,1FSUCODT,audio_1297,4,Tocca insieme il pappagallo verde e il monopattino rosso
1F,1FSUCODT,audio_1298,4,Tocca insieme il pappagallo verde e il monopattino verde
1F,1FSUCODT,audio_1299,4,Tocca insieme il pappagallo verde e il monopattino giallo
1F,1FSUCODT,audio_1300,4,Tocca insieme il pappagallo verde e il monopattino blu
1F,1FSUCODT,audio_1301,4,Tocca insieme il pappagallo verde e l'ombrello rosso
1F,1FSUCODT,audio_1302,4,Tocca insieme il pappagallo verde e l'ombrello verde
1F,1FSUCODT,audio_1303,4,Tocca insieme il pappagallo verde e l'ombrello giallo
1F,1FSUCODT,audio_1304,4,Tocca insieme il pappagallo verde e l'ombrello blu
1F,1FSUCODT,audio_1305,4,Tocca insieme il pappagallo verde e la bambina vestita in rosso
1F,1FSUCODT,audio_1306,4,Tocca insieme il pappagallo verde e la bambina vestita in verde
1F,1FSUCODT,audio_1307,4,Tocca insieme il pappagallo verde e la bambina vestita in giallo
1F,1FSUCODT,audio_1308,4,Tocca insieme il pappagallo verde e la bambina vestita in blu
1F,1FSUCODT,audio_1309,4,Tocca insieme il pappagallo giallo e il pappagallo blu
1F,1FSUCODT,audio_1310,4,Tocca insieme il pappagallo giallo e il polipo rosso
1F,1FSUCODT,audio_1311,4,Tocca insieme il pappagallo giallo e il polipo verde
1F,1FSUCODT,audio_1312,4,Tocca insieme il pappagallo giallo e il polipo giallo
1F,1FSUCODT,audio_1313,4,Tocca insieme il pappagallo giallo e il polipo blu
1F,1FSUCODT,audio_1314,4,Tocca insieme il pappagallo giallo e il gelato rosso
1F,1FSUCODT,audio_1315,4,Tocca insieme il pappagallo giallo e il gelato verde
1F,1FSUCODT,audio_1316,4,Tocca insieme il pappagallo giallo e il gelato giallo
1F,1FSUCODT,audio_1317,4,Tocca insieme il pappagallo giallo e il gelato blu
1F,1FSUCODT,audio_1318,4,Tocca insieme il pappagallo giallo e gli occhiali da sole rossi
1F,1FSUCODT,audio_1319,4,Tocca insieme il pappagallo giallo e gli occhiali da sole verdi
1F,1FSUCODT,audio_1320,4,Tocca insieme il pappagallo giallo e gli occhiali da sole gialli
1F,1FSUCODT,audio_1321,4,Tocca insieme il pappagallo giallo e gli occhiali da sole blu
1F,1FSUCODT,audio_1322,4,Tocca insieme il pappagallo giallo e la bicicletta rossa
1F,1FSUCODT,audio_1323,4,Tocca insieme il pappagallo giallo e la bicicletta verde
1F,1FSUCODT,audio_1324,4,Tocca insieme il pappagallo giallo e la bicicletta gialla
1F,1FSUCODT,audio_1325,4,Tocca insieme il pappagallo giallo e la bicicletta blu
1F,1FSUCODT,audio_1326,4,Tocca insieme il pappagallo giallo e il monopattino rosso
1F,1FSUCODT,audio_1327,4,Tocca insieme il pappagallo giallo e il monopattino verde
1F,1FSUCODT,audio_1328,4,Tocca insieme il pappagallo giallo e il monopattino giallo
1F,1FSUCODT,audio_1329,4,Tocca insieme il pappagallo giallo e il monopattino blu
1F,1FSUCODT,audio_1330,4,Tocca insieme il pappagallo giallo e l'ombrello rosso
1F,1FSUCODT,audio_1331,4,Tocca insieme il pappagallo giallo e l'ombrello verde
1F,1FSUCODT,audio_1332,4,Tocca insieme il pappagallo giallo e l'ombrello giallo
1F,1FSUCODT,audio_1333,4,Tocca insieme il pappagallo giallo e l'ombrello blu
1F,1FSUCODT,audio_1334,4,Tocca insieme il pappagallo giallo e la bambina vestita in rosso
1F,1FSUCODT,audio_1335,4,Tocca insieme il pappagallo giallo e la bambina vestita in verde
1F,1FSUCODT,audio_1336,4,Tocca insieme il pappagallo giallo e la bambina vestita in giallo
1F,1FSUCODT,audio_1337,4,Tocca insieme il pappagallo giallo e la bambina vestita in blu
1F,1FSUCODT,audio_1338,4,Tocca insieme il pappagallo blu e il polipo rosso
1F,1FSUCODT,audio_1339,4,Tocca insieme il pappagallo blu e il polipo verde
1F,1FSUCODT,audio_1340,4,Tocca insieme il pappagallo blu e il polipo giallo
1F,1FSUCODT,audio_1341,4,Tocca insieme il pappagallo blu e il polipo blu
1F,1FSUCODT,audio_1342,4,Tocca insieme il pappagallo blu e il gelato rosso
1F,1FSUCODT,audio_1343,4,Tocca insieme il pappagallo blu e il gelato verde
1F,1FSUCODT,audio_1344,4,Tocca insieme il pappagallo blu e il gelato giallo
1F,1FSUCODT,audio_1345,4,Tocca insieme il pappagallo blu e il gelato blu
1F,1FSUCODT,audio_1346,4,Tocca insieme il pappagallo blu e gli occhiali da sole rossi
1F,1FSUCODT,audio_1347,4,Tocca insieme il pappagallo blu e gli occhiali da sole verdi
1F,1FSUCODT,audio_1348,4,Tocca insieme il pappagallo blu e gli occhiali da sole gialli
1F,1FSUCODT,audio_1349,4,Tocca insieme il pappagallo blu e gli occhiali da sole blu
1F,1FSUCODT,audio_1350,4,Tocca insieme il pappagallo blu e la bicicletta rossa
1F,1FSUCODT,audio_1351,4,Tocca insieme il pappagallo blu e la bicicletta verde
1F,1FSUCODT,audio_1352,4,Tocca insieme il pappagallo blu e la bicicletta gialla
1F,1FSUCODT,audio_1353,4,Tocca insieme il pappagallo blu e la bicicletta blu
1F,1FSUCODT,audio_1354,4,Tocca insieme il pappagallo blu e il monopattino rosso
1F,1FSUCODT,audio_1355,4,Tocca insieme il pappagallo blu e il monopattino verde
1F,1FSUCODT,audio_1356,4,Tocca insieme il pappagallo blu e il monopattino giallo
1F,1FSUCODT,audio_1357,4,Tocca insieme il pappagallo blu e il monopattino blu
1F,1FSUCODT,audio_1358,4,Tocca insieme il pappagallo blu e l'ombrello rosso
1F,1FSUCODT,audio_1359,4,Tocca insieme il pappagallo blu e l'ombrello verde
1F,1FSUCODT,audio_1360,4,Tocca insieme il pappagallo blu e l'ombrello giallo
1F,1FSUCODT,audio_1361,4,Tocca insieme il pappagallo blu e l'ombrello blu
1F,1FSUCODT,audio_1362,4,Tocca insieme il pappagallo blu e la bambina vestita in rosso
1F,1FSUCODT,audio_1363,4,Tocca insieme il pappagallo blu e la bambina vestita in verde
1F,1FSUCODT,audio_1364,4,Tocca insieme il pappagallo blu e la bambina vestita in giallo
1F,1FSUCODT,audio_1365,4,Tocca insieme il pappagallo blu e la bambina vestita in blu
1F,1FSUCODT,audio_1366,4,Tocca insieme il polipo rosso e il polipo verde
1F,1FSUCODT,audio_1367,4,Tocca insieme il polipo rosso e il polipo giallo
1F,1FSUCODT,audio_1368,4,Tocca insieme il polipo rosso e il polipo blu
1F,1FSUCODT,audio_1369,4,Tocca insieme il polipo rosso e il gelato rosso
1F,1FSUCODT,audio_1370,4,Tocca insieme il polipo rosso e il gelato verde
1F,1FSUCODT,audio_1371,4,Tocca insieme il polipo rosso e il gelato giallo
1F,1FSUCODT,audio_1372,4,Tocca insieme il polipo rosso e il gelato blu
1F,1FSUCODT,audio_1373,4,Tocca insieme il polipo rosso e gli occhiali da sole rossi
1F,1FSUCODT,audio_1374,4,Tocca insieme il polipo rosso e gli occhiali da sole verdi
1F,1FSUCODT,audio_1375,4,Tocca insieme il polipo rosso e gli occhiali da sole gialli
1F,1FSUCODT,audio_1376,4,Tocca insieme il polipo rosso e gli occhiali da sole blu
1F,1FSUCODT,audio_1377,4,Tocca insieme il polipo rosso e la bicicletta rossa
1F,1FSUCODT,audio_1378,4,Tocca insieme il polipo rosso e la bicicletta verde
1F,1FSUCODT,audio_1379,4,Tocca insieme il polipo rosso e la bicicletta gialla
1F,1FSUCODT,audio_1380,4,Tocca insieme il polipo rosso e la bicicletta blu
1F,1FSUCODT,audio_1381,4,Tocca insieme il polipo rosso e il monopattino rosso
1F,1FSUCODT,audio_1382,4,Tocca insieme il polipo rosso e il monopattino verde
1F,1FSUCODT,audio_1383,4,Tocca insieme il polipo rosso e il monopattino giallo
1F,1FSUCODT,audio_1384,4,Tocca insieme il polipo rosso e il monopattino blu
1F,1FSUCODT,audio_1385,4,Tocca insieme il polipo rosso e l'ombrello rosso
1F,1FSUCODT,audio_1386,4,Tocca insieme il polipo rosso e l'ombrello verde
1F,1FSUCODT,audio_1387,4,Tocca insieme il polipo rosso e l'ombrello giallo
1F,1FSUCODT,audio_1388,4,Tocca insieme il polipo rosso e l'ombrello blu
1F,1FSUCODT,audio_1389,4,Tocca insieme il polipo rosso e la bambina vestita in rosso
1F,1FSUCODT,audio_1390,4,Tocca insieme il polipo rosso e la bambina vestita in verde
1F,1FSUCODT,audio_1391,4,Tocca insieme il polipo rosso e la bambina vestita in giallo
1F,1FSUCODT,audio_1392,4,Tocca insieme il polipo rosso e la bambina vestita in blu
1F,1FSUCODT,audio_1393,4,Tocca insieme il polipo verde e il polipo giallo
1F,1FSUCODT,audio_1394,4,Tocca insieme il polipo verde e il polipo blu
1F,1FSUCODT,audio_1395,4,Tocca insieme il polipo verde e la scimmia rossa
1F,1FSUCODT,audio_1396,4,Tocca insieme il polipo verde e la scimmia verde
1F,1FSUCODT,audio_1397,4,Tocca insieme il polipo verde e la scimmia gialla
1F,1FSUCODT,audio_1398,4,Tocca insieme il polipo verde e il scimmia blu
1F,1FSUCODT,audio_1399,4,Tocca insieme il polipo verde e il leone rosso
1F,1FSUCODT,audio_1400,4,Tocca insieme il polipo verde e il leone verde
1F,1FSUCODT,audio_1401,4,Tocca insieme il polipo verde e il leone giallo
1F,1FSUCODT,audio_1402,4,Tocca insieme il polipo verde e il leone blu
1F,1FSUCODT,audio_1403,4,Tocca insieme il polipo verde e il pappagallo rosso
1F,1FSUCODT,audio_1404,4,Tocca insieme il polipo verde e il pappagallo verde
1F,1FSUCODT,audio_1405,4,Tocca insieme il polipo verde e il pappagallo giallo
1F,1FSUCODT,audio_1406,4,Tocca insieme il polipo verde e il pappagallo blu
1F,1FSUCODT,audio_1407,4,Tocca insieme il polipo verde e il polipo giallo
1F,1FSUCODT,audio_1408,4,Tocca insieme il polipo verde e il polipo blu
1F,1FSUCODT,audio_1409,4,Tocca insieme il polipo verde e il gelato rosso
1F,1FSUCODT,audio_1410,4,Tocca insieme il polipo verde e il gelato verde
1F,1FSUCODT,audio_1411,4,Tocca insieme il polipo verde e il gelato giallo
1F,1FSUCODT,audio_1412,4,Tocca insieme il polipo verde e il gelato blu
1F,1FSUCODT,audio_1413,4,Tocca insieme il polipo verde e gli occhiali da sole rossi
1F,1FSUCODT,audio_1414,4,Tocca insieme il polipo verde e gli occhiali da sole verdi
1F,1FSUCODT,audio_1415,4,Tocca insieme il polipo verde e gli occhiali da sole gialli
1F,1FSUCODT,audio_1416,4,Tocca insieme il polipo verde e gli occhiali da sole blu
1F,1FSUCODT,audio_1417,4,Tocca insieme il polipo verde e la bicicletta rossa
1F,1FSUCODT,audio_1418,4,Tocca insieme il polipo verde e la bicicletta verde
1F,1FSUCODT,audio_1419,4,Tocca insieme il polipo verde e la bicicletta gialla
1F,1FSUCODT,audio_1420,4,Tocca insieme il polipo verde e la bicicletta blu
1F,1FSUCODT,audio_1421,4,Tocca insieme il polipo verde e il monopattino rosso
1F,1FSUCODT,audio_1422,4,Tocca insieme il polipo verde e il monopattino verde
1F,1FSUCODT,audio_1423,4,Tocca insieme il polipo verde e il monopattino giallo
1F,1FSUCODT,audio_1424,4,Tocca insieme il polipo verde e il monopattino blu
1F,1FSUCODT,audio_1425,4,Tocca insieme il polipo verde e l'ombrello rosso
1F,1FSUCODT,audio_1426,4,Tocca insieme il polipo verde e l'ombrello verde
1F,1FSUCODT,audio_1427,4,Tocca insieme il polipo verde e l'ombrello giallo
1F,1FSUCODT,audio_1428,4,Tocca insieme il polipo verde e l'ombrello blu
1F,1FSUCODT,audio_1429,4,Tocca insieme il polipo verde e la bambina vestita in rosso
1F,1FSUCODT,audio_1430,4,Tocca insieme il polipo verde e la bambina vestita in verde
1F,1FSUCODT,audio_1431,4,Tocca insieme il polipo verde e la bambina vestita in giallo
1F,1FSUCODT,audio_1432,4,Tocca insieme il polipo verde e la bambina vestita in blu
1F,1FSUCODT,audio_1433,4,Tocca insieme il polipo giallo e il polipo blu
1F,1FSUCODT,audio_1434,4,Tocca insieme il polipo giallo e il gelato rosso
1F,1FSUCODT,audio_1435,4,Tocca insieme il polipo giallo e il gelato verde
1F,1FSUCODT,audio_1436,4,Tocca insieme il polipo giallo e il gelato giallo
1F,1FSUCODT,audio_1437,4,Tocca insieme il polipo giallo e il gelato blu
1F,1FSUCODT,audio_1438,4,Tocca insieme il polipo giallo e gli occhiali da sole rossi
1F,1FSUCODT,audio_1439,4,Tocca insieme il polipo giallo e gli occhiali da sole verdi
1F,1FSUCODT,audio_1440,4,Tocca insieme il polipo giallo e gli occhiali da sole gialli
1F,1FSUCODT,audio_1441,4,Tocca insieme il polipo giallo e gli occhiali da sole blu
1F,1FSUCODT,audio_1442,4,Tocca insieme il polipo giallo e la bicicletta rossa
1F,1FSUCODT,audio_1443,4,Tocca insieme il polipo giallo e la bicicletta verde
1F,1FSUCODT,audio_1444,4,Tocca insieme il polipo giallo e la bicicletta gialla
1F,1FSUCODT,audio_1445,4,Tocca insieme il polipo giallo e la bicicletta blu
1F,1FSUCODT,audio_1446,4,Tocca insieme il polipo giallo e il monopattino rosso
1F,1FSUCODT,audio_1447,4,Tocca insieme il polipo giallo e il monopattino verde
1F,1FSUCODT,audio_1448,4,Tocca insieme il polipo giallo e il monopattino giallo
1F,1FSUCODT,audio_1449,4,Tocca insieme il polipo giallo e il monopattino blu
1F,1FSUCODT,audio_1450,4,Tocca insieme il polipo giallo e l'ombrello rosso
1F,1FSUCODT,audio_1451,4,Tocca insieme il polipo giallo e l'ombrello verde
1F,1FSUCODT,audio_1452,4,Tocca insieme il polipo giallo e l'ombrello giallo
1F,1FSUCODT,audio_1453,4,Tocca insieme il polipo giallo e l'ombrello blu
1F,1FSUCODT,audio_1454,4,Tocca insieme il polipo giallo e la bambina vestita in rosso
1F,1FSUCODT,audio_1455,4,Tocca insieme il polipo giallo e la bambina vestita in verde
1F,1FSUCODT,audio_1456,4,Tocca insieme il polipo giallo e la bambina vestita in giallo
1F,1FSUCODT,audio_1457,4,Tocca insieme il polipo giallo e la bambina vestita in blu
1F,1FSUCODT,audio_1458,4,Tocca insieme il polipo blu e il gelato rosso
1F,1FSUCODT,audio_1459,4,Tocca insieme il polipo blu e il gelato verde
1F,1FSUCODT,audio_1460,4,Tocca insieme il polipo blu e il gelato giallo
1F,1FSUCODT,audio_1461,4,Tocca insieme il polipo blu e il gelato blu
1F,1FSUCODT,audio_1462,4,Tocca insieme il polipo blu e gli occhiali da sole rossi
1F,1FSUCODT,audio_1463,4,Tocca insieme il polipo blu e gli occhiali da sole verdi
1F,1FSUCODT,audio_1464,4,Tocca insieme il polipo blu e gli occhiali da sole gialli
1F,1FSUCODT,audio_1465,4,Tocca insieme il polipo blu e gli occhiali da sole blu
1F,1FSUCODT,audio_1466,4,Tocca insieme il polipo blu e la bicicletta rossa
1F,1FSUCODT,audio_1467,4,Tocca insieme il polipo blu e la bicicletta verde
1F,1FSUCODT,audio_1468,4,Tocca insieme il polipo blu e la bicicletta gialla
1F,1FSUCODT,audio_1469,4,Tocca insieme il polipo blu e la bicicletta blu
1F,1FSUCODT,audio_1470,4,Tocca insieme il polipo blu e il monopattino rosso
1F,1FSUCODT,audio_1471,4,Tocca insieme il polipo blu e il monopattino verde
1F,1FSUCODT,audio_1472,4,Tocca insieme il polipo blu e il monopattino giallo
1F,1FSUCODT,audio_1473,4,Tocca insieme il polipo blu e il monopattino blu
1F,1FSUCODT,audio_1474,4,Tocca insieme il polipo blu e l'ombrello rosso
1F,1FSUCODT,audio_1475,4,Tocca insieme il polipo blu e l'ombrello verde
1F,1FSUCODT,audio_1476,4,Tocca insieme il polipo blu e l'ombrello giallo
1F,1FSUCODT,audio_1477,4,Tocca insieme il polipo blu e l'ombrello blu
1F,1FSUCODT,audio_1478,4,Tocca insieme il polipo blu e la bambina vestita in rosso
1F,1FSUCODT,audio_1479,4,Tocca insieme il polipo blu e la bambina vestita in verde
1F,1FSUCODT,audio_1480,4,Tocca insieme il polipo blu e la bambina vestita in giallo
1F,1FSUCODT,audio_1481,4,Tocca insieme il polipo blu e la bambina vestita in blu
1F,1FSUCODT,audio_1482,4,Tocca insieme il gelato rosso e il gelato verde
1F,1FSUCODT,audio_1483,4,Tocca insieme il gelato rosso e il gelato giallo
1F,1FSUCODT,audio_1484,4,Tocca insieme il gelato rosso e il gelato blu
1F,1FSUCODT,audio_1485,4,Tocca insieme il gelato rosso e gli occhiali da sole rossi
1F,1FSUCODT,audio_1486,4,Tocca insieme il gelato rosso e gli occhiali da sole verdi
1F,1FSUCODT,audio_1487,4,Tocca insieme il gelato rosso e gli occhiali da sole gialli
1F,1FSUCODT,audio_1488,4,Tocca insieme il gelato rosso e gli occhiali da sole blu
1F,1FSUCODT,audio_1489,4,Tocca insieme il gelato rosso e la bicicletta rossa
1F,1FSUCODT,audio_1490,4,Tocca insieme il gelato rosso e la bicicletta verde
1F,1FSUCODT,audio_1491,4,Tocca insieme il gelato rosso e la bicicletta gialla
1F,1FSUCODT,audio_1492,4,Tocca insieme il gelato rosso e la bicicletta blu
1F,1FSUCODT,audio_1493,4,Tocca insieme il gelato rosso e il monopattino rosso
1F,1FSUCODT,audio_1494,4,Tocca insieme il gelato rosso e il monopattino verde
1F,1FSUCODT,audio_1495,4,Tocca insieme il gelato rosso e il monopattino giallo
1F,1FSUCODT,audio_1496,4,Tocca insieme il gelato rosso e il monopattino blu
1F,1FSUCODT,audio_1497,4,Tocca insieme il gelato rosso e l'ombrello rosso
1F,1FSUCODT,audio_1498,4,Tocca insieme il gelato rosso e l'ombrello verde
1F,1FSUCODT,audio_1499,4,Tocca insieme il gelato rosso e l'ombrello giallo
1F,1FSUCODT,audio_1500,4,Tocca insieme il gelato rosso e l'ombrello blu
1F,1FSUCODT,audio_1501,4,Tocca insieme il gelato rosso e la bambina vestita in rosso
1F,1FSUCODT,audio_1502,4,Tocca insieme il gelato rosso e la bambina vestita in verde
1F,1FSUCODT,audio_1503,4,Tocca insieme il gelato rosso e la bambina vestita in giallo
1F,1FSUCODT,audio_1504,4,Tocca insieme il gelato rosso e la bambina vestita in blu
1F,1FSUCODT,audio_1505,4,Tocca insieme il gelato verde e il gelato giallo
1F,1FSUCODT,audio_1506,4,Tocca insieme il gelato verde e il gelato blu
1F,1FSUCODT,audio_1507,4,Tocca insieme il gelato verde e gli occhiali da sole rossi
1F,1FSUCODT,audio_1508,4,Tocca insieme il gelato verde e gli occhiali da sole verdi
1F,1FSUCODT,audio_1509,4,Tocca insieme il gelato verde e gli occhiali da sole gialli
1F,1FSUCODT,audio_1510,4,Tocca insieme il gelato verde e gli occhiali da sole blu
1F,1FSUCODT,audio_1511,4,Tocca insieme il gelato verde e la bicicletta rossa
1F,1FSUCODT,audio_1512,4,Tocca insieme il gelato verde e la bicicletta verde
1F,1FSUCODT,audio_1513,4,Tocca insieme il gelato verde e la bicicletta gialla
1F,1FSUCODT,audio_1514,4,Tocca insieme il gelato verde e la bicicletta blu
1F,1FSUCODT,audio_1515,4,Tocca insieme il gelato verde e il monopattino rosso
1F,1FSUCODT,audio_1516,4,Tocca insieme il gelato verde e il monopattino verde
1F,1FSUCODT,audio_1517,4,Tocca insieme il gelato verde e il monopattino giallo
1F,1FSUCODT,audio_1518,4,Tocca insieme il gelato verde e il monopattino blu
1F,1FSUCODT,audio_1519,4,Tocca insieme il gelato verde e l'ombrello rosso
1F,1FSUCODT,audio_1520,4,Tocca insieme il gelato verde e l'ombrello verde
1F,1FSUCODT,audio_1521,4,Tocca insieme il gelato verde e l'ombrello giallo
1F,1FSUCODT,audio_1522,4,Tocca insieme il gelato verde e l'ombrello blu
1F,1FSUCODT,audio_1523,4,Tocca insieme il gelato verde e la bambina vestita in rosso
1F,1FSUCODT,audio_1524,4,Tocca insieme il gelato verde e la bambina vestita in verde
1F,1FSUCODT,audio_1525,4,Tocca insieme il gelato verde e la bambina vestita in giallo
1F,1FSUCODT,audio_1526,4,Tocca insieme il gelato verde e la bambina vestita in blu
1F,1FSUCODT,audio_1527,4,Tocca insieme il gelato giallo e il gelato blu
1F,1FSUCODT,audio_1528,4,Tocca insieme il gelato giallo e gli occhiali da sole rossi
1F,1FSUCODT,audio_1529,4,Tocca insieme il gelato giallo e gli occhiali da sole verdi
1F,1FSUCODT,audio_1530,4,Tocca insieme il gelato giallo e gli occhiali da sole gialli
1F,1FSUCODT,audio_1531,4,Tocca insieme il gelato giallo e gli occhiali da sole blu
1F,1FSUCODT,audio_1532,4,Tocca insieme il gelato giallo e la bicicletta rossa
1F,1FSUCODT,audio_1533,4,Tocca insieme il gelato giallo e la bicicletta verde
1F,1FSUCODT,audio_1534,4,Tocca insieme il gelato giallo e la bicicletta gialla
1F,1FSUCODT,audio_1535,4,Tocca insieme il gelato giallo e la bicicletta blu
1F,1FSUCODT,audio_1536,4,Tocca insieme il gelato giallo e il monopattino rosso
1F,1FSUCODT,audio_1537,4,Tocca insieme il gelato giallo e il monopattino verde
1F,1FSUCODT,audio_1538,4,Tocca insieme il gelato giallo e il monopattino giallo
1F,1FSUCODT,audio_1539,4,Tocca insieme il gelato giallo e il monopattino blu
1F,1FSUCODT,audio_1540,4,Tocca insieme il gelato giallo e l'ombrello rosso
1F,1FSUCODT,audio_1541,4,Tocca insieme il gelato giallo e l'ombrello verde
1F,1FSUCODT,audio_1542,4,Tocca insieme il gelato giallo e l'ombrello giallo
1F,1FSUCODT,audio_1543,4,Tocca insieme il gelato giallo e l'ombrello blu
1F,1FSUCODT,audio_1544,4,Tocca insieme il gelato giallo e la bambina vestita in rosso
1F,1FSUCODT,audio_1545,4,Tocca insieme il gelato giallo e la bambina vestita in verde
1F,1FSUCODT,audio_1546,4,Tocca insieme il gelato giallo e la bambina vestita in giallo
1F,1FSUCODT,audio_1547,4,Tocca insieme il gelato giallo e la bambina vestita in blu
1F,1FSUCODT,audio_1548,4,Tocca insieme il gelato blu e gli occhiali da sole rossi
1F,1FSUCODT,audio_1549,4,Tocca insieme il gelato blu e gli occhiali da sole verdi
1F,1FSUCODT,audio_1550,4,Tocca insieme il gelato blu e gli occhiali da sole gialli
1F,1FSUCODT,audio_1551,4,Tocca insieme il gelato blu e gli occhiali da sole blu
1F,1FSUCODT,audio_1552,4,Tocca insieme il gelato blu e la bicicletta rossa
1F,1FSUCODT,audio_1553,4,Tocca insieme il gelato blu e la bicicletta verde
1F,1FSUCODT,audio_1554,4,Tocca insieme il gelato blu e la bicicletta gialla
1F,1FSUCODT,audio_1555,4,Tocca insieme il gelato blu e la bicicletta blu
1F,1FSUCODT,audio_1556,4,Tocca insieme il gelato blu e il monopattino rosso
1F,1FSUCODT,audio_1557,4,Tocca insieme il gelato blu e il monopattino verde
1F,1FSUCODT,audio_1558,4,Tocca insieme il gelato blu e il monopattino giallo
1F,1FSUCODT,audio_1559,4,Tocca insieme il gelato blu e il monopattino blu
1F,1FSUCODT,audio_1560,4,Tocca insieme il gelato blu e l'ombrello rosso
1F,1FSUCODT,audio_1561,4,Tocca insieme il gelato blu e l'ombrello verde
1F,1FSUCODT,audio_1562,4,Tocca insieme il gelato blu e l'ombrello giallo
1F,1FSUCODT,audio_1563,4,Tocca insieme il gelato blu e l'ombrello blu
1F,1FSUCODT,audio_1564,4,Tocca insieme il gelato blu e la bambina vestita in rosso
1F,1FSUCODT,audio_1565,4,Tocca insieme il gelato blu e la bambina vestita in verde
1F,1FSUCODT,audio_1566,4,Tocca insieme il gelato blu e la bambina vestita in giallo
1F,1FSUCODT,audio_1567,4,Tocca insieme il gelato blu e la bambina vestita in blu
1F,1FSUCODT,audio_1568,4,Tocca insieme gli occhiali da sole rossi e gli occhiali da sole verdi
1F,1FSUCODT,audio_1569,4,Tocca insieme gli occhiali da sole rossi e gli occhiali da sole gialli
1F,1FSUCODT,audio_1570,4,Tocca insieme gli occhiali da sole rossi e gli occhiali da sole blu
1F,1FSUCODT,audio_1571,4,Tocca insieme gli occhiali da sole rossi e la bicicletta rossa
1F,1FSUCODT,audio_1572,4,Tocca insieme gli occhiali da sole rossi e la bicicletta verde
1F,1FSUCODT,audio_1573,4,Tocca insieme gli occhiali da sole rossi e la bicicletta gialla
1F,1FSUCODT,audio_1574,4,Tocca insieme gli occhiali da sole rossi e la bicicletta blu
1F,1FSUCODT,audio_1575,4,Tocca insieme gli occhiali da sole rossi e il monopattino rosso
1F,1FSUCODT,audio_1576,4,Tocca insieme gli occhiali da sole rossi e il monopattino verde
1F,1FSUCODT,audio_1577,4,Tocca insieme gli occhiali da sole rossi e il monopattino giallo
1F,1FSUCODT,audio_1578,4,Tocca insieme gli occhiali da sole rossi e il monopattino blu
1F,1FSUCODT,audio_1579,4,Tocca insieme gli occhiali da sole rossi e l'ombrello rosso
1F,1FSUCODT,audio_1580,4,Tocca insieme gli occhiali da sole rossi e l'ombrello verde
1F,1FSUCODT,audio_1581,4,Tocca insieme gli occhiali da sole rossi e l'ombrello giallo
1F,1FSUCODT,audio_1582,4,Tocca insieme gli occhiali da sole rossi e l'ombrello blu
1F,1FSUCODT,audio_1583,4,Tocca insieme gli occhiali da sole rossi e la bambina vestita in rosso
1F,1FSUCODT,audio_1584,4,Tocca insieme gli occhiali da sole rossi e la bambina vestita in verde
1F,1FSUCODT,audio_1585,4,Tocca insieme gli occhiali da sole rossi e la bambina vestita in giallo
1F,1FSUCODT,audio_1586,4,Tocca insieme gli occhiali da sole rossi e la bambina vestita in blu
1F,1FSUCODT,audio_1587,4,Tocca insieme gli occhiali da sole verdi e gli occhiali da sole gialli
1F,1FSUCODT,audio_1588,4,Tocca insieme gli occhiali da sole verdi e gli occhiali da sole blu
1F,1FSUCODT,audio_1589,4,Tocca insieme gli occhiali da sole verdi e la bicicletta rossa
1F,1FSUCODT,audio_1590,4,Tocca insieme gli occhiali da sole verdi e la bicicletta verde
1F,1FSUCODT,audio_1591,4,Tocca insieme gli occhiali da sole verdi e la bicicletta gialla
1F,1FSUCODT,audio_1592,4,Tocca insieme gli occhiali da sole verdi e la bicicletta blu
1F,1FSUCODT,audio_1593,4,Tocca insieme gli occhiali da sole verdi e il monopattino rosso
1F,1FSUCODT,audio_1594,4,Tocca insieme gli occhiali da sole verdi e il monopattino verde
1F,1FSUCODT,audio_1595,4,Tocca insieme gli occhiali da sole verdi e il monopattino giallo
1F,1FSUCODT,audio_1596,4,Tocca insieme gli occhiali da sole verdi e il monopattino blu
1F,1FSUCODT,audio_1597,4,Tocca insieme gli occhiali da sole verdi e l'ombrello rosso
1F,1FSUCODT,audio_1598,4,Tocca insieme gli occhiali da sole verdi e l'ombrello verde
1F,1FSUCODT,audio_1599,4,Tocca insieme gli occhiali da sole verdi e l'ombrello giallo
1F,1FSUCODT,audio_1600,4,Tocca insieme gli occhiali da sole verdi e l'ombrello blu
1F,1FSUCODT,audio_1601,4,Tocca insieme gli occhiali da sole verdi e la bambina vestita in rosso
1F,1FSUCODT,audio_1602,4,Tocca insieme gli occhiali da sole verdi e la bambina vestita in verde
1F,1FSUCODT,audio_1603,4,Tocca insieme gli occhiali da sole verdi e la bambina vestita in giallo
1F,1FSUCODT,audio_1604,4,Tocca insieme gli occhiali da sole verdi e la bambina vestita in blu
1F,1FSUCODT,audio_1605,4,Tocca insieme gli occhiali da sole gialli e gli occhiali da sole blu
1F,1FSUCODT,audio_1606,4,Tocca insieme gli occhiali da sole gialli e la bicicletta rossa
1F,1FSUCODT,audio_1607,4,Tocca insieme gli occhiali da sole gialli e la bicicletta verde
1F,1FSUCODT,audio_1608,4,Tocca insieme gli occhiali da sole gialli e la bicicletta gialla
1F,1FSUCODT,audio_1609,4,Tocca insieme gli occhiali da sole gialli e la bicicletta blu
1F,1FSUCODT,audio_1610,4,Tocca insieme gli occhiali da sole gialli e il monopattino rosso
1F,1FSUCODT,audio_1611,4,Tocca insieme gli occhiali da sole gialli e il monopattino verde
1F,1FSUCODT,audio_1612,4,Tocca insieme gli occhiali da sole gialli e il monopattino giallo
1F,1FSUCODT,audio_1613,4,Tocca insieme gli occhiali da sole gialli e il monopattino blu
1F,1FSUCODT,audio_1614,4,Tocca insieme gli occhiali da sole gialli e l'ombrello rosso
1F,1FSUCODT,audio_1615,4,Tocca insieme gli occhiali da sole gialli e l'ombrello verde
1F,1FSUCODT,audio_1616,4,Tocca insieme gli occhiali da sole gialli e l'ombrello giallo
1F,1FSUCODT,audio_1617,4,Tocca insieme gli occhiali da sole gialli e l'ombrello blu
1F,1FSUCODT,audio_1618,4,Tocca insieme gli occhiali da sole gialli e la bambina vestita in rosso
1F,1FSUCODT,audio_1619,4,Tocca insieme gli occhiali da sole gialli e la bambina vestita in verde
1F,1FSUCODT,audio_1620,4,Tocca insieme gli occhiali da sole gialli e la bambina vestita in giallo
1F,1FSUCODT,audio_1621,4,Tocca insieme gli occhiali da sole gialli e la bambina vestita in blu
1F,1FSUCODT,audio_1622,4,Tocca insieme gli occhiali da sole blu e la bicicletta rossa
1F,1FSUCODT,audio_1623,4,Tocca insieme gli occhiali da sole blu e la bicicletta verde
1F,1FSUCODT,audio_1624,4,Tocca insieme gli occhiali da sole blu e la bicicletta gialla
1F,1FSUCODT,audio_1625,4,Tocca insieme gli occhiali da sole blu e la bicicletta blu
1F,1FSUCODT,audio_1626,4,Tocca insieme gli occhiali da sole blu e il monopattino rosso
1F,1FSUCODT,audio_1627,4,Tocca insieme gli occhiali da sole blu e il monopattino verde
1F,1FSUCODT,audio_1628,4,Tocca insieme gli occhiali da sole blu e il monopattino giallo
1F,1FSUCODT,audio_1629,4,Tocca insieme gli occhiali da sole blu e il monopattino blu
1F,1FSUCODT,audio_1630,4,Tocca insieme gli occhiali da sole blu e l'ombrello rosso
1F,1FSUCODT,audio_1631,4,Tocca insieme gli occhiali da sole blu e l'ombrello verde
1F,1FSUCODT,audio_1632,4,Tocca insieme gli occhiali da sole blu e l'ombrello giallo
1F,1FSUCODT,audio_1633,4,Tocca insieme gli occhiali da sole blu e l'ombrello blu
1F,1FSUCODT,audio_1634,4,Tocca insieme gli occhiali da sole blu e la bambina vestita in rosso
1F,1FSUCODT,audio_1635,4,Tocca insieme gli occhiali da sole blu e la bambina vestita in verde
1F,1FSUCODT,audio_1636,4,Tocca insieme gli occhiali da sole blu e la bambina vestita in giallo
1F,1FSUCODT,audio_1637,4,Tocca insieme gli occhiali da sole blu e la bambina vestita in blu
1F,1FSUCODT,audio_1638,4,Tocca insieme la bicicletta rossa e la bicicletta verde
1F,1FSUCODT,audio_1639,4,Tocca insieme la bicicletta rossa e la bicicletta gialla
1F,1FSUCODT,audio_1640,4,Tocca insieme la bicicletta rossa e la bicicletta blu
1F,1FSUCODT,audio_1641,4,Tocca insieme la bicicletta rossa e il monopattino rosso
1F,1FSUCODT,audio_1642,4,Tocca insieme la bicicletta rossa e il monopattino verde
1F,1FSUCODT,audio_1643,4,Tocca insieme la bicicletta rossa e il monopattino giallo
1F,1FSUCODT,audio_1644,4,Tocca insieme la bicicletta rossa e il monopattino blu
1F,1FSUCODT,audio_1645,4,Tocca insieme la bicicletta rossa e l'ombrello rosso
1F,1FSUCODT,audio_1646,4,Tocca insieme la bicicletta rossa e l'ombrello verde
1F,1FSUCODT,audio_1647,4,Tocca insieme la bicicletta rossa e l'ombrello giallo
1F,1FSUCODT,audio_1648,4,Tocca insieme la bicicletta rossa e l'ombrello blu
1F,1FSUCODT,audio_1649,4,Tocca insieme la bicicletta rossa e la bambina vestita in rosso
1F,1FSUCODT,audio_1650,4,Tocca insieme la bicicletta rossa e la bambina vestita in verde
1F,1FSUCODT,audio_1651,4,Tocca insieme la bicicletta rossa e la bambina vestita in giallo
1F,1FSUCODT,audio_1652,4,Tocca insieme la bicicletta rossa e la bambina vestita in blu
1F,1FSUCODT,audio_1653,4,Tocca insieme la bicicletta verde e la bicicletta gialla
1F,1FSUCODT,audio_1654,4,Tocca insieme la bicicletta verde e la bicicletta blu
1F,1FSUCODT,audio_1655,4,Tocca insieme la bicicletta verde e il monopattino rosso
1F,1FSUCODT,audio_1656,4,Tocca insieme la bicicletta verde e il monopattino verde
1F,1FSUCODT,audio_1657,4,Tocca insieme la bicicletta verde e il monopattino giallo
1F,1FSUCODT,audio_1658,4,Tocca insieme la bicicletta verde e il monopattino blu
1F,1FSUCODT,audio_1659,4,Tocca insieme la bicicletta verde e l'ombrello rosso
1F,1FSUCODT,audio_1660,4,Tocca insieme la bicicletta verde e l'ombrello verde
1F,1FSUCODT,audio_1661,4,Tocca insieme la bicicletta verde e l'ombrello giallo
1F,1FSUCODT,audio_1662,4,Tocca insieme la bicicletta verde e l'ombrello blu
1F,1FSUCODT,audio_1663,4,Tocca insieme la bicicletta verde e la bambina vestita in rosso
1F,1FSUCODT,audio_1664,4,Tocca insieme la bicicletta verde e la bambina vestita in verde
1F,1FSUCODT,audio_1665,4,Tocca insieme la bicicletta verde e la bambina vestita in giallo
1F,1FSUCODT,audio_1666,4,Tocca insieme la bicicletta verde e la bambina vestita in blu
1F,1FSUCODT,audio_1667,4,Tocca insieme la bicicletta gialla e la bicicletta blu
1F,1FSUCODT,audio_1668,4,Tocca insieme la bicicletta gialla e il monopattino rosso
1F,1FSUCODT,audio_1669,4,Tocca insieme la bicicletta gialla e il monopattino verde
1F,1FSUCODT,audio_1670,4,Tocca insieme la bicicletta gialla e il monopattino giallo
1F,1FSUCODT,audio_1671,4,Tocca insieme la bicicletta gialla e il monopattino blu
1F,1FSUCODT,audio_1672,4,Tocca insieme la bicicletta gialla e l'ombrello rosso
1F,1FSUCODT,audio_1673,4,Tocca insieme la bicicletta gialla e l'ombrello verde
1F,1FSUCODT,audio_1674,4,Tocca insieme la bicicletta gialla e l'ombrello giallo
1F,1FSUCODT,audio_1675,4,Tocca insieme la bicicletta gialla e l'ombrello blu
1F,1FSUCODT,audio_1676,4,Tocca insieme la bicicletta gialla e la bambina vestita in rosso
1F,1FSUCODT,audio_1677,4,Tocca insieme la bicicletta gialla e la bambina vestita in verde
1F,1FSUCODT,audio_1678,4,Tocca insieme la bicicletta gialla e la bambina vestita in giallo
1F,1FSUCODT,audio_1679,4,Tocca insieme la bicicletta gialla e la bambina vestita in blu
1F,1FSUCODT,audio_1680,4,Tocca insieme la bicicletta blu e il monopattino rosso
1F,1FSUCODT,audio_1681,4,Tocca insieme la bicicletta blu e il monopattino verde
1F,1FSUCODT,audio_1682,4,Tocca insieme la bicicletta blu e il monopattino giallo
1F,1FSUCODT,audio_1683,4,Tocca insieme la bicicletta blu e il monopattino blu
1F,1FSUCODT,audio_1684,4,Tocca insieme la bicicletta blu e l'ombrello rosso
1F,1FSUCODT,audio_1685,4,Tocca insieme la bicicletta blu e l'ombrello verde
1F,1FSUCODT,audio_1686,4,Tocca insieme la bicicletta blu e l'ombrello giallo
1F,1FSUCODT,audio_1687,4,Tocca insieme la bicicletta blu e l'ombrello blu
1F,1FSUCODT,audio_1688,4,Tocca insieme la bicicletta blu e la bambina vestita in rosso
1F,1FSUCODT,audio_1689,4,Tocca insieme la bicicletta blu e la bambina vestita in verde
1F,1FSUCODT,audio_1690,4,Tocca insieme la bicicletta blu e la bambina vestita in giallo
1F,1FSUCODT,audio_1691,4,Tocca insieme la bicicletta blu e la bambina vestita in blu
1F,1FSUCODT,audio_1692,4,Tocca insieme il monopattino rosso e il monopattino verde
1F,1FSUCODT,audio_1693,4,Tocca insieme il monopattino rosso e il monopattino giallo
1F,1FSUCODT,audio_1694,4,Tocca insieme il monopattino rosso e il monopattino blu
1F,1FSUCODT,audio_1695,4,Tocca insieme il monopattino rosso e l'ombrello rosso
1F,1FSUCODT,audio_1696,4,Tocca insieme il monopattino rosso e l'ombrello verde
1F,1FSUCODT,audio_1697,4,Tocca insieme il monopattino rosso e l'ombrello giallo
1F,1FSUCODT,audio_1698,4,Tocca insieme il monopattino rosso e l'ombrello blu
1F,1FSUCODT,audio_1699,4,Tocca insieme il monopattino rosso e la bambina vestita in rosso
1F,1FSUCODT,audio_1700,4,Tocca insieme il monopattino rosso e la bambina vestita in verde
1F,1FSUCODT,audio_1701,4,Tocca insieme il monopattino rosso e la bambina vestita in giallo
1F,1FSUCODT,audio_1702,4,Tocca insieme il monopattino rosso e la bambina vestita in blu
1F,1FSUCODT,audio_1703,4,Tocca insieme il monopattino verde e il monopattino giallo
1F,1FSUCODT,audio_1704,4,Tocca insieme il monopattino verde e il monopattino blu
1F,1FSUCODT,audio_1705,4,Tocca insieme il monopattino verde e l'ombrello rosso
1F,1FSUCODT,audio_1706,4,Tocca insieme il monopattino verde e l'ombrello verde
1F,1FSUCODT,audio_1707,4,Tocca insieme il monopattino verde e l'ombrello giallo
1F,1FSUCODT,audio_1708,4,Tocca insieme il monopattino verde e l'ombrello blu
1F,1FSUCODT,audio_1709,4,Tocca insieme il monopattino verde e la bambina vestita in rosso
1F,1FSUCODT,audio_1710,4,Tocca insieme il monopattino verde e la bambina vestita in verde
1F,1FSUCODT,audio_1711,4,Tocca insieme il monopattino verde e la bambina vestita in giallo
1F,1FSUCODT,audio_1712,4,Tocca insieme il monopattino verde e la bambina vestita in blu
1F,1FSUCODT,audio_1713,4,Tocca insieme il monopattino giallo e il monopattino blu
1F,1FSUCODT,audio_1714,4,Tocca insieme il monopattino giallo e l'ombrello rosso
1F,1FSUCODT,audio_1715,4,Tocca insieme il monopattino giallo e l'ombrello verde
1F,1FSUCODT,audio_1716,4,Tocca insieme il monopattino giallo e l'ombrello giallo
1F,1FSUCODT,audio_1717,4,Tocca insieme il monopattino giallo e l'ombrello blu
1F,1FSUCODT,audio_1718,4,Tocca insieme il monopattino giallo e la bambina vestita in rosso
1F,1FSUCODT,audio_1719,4,Tocca insieme il monopattino giallo e la bambina vestita in verde
1F,1FSUCODT,audio_1720,4,Tocca insieme il monopattino giallo e la bambina vestita in giallo
1F,1FSUCODT,audio_1721,4,Tocca insieme il monopattino giallo e la bambina vestita in blu
1F,1FSUCODT,audio_1722,4,Tocca insieme il monopattino blu e l'ombrello rosso
1F,1FSUCODT,audio_1723,4,Tocca insieme il monopattino blu e l'ombrello verde
1F,1FSUCODT,audio_1724,4,Tocca insieme il monopattino blu e l'ombrello giallo
1F,1FSUCODT,audio_1725,4,Tocca insieme il monopattino blu e l'ombrello blu
1F,1FSUCODT,audio_1726,4,Tocca insieme il monopattino blu e la bambina vestita in rosso
1F,1FSUCODT,audio_1727,4,Tocca insieme il monopattino blu e la bambina vestita in verde
1F,1FSUCODT,audio_1728,4,Tocca insieme il monopattino blu e la bambina vestita in giallo
1F,1FSUCODT,audio_1729,4,Tocca insieme il monopattino blu e la bambina vestita in blu
1F,1FSUCODT,audio_1730,4,Tocca insieme l'ombrello rosso e l'ombrello verde
1F,1FSUCODT,audio_1731,4,Tocca insieme l'ombrello rosso e l'ombrello giallo
1F,1FSUCODT,audio_1732,4,Tocca insieme l'ombrello rosso e l'ombrello blu
1F,1FSUCODT,audio_1733,4,Tocca insieme l'ombrello rosso e la bambina vestita in rosso
1F,1FSUCODT,audio_1734,4,Tocca insieme l'ombrello rosso e la bambina vestita in verde
1F,1FSUCODT,audio_1735,4,Tocca insieme l'ombrello rosso e la bambina vestita in giallo
1F,1FSUCODT,audio_1736,4,Tocca insieme l'ombrello rosso e la bambina vestita in blu
1F,1FSUCODT,audio_1737,4,Tocca insieme l'ombrello verde e l'ombrello giallo
1F,1FSUCODT,audio_1738,4,Tocca insieme l'ombrello verde e l'ombrello blu
1F,1FSUCODT,audio_1739,4,Tocca insieme l'ombrello verde e la bambina vestita in rosso
1F,1FSUCODT,audio_1740,4,Tocca insieme l'ombrello verde e la bambina vestita in verde
1F,1FSUCODT,audio_1741,4,Tocca insieme l'ombrello verde e la bambina vestita in giallo
1F,1FSUCODT,audio_1742,4,Tocca insieme l'ombrello verde e la bambina vestita in blu
1F,1FSUCODT,audio_1743,4,Tocca insieme l'ombrello giallo e l'ombrello blu
1F,1FSUCODT,audio_1744,4,Tocca insieme l'ombrello giallo e la bambina vestita in rosso
1F,1FSUCODT,audio_1745,4,Tocca insieme l'ombrello giallo e la bambina vestita in verde
1F,1FSUCODT,audio_1746,4,Tocca insieme l'ombrello giallo e la bambina vestita in giallo
1F,1FSUCODT,audio_1747,4,Tocca insieme l'ombrello giallo e la bambina vestita in blu
1F,1FSUCODT,audio_1748,4,Tocca insieme l'ombrello blu e la bambina vestita in rosso
1F,1FSUCODT,audio_1749,4,Tocca insieme l'ombrello blu e la bambina vestita in verde
1F,1FSUCODT,audio_1750,4,Tocca insieme l'ombrello blu e la bambina vestita in giallo
1F,1FSUCODT,audio_1751,4,Tocca insieme l'ombrello blu e la bambina vestita in blu
1F,1FSUCODT,audio_1752,4,Tocca insieme la bambina vestita in rosso e la bambina vestita in verde
1F,1FSUCODT,audio_1753,4,Tocca insieme la bambina vestita in rosso e la bambina vestita in giallo
1F,1FSUCODT,audio_1754,4,Tocca insieme la bambina vestita in rosso e la bambina vestita in blu
1F,1FSUCODT,audio_1755,4,Tocca insieme la bambina vestita in verde e la bambina vestita in giallo
1F,1FSUCODT,audio_1756,4,Tocca insieme la bambina vestita in verde e la bambina vestita in blu
1F,1FSUCODT,audio_1757,4,Tocca insieme la bambina vestita in giallo e la bambina vestita in blu
1F,1FGCA,audio_1758,5,Tocca tutti i bottoni a tinta unita
1F,1FGCA,audio_1759,5,Tocca tutti gli animali
1F,1FGCA,audio_1760,5,Tocca tutti gli oggetti
1F,1FGCA,audio_1761,5,Tocca tutti i vestiti
1F,1FGCA,audio_1762,5,Tocca tutte le cose da mangiare
1F,1FGCA,audio_1763,5,Tocca tutte le persone
1F,1FCACO,audio_1764,3,Tocca un animale rosso
1F,1FCACO,audio_1765,3,Tocca un animale verde
1F,1FCACO,audio_1766,3,Tocca un animale giallo
1F,1FCACO,audio_1767,3,Tocca un animale blu
1F,1FCACO,audio_1768,3,Tocca un oggetto rosso
1F,1FCACO,audio_1769,3,Tocca un oggetto verde
1F,1FCACO,audio_1770,3,Tocca un oggetto giallo
1F,1FCACO,audio_1771,3,Tocca un oggetto blu
1F,1FCACO,audio_1772,3,Tocca un cibo rosso
1F,1FCACO,audio_1773,3,Tocca un cibo verde
1F,1FCACO,audio_1774,3,Tocca un cibo giallo
1F,1FCACO,audio_1775,3,Tocca un cibo blu
1F,1FCACO,audio_1776,3,Tocca un vestito rosso
1F,1FCACO,audio_1777,3,Tocca un vestito verde
1F,1FCACO,audio_1778,3,Tocca un vestito giallo
1F,1FCACO,audio_1779,3,Tocca un vestito blu
1F,1FCACO,audio_1780,3,Tocca una persona vestita di rosso
1F,1FCACO,audio_1781,3,Tocca una persona vestita di verde
1F,1FCACO,audio_1782,3,Tocca una persona vestita di giallo
1F,1FCACO,audio_1783,3,Tocca una persona vestita di blu
1F,1FCACOA,audio_1784,4,Tocca tutti gli animali rossi
1F,1FCACOA,audio_1785,4,Tocca tutti gli animali verdi
1F,1FCACOA,audio_1786,4,Tocca tutti gli animali gialli
1F,1FCACOA,audio_1787,4,Tocca tutti gli animali blu
1F,1FCACOA,audio_1788,4,Tocca tutti gli oggetti rossi
1F,1FCACOA,audio_1789,4,Tocca tutti gli oggetti verdi
1F,1FCACOA,audio_1790,4,Tocca tutti gli oggetti gialli
1F,1FCACOA,audio_1791,4,Tocca tutti gli oggetti blu
1F,1FCACOA,audio_1792,4,Tocca tutti i cibi rossi
1F,1FCACOA,audio_1793,4,Tocca tutti i cibi verdi
1F,1FCACOA,audio_1794,4,Tocca tutti i cibi gialli
1F,1FCACOA,audio_1795,4,Tocca tutti i cibi blu
1F,1FCACOA,audio_1796,4,Tocca tutti i vestiti rossi
1F,1FCACOA,audio_1797,4,Tocca tutti i vestiti verdi
1F,1FCACOA,audio_1798,4,Tocca tutti i vestiti gialli
1F,1FCACOA,audio_1799,4,Tocca tutti i vestiti blu
1F,1FCACOA,audio_1800,4,Tocca tutte le persone vestite di rosso
1F,1FCACOA,audio_1801,4,Tocca tutte le persone vestite di verde
1F,1FCACOA,audio_1802,4,Tocca tutte le persone vestite di giallo
1F,1FCACOA,audio_1803,4,Tocca tutte le persone vestite di blu
2L,2LST,audio_1804,5,Tocca il disegno del colore come questo rosso
2L,2LST,audio_1805,5,Tocca il disegno del colore come questo verde
2L,2LST,audio_1806,5,Tocca il disegno del colore come questo blu
2L,2LST,audio_1807,5,Tocca il disegno del colore come questo giallo
2L,2LSU,audio_1808,5,Tocca la scimmia di questo colore rosso
2L,2LSU,audio_1809,5,Tocca la scimmia di questo colore verde
2L,2LSU,audio_1810,5,Tocca la scimmia di questo colore blu
2L,2LSU,audio_1811,5,Tocca la scimmia di questo colore giallo
2L,2LSU,audio_1812,5,Tocca il leone di questo colore rosso
2L,2LSU,audio_1813,5,Tocca il leone di questo colore verde
2L,2LSU,audio_1814,5,Tocca il leone di questo colore blu
2L,2LSU,audio_1815,5,Tocca il leone di questo colore giallo
2L,2LSU,audio_1816,5,Tocca il pappagallo di questo colore rosso
2L,2LSU,audio_1817,5,Tocca il pappagallo di questo colore verde
2L,2LSU,audio_1818,5,Tocca il pappagallo di questo colore blu
2L,2LSU,audio_1819,5,Tocca il pappagallo di questo colore giallo
2L,2LSU,audio_1820,5,Tocca il polipo di questo colore rosso
2L,2LSU,audio_1821,5,Tocca il polipo di questo colore verde
2L,2LSU,audio_1822,5,Tocca il polipo di questo colore blu
2L,2LSU,audio_1823,5,Tocca il polipo di questo colore giallo
2L,2LSU,audio_1824,5,Tocca il gelato di questo colore rosso
2L,2LSU,audio_1825,5,Tocca il gelato di questo colore verde
2L,2LSU,audio_1826,5,Tocca il gelato di questo colore blu
2L,2LSU,audio_1827,5,Tocca il gelato di questo colore giallo
2L,2LSU,audio_1828,5,Tocca gli occhiali da sole di questo colore rosso
2L,2LSU,audio_1829,5,Tocca gli occhiali da sole di questo colore verde
2L,2LSU,audio_1830,5,Tocca gli occhiali da sole di questo colore blu
2L,2LSU,audio_1831,5,Tocca gli occhiali da sole di questo colore giallo
2L,2LSU,audio_1832,5,Tocca la bicicletta di questo colore rosso
2L,2LSU,audio_1833,5,Tocca la bicicletta di questo colore verde
2L,2LSU,audio_1834,5,Tocca la bicicletta di questo colore blu
2L,2LSU,audio_1835,5,Tocca la bicicletta di questo colore giallo
2L,2LSU,audio_1836,5,Tocca il monopattino di questo colore rosso
2L,2LSU,audio_1837,5,Tocca il monopattino di questo colore verde
2L,2LSU,audio_1838,5,Tocca il monopattino di questo colore blu
2L,2LSU,audio_1839,5,Tocca il monopattino di questo colore giallo
2L,2LSU,audio_1840,5,Tocca l'ombrello di questo colore rosso
2L,2LSU,audio_1841,5,Tocca l'ombrello di questo colore verde
2L,2LSU,audio_1842,5,Tocca l'ombrello di questo colore blu
2L,2LSU,audio_1843,5,Tocca l'ombrello di questo colore giallo
2L,2LSU,audio_1844,5,Tocca la bambina di questo colore rosso
2L,2LSU,audio_1845,5,Tocca la bambina di questo colore verde
2L,2LSU,audio_1846,5,Tocca la bambina di questo colore blu
2L,2LSU,audio_1847,5,Tocca la bambina di questo colore giallo
2L,2LTWO,audio_1848,6,Tocca il disegno del colore uguale al primo colore che ti ho fatto vedere rosso
2L,2LTWO,audio_1849,6,Tocca il disegno del colore uguale al primo colore che ti ho fatto vedere verde
2L,2LTWO,audio_1850,6,Tocca il disegno del colore uguale al primo colore che ti ho fatto vedere blu
2L,2LTWO,audio_1851,6,Tocca il disegno del colore uguale al primo colore che ti ho fatto vedere giallo
2L,2LTWO,audio_1852,6,Tocca il disegno del colore uguale al secondo colore che ti ho fatto vedere rosso
2L,2LTWO,audio_1853,6,Tocca il disegno del colore uguale al secondo colore che ti ho fatto vedere verde
2L,2LTWO,audio_1854,6,Tocca il disegno del colore uguale al secondo colore che ti ho fatto vedere blu
2L,2LTWO,audio_1855,6,Tocca il disegno del colore uguale al secondo colore che ti ho fatto vedere giallo
2L,2LDSU,audio_1856,4,Tocca le scimmie se la luce è rossa
2L,2LDSU,audio_1857,4,Tocca le scimmie se la luce è verde
2L,2LDSU,audio_1858,4,Tocca le scimmie se la luce è blu
2L,2LDSU,audio_1859,4,Tocca le scimmie se la luce è gialla
2L,2LDSU,audio_1860,4,Tocca i leoni se la luce è rossa
2L,2LDSU,audio_1861,4,Tocca i leoni se la luce è verde
2L,2LDSU,audio_1862,4,Tocca i leoni se la luce è blu
2L,2LDSU,audio_1863,4,Tocca i leoni se la luce è gialla
2L,2LDSU,audio_1864,4,Tocca i pappagalli se la luce è rossa
2L,2LDSU,audio_1865,4,Tocca i pappagalli se la luce è verde
2L,2LDSU,audio_1866,4,Tocca i pappagalli se la luce è blu
2L,2LDSU,audio_1867,4,Tocca i pappagalli se la luce è gialla
2L,2LDSU,audio_1868,4,Tocca i polipi se la luce è rossa
2L,2LDSU,audio_1869,4,Tocca i polipi se la luce è verde
2L,2LDSU,audio_1870,4,Tocca i polipi se la luce è blu
2L,2LDSU,audio_1871,4,Tocca i polipi se la luce è gialla
2L,2LDSU,audio_1872,4,Tocca i gelati se la luce è rossa
2L,2LDSU,audio_1873,4,Tocca i gelati se la luce è verde
2L,2LDSU,audio_1874,4,Tocca i gelati se la luce è blu
2L,2LDSU,audio_1875,4,Tocca i gelati se la luce è gialla
2L,2LDSU,audio_1876,4,Tocca tutti gli occhiali da sole se la luce è rossa
2L,2LDSU,audio_1877,4,Tocca tutti gli occhiali da sole se la luce è verde
2L,2LDSU,audio_1878,4,Tocca tutti gli occhiali da sole se la luce è blu
2L,2LDSU,audio_1879,4,Tocca tutti gli occhiali da sole se la luce è gialla
2L,2LDSU,audio_1880,4,Tocca le biciclette se la luce è rossa
2L,2LDSU,audio_1881,4,Tocca le biciclette se la luce è verde
2L,2LDSU,audio_1882,4,Tocca le biciclette se la luce è blu
2L,2LDSU,audio_1883,4,Tocca le biciclette se la luce è gialla
2L,2LDSU,audio_1884,4,Tocca i monopattini se la luce è rossa
2L,2LDSU,audio_1885,4,Tocca i monopattini se la luce è verde
2L,2LDSU,audio_1886,4,Tocca i monopattini se la luce è blu
2L,2LDSU,audio_1887,4,Tocca i monopattini se la luce è gialla
2L,2LDSU,audio_1888,4,Tocca gli ombrelli se la luce è rossa
2L,2LDSU,audio_1889,4,Tocca gli ombrelli se la luce è verde
2L,2LDSU,audio_1890,4,Tocca gli ombrelli se la luce è blu
2L,2LDSU,audio_1891,4,Tocca gli ombrelli se la luce è gialla
2L,2LDSU,audio_1892,4,Tocca le bambine se la luce è rossa
2L,2LDSU,audio_1893,4,Tocca le bambine se la luce è verde
2L,2LDSU,audio_1894,4,Tocca le bambine se la luce è blu
2L,2LDSU,audio_1895,4,Tocca le bambine se la luce è gialla
2L,2LDSUOC,audio_1896,6,Tocca una scimmia se la luce è rossa altrimenti tocca un leone
2L,2LDSUOC,audio_1897,6,Tocca una scimmia se la luce è rossa altrimenti tocca un pappagallo
2L,2LDSUOC,audio_1898,6,Tocca una scimmia se la luce è rossa altrimenti tocca un polipo
2L,2LDSUOC,audio_1899,6,Tocca una scimmia se la luce è rossa altrimenti tocca un gelato
2L,2LDSUOC,audio_1900,6,Tocca una scimmia se la luce è rossa altrimenti tocca un paio di occhiali da sole
2L,2LDSUOC,audio_1901,6,Tocca una scimmia se la luce è rossa altrimenti tocca una bicicletta
2L,2LDSUOC,audio_1902,6,Tocca una scimmia se la luce è rossa altrimenti tocca un monopattino
2L,2LDSUOC,audio_1903,6,Tocca una scimmia se la luce è rossa altrimenti tocca un ombrello
2L,2LDSUOC,audio_1904,6,Tocca una scimmia se la luce è rossa altrimenti tocca una bambina
2L,2LDSUOC,audio_1905,6,Tocca una scimmia se la luce è verde altrimenti tocca un leone
2L,2LDSUOC,audio_1906,6,Tocca una scimmia se la luce è verde altrimenti tocca un pappagallo
2L,2LDSUOC,audio_1907,6,Tocca una scimmia se la luce è verde altrimenti tocca un polipo
2L,2LDSUOC,audio_1908,6,Tocca una scimmia se la luce è verde altrimenti tocca un gelato
2L,2LDSUOC,audio_1909,6,Tocca una scimmia se la luce è verde altrimenti tocca un paio di occhiali da sole
2L,2LDSUOC,audio_1910,6,Tocca una scimmia se la luce è verde altrimenti tocca una bicicletta
2L,2LDSUOC,audio_1911,6,Tocca una scimmia se la luce è verde altrimenti tocca un monopattino
2L,2LDSUOC,audio_1912,6,Tocca una scimmia se la luce è verde altrimenti tocca un ombrello
2L,2LDSUOC,audio_1913,6,Tocca una scimmia se la luce è verde altrimenti tocca una bambina
2L,2LDSUOC,audio_1914,6,Tocca una scimmia se la luce è gialla altrimenti tocca un leone
2L,2LDSUOC,audio_1915,6,Tocca una scimmia se la luce è gialla altrimenti tocca un pappagallo
2L,2LDSUOC,audio_1916,6,Tocca una scimmia se la luce è gialla altrimenti tocca un polipo
2L,2LDSUOC,audio_1917,6,Tocca una scimmia se la luce è gialla altrimenti tocca un gelato
2L,2LDSUOC,audio_1918,6,Tocca una scimmia se la luce è gialla altrimenti tocca un paio di occhiali da sole
2L,2LDSUOC,audio_1919,6,Tocca una scimmia se la luce è gialla altrimenti tocca una bicicletta
2L,2LDSUOC,audio_1920,6,Tocca una scimmia se la luce è gialla altrimenti tocca un monopattino
2L,2LDSUOC,audio_1921,6,Tocca una scimmia se la luce è gialla altrimenti tocca un ombrello
2L,2LDSUOC,audio_1922,6,Tocca una scimmia se la luce è gialla altrimenti tocca una bambina
2L,2LDSUOC,audio_1923,6,Tocca una scimmia se la luce è blu altrimenti tocca un leone
2L,2LDSUOC,audio_1924,6,Tocca una scimmia se la luce è blu altrimenti tocca un pappagallo
2L,2LDSUOC,audio_1925,6,Tocca una scimmia se la luce è blu altrimenti tocca un polipo
2L,2LDSUOC,audio_1926,6,Tocca una scimmia se la luce è blu altrimenti tocca un gelato
2L,2LDSUOC,audio_1927,6,Tocca una scimmia se la luce è blu altrimenti tocca un paio di occhiali da sole
2L,2LDSUOC,audio_1928,6,Tocca una scimmia se la luce è blu altrimenti tocca una bicicletta
2L,2LDSUOC,audio_1929,6,Tocca una scimmia se la luce è blu altrimenti tocca un monopattino
2L,2LDSUOC,audio_1930,6,Tocca una scimmia se la luce è blu altrimenti tocca un ombrello
2L,2LDSUOC,audio_1931,6,Tocca una scimmia se la luce è blu altrimenti tocca una bambina
2L,2LDSUOC,audio_1932,6,Tocca un leone se la luce è rossa altrimenti tocca una scimmia
2L,2LDSUOC,audio_1933,6,Tocca un leone se la luce è rossa altrimenti tocca un pappagallo
2L,2LDSUOC,audio_1934,6,Tocca un leone se la luce è rossa altrimenti tocca un polipo
2L,2LDSUOC,audio_1935,6,Tocca un leone se la luce è rossa altrimenti tocca un gelato
2L,2LDSUOC,audio_1936,6,Tocca un leone se la luce è rossa altrimenti tocca un paio di occhiali da sole
2L,2LDSUOC,audio_1937,6,Tocca un leone se la luce è rossa altrimenti tocca una bicicletta
2L,2LDSUOC,audio_1938,6,Tocca un leone se la luce è rossa altrimenti tocca un monopattino
2L,2LDSUOC,audio_1939,6,Tocca un leone se la luce è rossa altrimenti tocca un ombrello
2L,2LDSUOC,audio_1940,6,Tocca un leone se la luce è rossa altrimenti tocca una bambina
2L,2LDSUOC,audio_1941,6,Tocca un leone se la luce è verde altrimenti tocca una scimmia
2L,2LDSUOC,audio_1942,6,Tocca un leone se la luce è verde altrimenti tocca un pappagallo
2L,2LDSUOC,audio_1943,6,Tocca un leone se la luce è verde altrimenti tocca un polipo
2L,2LDSUOC,audio_1944,6,Tocca un leone se la luce è verde altrimenti tocca un gelato
2L,2LDSUOC,audio_1945,6,Tocca un leone se la luce è verde altrimenti tocca un paio di occhiali da sole
2L,2LDSUOC,audio_1946,6,Tocca un leone se la luce è verde altrimenti tocca una bicicletta
2L,2LDSUOC,audio_1947,6,Tocca un leone se la luce è verde altrimenti tocca un monopattino
2L,2LDSUOC,audio_1948,6,Tocca un leone se la luce è verde altrimenti tocca un ombrello
2L,2LDSUOC,audio_1949,6,Tocca un leone se la luce è verde altrimenti tocca una bambina
2L,2LDSUOC,audio_1950,6,Tocca un leone se la luce è gialla altrimenti tocca una scimmia
2L,2LDSUOC,audio_1951,6,Tocca un leone se la luce è gialla altrimenti tocca un pappagallo
2L,2LDSUOC,audio_1952,6,Tocca un leone se la luce è gialla altrimenti tocca un polipo
2L,2LDSUOC,audio_1953,6,Tocca un leone se la luce è gialla altrimenti tocca un gelato
2L,2LDSUOC,audio_1954,6,Tocca un leone se la luce è gialla altrimenti tocca un paio di occhiali da sole
2L,2LDSUOC,audio_1955,6,Tocca un leone se la luce è gialla altrimenti tocca una bicicletta
2L,2LDSUOC,audio_1956,6,Tocca un leone se la luce è gialla altrimenti tocca un monopattino
2L,2LDSUOC,audio_1957,6,Tocca un leone se la luce è gialla altrimenti tocca un ombrello
2L,2LDSUOC,audio_1958,6,Tocca un leone se la luce è gialla altrimenti tocca una bambina
2L,2LDSUOC,audio_1959,6,Tocca un leone se la luce è blu altrimenti tocca una scimmia
2L,2LDSUOC,audio_1960,6,Tocca un leone se la luce è blu altrimenti tocca un pappagallo
2L,2LDSUOC,audio_1961,6,Tocca un leone se la luce è blu altrimenti tocca un polipo
2L,2LDSUOC,audio_1962,6,Tocca un leone se la luce è blu altrimenti tocca un gelato
2L,2LDSUOC,audio_1963,6,Tocca un leone se la luce è blu altrimenti tocca un paio di occhiali da sole
2L,2LDSUOC,audio_1964,6,Tocca un leone se la luce è blu altrimenti tocca una bicicletta
2L,2LDSUOC,audio_1965,6,Tocca un leone se la luce è blu altrimenti tocca un monopattino
2L,2LDSUOC,audio_1966,6,Tocca un leone se la luce è blu altrimenti tocca un ombrello
2L,2LDSUOC,audio_1967,6,Tocca un leone se la luce è blu altrimenti tocca una bambina
2L,2LDSUOC,audio_1968,6,Tocca un pappagallo se la luce è rossa altrimenti tocca un leone
2L,2LDSUOC,audio_1969,6,Tocca un pappagallo se la luce è rossa altrimenti tocca una scimmia
2L,2LDSUOC,audio_1970,6,Tocca un pappagallo se la luce è rossa altrimenti tocca un polipo
2L,2LDSUOC,audio_1971,6,Tocca un pappagallo se la luce è rossa altrimenti tocca un gelato
2L,2LDSUOC,audio_1972,6,Tocca un pappagallo se la luce è rossa altrimenti tocca un paio di occhiali da sole
2L,2LDSUOC,audio_1973,6,Tocca un pappagallo se la luce è rossa altrimenti tocca una bicicletta
2L,2LDSUOC,audio_1974,6,Tocca un pappagallo se la luce è rossa altrimenti tocca un monopattino
2L,2LDSUOC,audio_1975,6,Tocca un pappagallo se la luce è rossa altrimenti tocca un ombrello
2L,2LDSUOC,audio_1976,6,Tocca un pappagallo se la luce è rossa altrimenti tocca una bambina
2L,2LDSUOC,audio_1977,6,Tocca un pappagallo se la luce è verde altrimenti tocca un leone
2L,2LDSUOC,audio_1978,6,Tocca un pappagallo se la luce è verde altrimenti tocca una scimmia
2L,2LDSUOC,audio_1979,6,Tocca un pappagallo se la luce è verde altrimenti tocca un polipo
2L,2LDSUOC,audio_1980,6,Tocca un pappagallo se la luce è verde altrimenti tocca un gelato
2L,2LDSUOC,audio_1981,6,Tocca un pappagallo se la luce è verde altrimenti tocca un paio di occhiali da sole
2L,2LDSUOC,audio_1982,6,Tocca un pappagallo se la luce è verde altrimenti tocca una bicicletta
2L,2LDSUOC,audio_1983,6,Tocca un pappagallo se la luce è verde altrimenti tocca un monopattino
2L,2LDSUOC,audio_1984,6,Tocca un pappagallo se la luce è verde altrimenti tocca un ombrello
2L,2LDSUOC,audio_1985,6,Tocca un pappagallo se la luce è verde altrimenti tocca una bambina
2L,2LDSUOC,audio_1986,6,Tocca un pappagallo se la luce è gialla altrimenti tocca un leone
2L,2LDSUOC,audio_1987,6,Tocca un pappagallo se la luce è gialla altrimenti tocca una scimmia
2L,2LDSUOC,audio_1988,6,Tocca un pappagallo se la luce è gialla altrimenti tocca un polipo
2L,2LDSUOC,audio_1989,6,Tocca un pappagallo se la luce è gialla altrimenti tocca un gelato
2L,2LDSUOC,audio_1990,6,Tocca un pappagallo se la luce è gialla altrimenti tocca un paio di occhiali da sole
2L,2LDSUOC,audio_1991,6,Tocca un pappagallo se la luce è gialla altrimenti tocca una bicicletta
2L,2LDSUOC,audio_1992,6,Tocca un pappagallo se la luce è gialla altrimenti tocca un monopattino
2L,2LDSUOC,audio_1993,6,Tocca un pappagallo se la luce è gialla altrimenti tocca un ombrello
2L,2LDSUOC,audio_1994,6,Tocca un pappagallo se la luce è gialla altrimenti tocca una bambina
2L,2LDSUOC,audio_1995,6,Tocca un pappagallo se la luce è blu altrimenti tocca un leone
2L,2LDSUOC,audio_1996,6,Tocca un pappagallo se la luce è blu altrimenti tocca una scimmia
2L,2LDSUOC,audio_1997,6,Tocca un pappagallo se la luce è blu altrimenti tocca un polipo
2L,2LDSUOC,audio_1998,6,Tocca un pappagallo se la luce è blu altrimenti tocca un gelato
2L,2LDSUOC,audio_1999,6,Tocca un pappagallo se la luce è blu altrimenti tocca un paio di occhiali da sole
2L,2LDSUOC,audio_2000,6,Tocca un pappagallo se la luce è blu altrimenti tocca una bicicletta
2L,2LDSUOC,audio_2001,6,Tocca un pappagallo se la luce è blu altrimenti tocca un monopattino
2L,2LDSUOC,audio_2002,6,Tocca un pappagallo se la luce è blu altrimenti tocca un ombrello
2L,2LDSUOC,audio_2003,6,Tocca un pappagallo se la luce è blu altrimenti tocca una bambina
2L,2LDSUOC,audio_2004,6,Tocca un polipo se la luce è rossa altrimenti tocca un leone
2L,2LDSUOC,audio_2005,6,Tocca un polipo se la luce è rossa altrimenti tocca una scimmia
2L,2LDSUOC,audio_2006,6,Tocca un polipo se la luce è rossa altrimenti tocca un pappagallo
2L,2LDSUOC,audio_2007,6,Tocca un polipo se la luce è rossa altrimenti tocca un gelato
2L,2LDSUOC,audio_2008,6,Tocca un polipo se la luce è rossa altrimenti tocca un paio di occhiali da sole
2L,2LDSUOC,audio_2009,6,Tocca un polipo se la luce è rossa altrimenti tocca una bicicletta
2L,2LDSUOC,audio_2010,6,Tocca un polipo se la luce è rossa altrimenti tocca un monopattino
2L,2LDSUOC,audio_2011,6,Tocca un polipo se la luce è rossa altrimenti tocca un ombrello
2L,2LDSUOC,audio_2012,6,Tocca un polipo se la luce è rossa altrimenti tocca una bambina
2L,2LDSUOC,audio_2013,6,Tocca un polipo se la luce è verde altrimenti tocca un leone
2L,2LDSUOC,audio_2014,6,Tocca un polipo se la luce è verde altrimenti tocca una scimmia
2L,2LDSUOC,audio_2015,6,Tocca un polipo se la luce è verde altrimenti tocca un pappagallo
2L,2LDSUOC,audio_2016,6,Tocca un polipo se la luce è verde altrimenti tocca un gelato
2L,2LDSUOC,audio_2017,6,Tocca un polipo se la luce è verde altrimenti tocca un paio di occhiali da sole
2L,2LDSUOC,audio_2018,6,Tocca un polipo se la luce è verde altrimenti tocca una bicicletta
2L,2LDSUOC,audio_2019,6,Tocca un polipo se la luce è verde altrimenti tocca un monopattino
2L,2LDSUOC,audio_2020,6,Tocca un polipo se la luce è verde altrimenti tocca un ombrello
2L,2LDSUOC,audio_2021,6,Tocca un polipo se la luce è verde altrimenti tocca una bambina
2L,2LDSUOC,audio_2022,6,Tocca un polipo se la luce è gialla altrimenti tocca un leone
2L,2LDSUOC,audio_2023,6,Tocca un polipo se la luce è gialla altrimenti tocca una scimmia
2L,2LDSUOC,audio_2024,6,Tocca un polipo se la luce è gialla altrimenti tocca un pappagallo
2L,2LDSUOC,audio_2025,6,Tocca un polipo se la luce è gialla altrimenti tocca un gelato
2L,2LDSUOC,audio_2026,6,Tocca un polipo se la luce è gialla altrimenti tocca un paio di occhiali da sole
2L,2LDSUOC,audio_2027,6,Tocca un polipo se la luce è gialla altrimenti tocca una bicicletta
2L,2LDSUOC,audio_2028,6,Tocca un polipo se la luce è gialla altrimenti tocca un monopattino
2L,2LDSUOC,audio_2029,6,Tocca un polipo se la luce è gialla altrimenti tocca un ombrello
2L,2LDSUOC,audio_2030,6,Tocca un polipo se la luce è gialla altrimenti tocca una bambina
2L,2LDSUOC,audio_2031,6,Tocca un polipo se la luce è blu altrimenti tocca un leone
2L,2LDSUOC,audio_2032,6,Tocca un polipo se la luce è blu altrimenti tocca una scimmia
2L,2LDSUOC,audio_2033,6,Tocca un polipo se la luce è blu altrimenti tocca un pappagallo
2L,2LDSUOC,audio_2034,6,Tocca un polipo se la luce è blu altrimenti tocca un gelato
2L,2LDSUOC,audio_2035,6,Tocca un polipo se la luce è blu altrimenti tocca un paio di occhiali da sole
2L,2LDSUOC,audio_2036,6,Tocca un polipo se la luce è blu altrimenti tocca una bicicletta
2L,2LDSUOC,audio_2037,6,Tocca un polipo se la luce è blu altrimenti tocca un monopattino
2L,2LDSUOC,audio_2038,6,Tocca un polipo se la luce è blu altrimenti tocca un ombrello
2L,2LDSUOC,audio_2039,6,Tocca un polipo se la luce è blu altrimenti tocca una bambina
2L,2LDSUOC,audio_2040,6,Tocca un gelato se la luce è rossa altrimenti tocca un leone
2L,2LDSUOC,audio_2041,6,Tocca un gelato se la luce è rossa altrimenti tocca una scimmia
2L,2LDSUOC,audio_2042,6,Tocca un gelato se la luce è rossa altrimenti tocca un pappagallo
2L,2LDSUOC,audio_2043,6,Tocca un gelato se la luce è rossa altrimenti tocca un polipo
2L,2LDSUOC,audio_2044,6,Tocca un gelato se la luce è rossa altrimenti tocca un paio di occhiali da sole
2L,2LDSUOC,audio_2045,6,Tocca un gelato se la luce è rossa altrimenti tocca una bicicletta
2L,2LDSUOC,audio_2046,6,Tocca un gelato se la luce è rossa altrimenti tocca un monopattino
2L,2LDSUOC,audio_2047,6,Tocca un gelato se la luce è rossa altrimenti tocca un ombrello
2L,2LDSUOC,audio_2048,6,Tocca un gelato se la luce è rossa altrimenti tocca una bambina
2L,2LDSUOC,audio_2049,6,Tocca un gelato se la luce è verde altrimenti tocca un leone
2L,2LDSUOC,audio_2050,6,Tocca un gelato se la luce è verde altrimenti tocca una scimmia
2L,2LDSUOC,audio_2051,6,Tocca un gelato se la luce è verde altrimenti tocca un pappagallo
2L,2LDSUOC,audio_2052,6,Tocca un gelato se la luce è verde altrimenti tocca un polipo
2L,2LDSUOC,audio_2053,6,Tocca un gelato se la luce è verde altrimenti tocca un paio di occhiali da sole
2L,2LDSUOC,audio_2054,6,Tocca un gelato se la luce è verde altrimenti tocca una bicicletta
2L,2LDSUOC,audio_2055,6,Tocca un gelato se la luce è verde altrimenti tocca un monopattino
2L,2LDSUOC,audio_2056,6,Tocca un gelato se la luce è verde altrimenti tocca un ombrello
2L,2LDSUOC,audio_2057,6,Tocca un gelato se la luce è verde altrimenti tocca una bambina
2L,2LDSUOC,audio_2058,6,Tocca un gelato se la luce è gialla altrimenti tocca un leone
2L,2LDSUOC,audio_2059,6,Tocca un gelato se la luce è gialla altrimenti tocca una scimmia
2L,2LDSUOC,audio_2060,6,Tocca un gelato se la luce è gialla altrimenti tocca un pappagallo
2L,2LDSUOC,audio_2061,6,Tocca un gelato se la luce è gialla altrimenti tocca un polipo
2L,2LDSUOC,audio_2062,6,Tocca un gelato se la luce è gialla altrimenti tocca un paio di occhiali da sole
2L,2LDSUOC,audio_2063,6,Tocca un gelato se la luce è gialla altrimenti tocca una bicicletta
2L,2LDSUOC,audio_2064,6,Tocca un gelato se la luce è gialla altrimenti tocca un monopattino
2L,2LDSUOC,audio_2065,6,Tocca un gelato se la luce è gialla altrimenti tocca un ombrello
2L,2LDSUOC,audio_2066,6,Tocca un gelato se la luce è gialla altrimenti tocca una bambina
2L,2LDSUOC,audio_2067,6,Tocca un gelato se la luce è blu altrimenti tocca un leone
2L,2LDSUOC,audio_2068,6,Tocca un gelato se la luce è blu altrimenti tocca una scimmia
2L,2LDSUOC,audio_2069,6,Tocca un gelato se la luce è blu altrimenti tocca un pappagallo
2L,2LDSUOC,audio_2070,6,Tocca un gelato se la luce è blu altrimenti tocca un polipo
2L,2LDSUOC,audio_2071,6,Tocca un gelato se la luce è blu altrimenti tocca un paio di occhiali da sole
2L,2LDSUOC,audio_2072,6,Tocca un gelato se la luce è blu altrimenti tocca una bicicletta
2L,2LDSUOC,audio_2073,6,Tocca un gelato se la luce è blu altrimenti tocca un monopattino
2L,2LDSUOC,audio_2074,6,Tocca un gelato se la luce è blu altrimenti tocca un ombrello
2L,2LDSUOC,audio_2075,6,Tocca un gelato se la luce è blu altrimenti tocca una bambina
2L,2LDSUOC,audio_2076,6,Tocca un paio di occhiali da sole se la luce è rossa altrimenti tocca un leone
2L,2LDSUOC,audio_2077,6,Tocca un paio di occhiali da sole se la luce è rossa altrimenti tocca una scimmia
2L,2LDSUOC,audio_2078,6,Tocca un paio di occhiali da sole se la luce è rossa altrimenti tocca un pappagallo
2L,2LDSUOC,audio_2079,6,Tocca un paio di occhiali da sole se la luce è rossa altrimenti tocca un polipo
2L,2LDSUOC,audio_2080,6,Tocca un paio di occhiali da sole se la luce è rossa altrimenti tocca un gelato
2L,2LDSUOC,audio_2081,6,Tocca un paio di occhiali da sole se la luce è rossa altrimenti tocca una bicicletta
2L,2LDSUOC,audio_2082,6,Tocca un paio di occhiali da sole se la luce è rossa altrimenti tocca un monopattino
2L,2LDSUOC,audio_2083,6,Tocca un paio di occhiali da sole se la luce è rossa altrimenti tocca un ombrello
2L,2LDSUOC,audio_2084,6,Tocca un paio di occhiali da sole se la luce è rossa altrimenti tocca una bambina
2L,2LDSUOC,audio_2085,6,Tocca un paio di occhiali da sole se la luce è verde altrimenti tocca un leone
2L,2LDSUOC,audio_2086,6,Tocca un paio di occhiali da sole se la luce è verde altrimenti tocca una scimmia
2L,2LDSUOC,audio_2087,6,Tocca un paio di occhiali da sole se la luce è verde altrimenti tocca un pappagallo
2L,2LDSUOC,audio_2088,6,Tocca un paio di occhiali da sole se la luce è verde altrimenti tocca un polipo
2L,2LDSUOC,audio_2089,6,Tocca un paio di occhiali da sole se la luce è verde altrimenti tocca un gelato
2L,2LDSUOC,audio_2090,6,Tocca un paio di occhiali da sole se la luce è verde altrimenti tocca una bicicletta
2L,2LDSUOC,audio_2091,6,Tocca un paio di occhiali da sole se la luce è verde altrimenti tocca un monopattino
2L,2LDSUOC,audio_2092,6,Tocca un paio di occhiali da sole se la luce è verde altrimenti tocca un ombrello
2L,2LDSUOC,audio_2093,6,Tocca un paio di occhiali da sole se la luce è verde altrimenti tocca una bambina
2L,2LDSUOC,audio_2094,6,Tocca un paio di occhiali da sole se la luce è gialla altrimenti tocca un leone
2L,2LDSUOC,audio_2095,6,Tocca un paio di occhiali da sole se la luce è gialla altrimenti tocca una scimmia
2L,2LDSUOC,audio_2096,6,Tocca un paio di occhiali da sole se la luce è gialla altrimenti tocca un pappagallo
2L,2LDSUOC,audio_2097,6,Tocca un paio di occhiali da sole se la luce è gialla altrimenti tocca un polipo
2L,2LDSUOC,audio_2098,6,Tocca un paio di occhiali da sole se la luce è gialla altrimenti tocca un gelato
2L,2LDSUOC,audio_2099,6,Tocca un paio di occhiali da sole se la luce è gialla altrimenti tocca una bicicletta
2L,2LDSUOC,audio_2100,6,Tocca un paio di occhiali da sole se la luce è gialla altrimenti tocca un monopattino
2L,2LDSUOC,audio_2101,6,Tocca un paio di occhiali da sole se la luce è gialla altrimenti tocca un ombrello
2L,2LDSUOC,audio_2102,6,Tocca un paio di occhiali da sole se la luce è gialla altrimenti tocca una bambina
2L,2LDSUOC,audio_2103,6,Tocca un paio di occhiali da sole se la luce è blu altrimenti tocca un leone
2L,2LDSUOC,audio_2104,6,Tocca un paio di occhiali da sole se la luce è blu altrimenti tocca una scimmia
2L,2LDSUOC,audio_2105,6,Tocca un paio di occhiali da sole se la luce è blu altrimenti tocca un pappagallo
2L,2LDSUOC,audio_2106,6,Tocca un paio di occhiali da sole se la luce è blu altrimenti tocca un polipo
2L,2LDSUOC,audio_2107,6,Tocca un paio di occhiali da sole se la luce è blu altrimenti tocca un gelato
2L,2LDSUOC,audio_2108,6,Tocca un paio di occhiali da sole se la luce è blu altrimenti tocca una bicicletta
2L,2LDSUOC,audio_2109,6,Tocca un paio di occhiali da sole se la luce è blu altrimenti tocca un monopattino
2L,2LDSUOC,audio_2110,6,Tocca un paio di occhiali da sole se la luce è blu altrimenti tocca un ombrello
2L,2LDSUOC,audio_2111,6,Tocca un paio di occhiali da sole se la luce è blu altrimenti tocca una bambina
2L,2LDSUOC,audio_2112,6,Tocca una bicicletta se la luce è rossa altrimenti tocca un leone
2L,2LDSUOC,audio_2113,6,Tocca una bicicletta se la luce è rossa altrimenti tocca una scimmia
2L,2LDSUOC,audio_2114,6,Tocca una bicicletta se la luce è rossa altrimenti tocca un pappagallo
2L,2LDSUOC,audio_2115,6,Tocca una bicicletta se la luce è rossa altrimenti tocca un polipo
2L,2LDSUOC,audio_2116,6,Tocca una bicicletta se la luce è rossa altrimenti tocca un gelato
2L,2LDSUOC,audio_2117,6,Tocca una bicicletta se la luce è rossa altrimenti tocca un paio di occhiali da sole
2L,2LDSUOC,audio_2118,6,Tocca una bicicletta se la luce è rossa altrimenti tocca un monopattino
2L,2LDSUOC,audio_2119,6,Tocca una bicicletta se la luce è rossa altrimenti tocca un ombrello
2L,2LDSUOC,audio_2120,6,Tocca una bicicletta se la luce è rossa altrimenti tocca una bambina
2L,2LDSUOC,audio_2121,6,Tocca una bicicletta se la luce è verde altrimenti tocca un leone
2L,2LDSUOC,audio_2122,6,Tocca una bicicletta se la luce è verde altrimenti tocca una scimmia
2L,2LDSUOC,audio_2123,6,Tocca una bicicletta se la luce è verde altrimenti tocca un pappagallo
2L,2LDSUOC,audio_2124,6,Tocca una bicicletta se la luce è verde altrimenti tocca un polipo
2L,2LDSUOC,audio_2125,6,Tocca una bicicletta se la luce è verde altrimenti tocca un gelato
2L,2LDSUOC,audio_2126,6,Tocca una bicicletta se la luce è verde altrimenti tocca un paio di occhiali da sole
2L,2LDSUOC,audio_2127,6,Tocca una bicicletta se la luce è verde altrimenti tocca un monopattino
2L,2LDSUOC,audio_2128,6,Tocca una bicicletta se la luce è verde altrimenti tocca un ombrello
2L,2LDSUOC,audio_2129,6,Tocca una bicicletta se la luce è verde altrimenti tocca una bambina
2L,2LDSUOC,audio_2130,6,Tocca una bicicletta se la luce è gialla altrimenti tocca un leone
2L,2LDSUOC,audio_2131,6,Tocca una bicicletta se la luce è gialla altrimenti tocca una scimmia
2L,2LDSUOC,audio_2132,6,Tocca una bicicletta se la luce è gialla altrimenti tocca un pappagallo
2L,2LDSUOC,audio_2133,6,Tocca una bicicletta se la luce è gialla altrimenti tocca un polipo
2L,2LDSUOC,audio_2134,6,Tocca una bicicletta se la luce è gialla altrimenti tocca un gelato
2L,2LDSUOC,audio_2135,6,Tocca una bicicletta se la luce è gialla altrimenti tocca un paio di occhiali da sole
2L,2LDSUOC,audio_2136,6,Tocca una bicicletta se la luce è gialla altrimenti tocca un monopattino
2L,2LDSUOC,audio_2137,6,Tocca una bicicletta se la luce è gialla altrimenti tocca un ombrello
2L,2LDSUOC,audio_2138,6,Tocca una bicicletta se la luce è gialla altrimenti tocca una bambina
2L,2LDSUOC,audio_2139,6,Tocca una bicicletta se la luce è blu altrimenti tocca un leone
2L,2LDSUOC,audio_2140,6,Tocca una bicicletta se la luce è blu altrimenti tocca una scimmia
2L,2LDSUOC,audio_2141,6,Tocca una bicicletta se la luce è blu altrimenti tocca un pappagallo
2L,2LDSUOC,audio_2142,6,Tocca una bicicletta se la luce è blu altrimenti tocca un polipo
2L,2LDSUOC,audio_2143,6,Tocca una bicicletta se la luce è blu altrimenti tocca un gelato
2L,2LDSUOC,audio_2144,6,Tocca una bicicletta se la luce è blu altrimenti tocca un paio di occhiali da sole
2L,2LDSUOC,audio_2145,6,Tocca una bicicletta se la luce è blu altrimenti tocca un monopattino
2L,2LDSUOC,audio_2146,6,Tocca una bicicletta se la luce è blu altrimenti tocca un ombrello
2L,2LDSUOC,audio_2147,6,Tocca una bicicletta se la luce è blu altrimenti tocca una bambina
2L,2LDSUOC,audio_2148,6,Tocca un monopattino se la luce è rossa altrimenti tocca un leone
2L,2LDSUOC,audio_2149,6,Tocca un monopattino se la luce è rossa altrimenti tocca una scimmia
2L,2LDSUOC,audio_2150,6,Tocca un monopattino se la luce è rossa altrimenti tocca un pappagallo
2L,2LDSUOC,audio_2151,6,Tocca un monopattino se la luce è rossa altrimenti tocca un polipo
2L,2LDSUOC,audio_2152,6,Tocca un monopattino se la luce è rossa altrimenti tocca un gelato
2L,2LDSUOC,audio_2153,6,Tocca un monopattino se la luce è rossa altrimenti tocca un paio di occhiali da sole
2L,2LDSUOC,audio_2154,6,Tocca un monopattino se la luce è rossa altrimenti tocca una bicicletta
2L,2LDSUOC,audio_2155,6,Tocca un monopattino se la luce è rossa altrimenti tocca un ombrello
2L,2LDSUOC,audio_2156,6,Tocca un monopattino se la luce è rossa altrimenti tocca una bambina
2L,2LDSUOC,audio_2157,6,Tocca un monopattino se la luce è verde altrimenti tocca un leone
2L,2LDSUOC,audio_2158,6,Tocca un monopattino se la luce è verde altrimenti tocca una scimmia
2L,2LDSUOC,audio_2159,6,Tocca un monopattino se la luce è verde altrimenti tocca un pappagallo
2L,2LDSUOC,audio_2160,6,Tocca un monopattino se la luce è verde altrimenti tocca un polipo
2L,2LDSUOC,audio_2161,6,Tocca un monopattino se la luce è verde altrimenti tocca un gelato
2L,2LDSUOC,audio_2162,6,Tocca un monopattino se la luce è verde altrimenti tocca un paio di occhiali da sole
2L,2LDSUOC,audio_2163,6,Tocca un monopattino se la luce è verde altrimenti tocca una bicicletta
2L,2LDSUOC,audio_2164,6,Tocca un monopattino se la luce è verde altrimenti tocca un ombrello
2L,2LDSUOC,audio_2165,6,Tocca un monopattino se la luce è verde altrimenti tocca una bambina
2L,2LDSUOC,audio_2166,6,Tocca un monopattino se la luce è gialla altrimenti tocca un leone
2L,2LDSUOC,audio_2167,6,Tocca un monopattino se la luce è gialla altrimenti tocca una scimmia
2L,2LDSUOC,audio_2168,6,Tocca un monopattino se la luce è gialla altrimenti tocca un pappagallo
2L,2LDSUOC,audio_2169,6,Tocca un monopattino se la luce è gialla altrimenti tocca un polipo
2L,2LDSUOC,audio_2170,6,Tocca un monopattino se la luce è gialla altrimenti tocca un gelato
2L,2LDSUOC,audio_2171,6,Tocca un monopattino se la luce è gialla altrimenti tocca un paio di occhiali da sole
2L,2LDSUOC,audio_2172,6,Tocca un monopattino se la luce è gialla altrimenti tocca una bicicletta
2L,2LDSUOC,audio_2173,6,Tocca un monopattino se la luce è gialla altrimenti tocca un ombrello
2L,2LDSUOC,audio_2174,6,Tocca un monopattino se la luce è gialla altrimenti tocca una bambina
2L,2LDSUOC,audio_2175,6,Tocca un monopattino se la luce è blu altrimenti tocca un leone
2L,2LDSUOC,audio_2176,6,Tocca un monopattino se la luce è blu altrimenti tocca una scimmia
2L,2LDSUOC,audio_2177,6,Tocca un monopattino se la luce è blu altrimenti tocca un pappagallo
2L,2LDSUOC,audio_2178,6,Tocca un monopattino se la luce è blu altrimenti tocca un polipo
2L,2LDSUOC,audio_2179,6,Tocca un monopattino se la luce è blu altrimenti tocca un gelato
2L,2LDSUOC,audio_2180,6,Tocca un monopattino se la luce è blu altrimenti tocca un paio di occhiali da sole
2L,2LDSUOC,audio_2181,6,Tocca un monopattino se la luce è blu altrimenti tocca una bicicletta
2L,2LDSUOC,audio_2182,6,Tocca un monopattino se la luce è blu altrimenti tocca un ombrello
2L,2LDSUOC,audio_2183,6,Tocca un monopattino se la luce è blu altrimenti tocca una bambina
2L,2LDSUOC,audio_2184,6,Tocca un ombrello se la luce è rossa altrimenti tocca un leone
2L,2LDSUOC,audio_2185,6,Tocca un ombrello se la luce è rossa altrimenti tocca una scimmia
2L,2LDSUOC,audio_2186,6,Tocca un ombrello se la luce è rossa altrimenti tocca un pappagallo
2L,2LDSUOC,audio_2187,6,Tocca un ombrello se la luce è rossa altrimenti tocca un polipo
2L,2LDSUOC,audio_2188,6,Tocca un ombrello se la luce è rossa altrimenti tocca un gelato
2L,2LDSUOC,audio_2189,6,Tocca un ombrello se la luce è rossa altrimenti tocca un paio di occhiali da sole
2L,2LDSUOC,audio_2190,6,Tocca un ombrello se la luce è rossa altrimenti tocca una bicicletta
2L,2LDSUOC,audio_2191,6,Tocca un ombrello se la luce è rossa altrimenti tocca un monopattino
2L,2LDSUOC,audio_2192,6,Tocca un ombrello se la luce è rossa altrimenti tocca una bambina
2L,2LDSUOC,audio_2193,6,Tocca un ombrello se la luce è verde altrimenti tocca un leone
2L,2LDSUOC,audio_2194,6,Tocca un ombrello se la luce è verde altrimenti tocca una scimmia
2L,2LDSUOC,audio_2195,6,Tocca un ombrello se la luce è verde altrimenti tocca un pappagallo
2L,2LDSUOC,audio_2196,6,Tocca un ombrello se la luce è verde altrimenti tocca un polipo
2L,2LDSUOC,audio_2197,6,Tocca un ombrello se la luce è verde altrimenti tocca un gelato
2L,2LDSUOC,audio_2198,6,Tocca un ombrello se la luce è verde altrimenti tocca un paio di occhiali da sole
2L,2LDSUOC,audio_2199,6,Tocca un ombrello se la luce è verde altrimenti tocca una bicicletta
2L,2LDSUOC,audio_2200,6,Tocca un ombrello se la luce è verde altrimenti tocca un monopattino
2L,2LDSUOC,audio_2201,6,Tocca un ombrello se la luce è verde altrimenti tocca una bambina
2L,2LDSUOC,audio_2202,6,Tocca un ombrello se la luce è gialla altrimenti tocca un leone
2L,2LDSUOC,audio_2203,6,Tocca un ombrello se la luce è gialla altrimenti tocca una scimmia
2L,2LDSUOC,audio_2204,6,Tocca un ombrello se la luce è gialla altrimenti tocca un pappagallo
2L,2LDSUOC,audio_2205,6,Tocca un ombrello se la luce è gialla altrimenti tocca un polipo
2L,2LDSUOC,audio_2206,6,Tocca un ombrello se la luce è gialla altrimenti tocca un gelato
2L,2LDSUOC,audio_2207,6,Tocca un ombrello se la luce è gialla altrimenti tocca un paio di occhiali da sole
2L,2LDSUOC,audio_2208,6,Tocca un ombrello se la luce è gialla altrimenti tocca una bicicletta
2L,2LDSUOC,audio_2209,6,Tocca un ombrello se la luce è gialla altrimenti tocca un monopattino
2L,2LDSUOC,audio_2210,6,Tocca un ombrello se la luce è gialla altrimenti tocca una bambina
2L,2LDSUOC,audio_2211,6,Tocca un ombrello se la luce è blu altrimenti tocca un leone
2L,2LDSUOC,audio_2212,6,Tocca un ombrello se la luce è blu altrimenti tocca una scimmia
2L,2LDSUOC,audio_2213,6,Tocca un ombrello se la luce è blu altrimenti tocca un pappagallo
2L,2LDSUOC,audio_2214,6,Tocca un ombrello se la luce è blu altrimenti tocca un polipo
2L,2LDSUOC,audio_2215,6,Tocca un ombrello se la luce è blu altrimenti tocca un gelato
2L,2LDSUOC,audio_2216,6,Tocca un ombrello se la luce è blu altrimenti tocca un paio di occhiali da sole
2L,2LDSUOC,audio_2217,6,Tocca un ombrello se la luce è blu altrimenti tocca una bicicletta
2L,2LDSUOC,audio_2218,6,Tocca un ombrello se la luce è blu altrimenti tocca un monopattino
2L,2LDSUOC,audio_2219,6,Tocca un ombrello se la luce è blu altrimenti tocca una bambina
2L,2LDSUOC,audio_2220,6,Tocca una bambina se la luce è rossa altrimenti tocca un leone
2L,2LDSUOC,audio_2221,6,Tocca una bambina se la luce è rossa altrimenti tocca una scimmia
2L,2LDSUOC,audio_2222,6,Tocca una bambina se la luce è rossa altrimenti tocca un pappagallo
2L,2LDSUOC,audio_2223,6,Tocca una bambina se la luce è rossa altrimenti tocca un polipo
2L,2LDSUOC,audio_2224,6,Tocca una bambina se la luce è rossa altrimenti tocca un gelato
2L,2LDSUOC,audio_2225,6,Tocca una bambina se la luce è rossa altrimenti tocca un paio di occhiali da sole
2L,2LDSUOC,audio_2226,6,Tocca una bambina se la luce è rossa altrimenti tocca una bicicletta
2L,2LDSUOC,audio_2227,6,Tocca una bambina se la luce è rossa altrimenti tocca un monopattino
2L,2LDSUOC,audio_2228,6,Tocca una bambina se la luce è rossa altrimenti tocca un ombrello
2L,2LDSUOC,audio_2229,6,Tocca una bambina se la luce è verde altrimenti tocca un leone
2L,2LDSUOC,audio_2230,6,Tocca una bambina se la luce è verde altrimenti tocca una scimmia
2L,2LDSUOC,audio_2231,6,Tocca una bambina se la luce è verde altrimenti tocca un pappagallo
2L,2LDSUOC,audio_2232,6,Tocca una bambina se la luce è verde altrimenti tocca un polipo
2L,2LDSUOC,audio_2233,6,Tocca una bambina se la luce è verde altrimenti tocca un gelato
2L,2LDSUOC,audio_2234,6,Tocca una bambina se la luce è verde altrimenti tocca un paio di occhiali da sole
2L,2LDSUOC,audio_2235,6,Tocca una bambina se la luce è verde altrimenti tocca una bicicletta
2L,2LDSUOC,audio_2236,6,Tocca una bambina se la luce è verde altrimenti tocca un monopattino
2L,2LDSUOC,audio_2237,6,Tocca una bambina se la luce è verde altrimenti tocca un ombrello
2L,2LDSUOC,audio_2238,6,Tocca una bambina se la luce è gialla altrimenti tocca un leone
2L,2LDSUOC,audio_2239,6,Tocca una bambina se la luce è gialla altrimenti tocca una scimmia
2L,2LDSUOC,audio_2240,6,Tocca una bambina se la luce è gialla altrimenti tocca un pappagallo
2L,2LDSUOC,audio_2241,6,Tocca una bambina se la luce è gialla altrimenti tocca un polipo
2L,2LDSUOC,audio_2242,6,Tocca una bambina se la luce è gialla altrimenti tocca un gelato
2L,2LDSUOC,audio_2243,6,Tocca una bambina se la luce è gialla altrimenti tocca un paio di occhiali da sole
2L,2LDSUOC,audio_2244,6,Tocca una bambina se la luce è gialla altrimenti tocca una bicicletta
2L,2LDSUOC,audio_2245,6,Tocca una bambina se la luce è gialla altrimenti tocca un monopattino
2L,2LDSUOC,audio_2246,6,Tocca una bambina se la luce è gialla altrimenti tocca un ombrello
2L,2LDSUOC,audio_2247,6,Tocca una bambina se la luce è blu altrimenti tocca un leone
2L,2LDSUOC,audio_2248,6,Tocca una bambina se la luce è blu altrimenti tocca una scimmia
2L,2LDSUOC,audio_2249,6,Tocca una bambina se la luce è blu altrimenti tocca un pappagallo
2L,2LDSUOC,audio_2250,6,Tocca una bambina se la luce è blu altrimenti tocca un polipo
2L,2LDSUOC,audio_2251,6,Tocca una bambina se la luce è blu altrimenti tocca un gelato
2L,2LDSUOC,audio_2252,6,Tocca una bambina se la luce è blu altrimenti tocca un paio di occhiali da sole
2L,2LDSUOC,audio_2253,6,Tocca una bambina se la luce è blu altrimenti tocca una bicicletta
2L,2LDSUOC,audio_2254,6,Tocca una bambina se la luce è blu altrimenti tocca un monopattino
2L,2LDSUOC,audio_2255,6,Tocca una bambina se la luce è blu altrimenti tocca un ombrello
2L,2LDBOC,audio_2256,7,Premi la mia testa se la luce è rossa altrimenti tocca una scimmia
2L,2LDBOC,audio_2257,7,Premi la mia testa se la luce è rossa altrimenti tocca un leone
2L,2LDBOC,audio_2258,7,Premi la mia testa se la luce è rossa altrimenti tocca un pappagallo
2L,2LDBOC,audio_2259,7,Premi la mia testa se la luce è rossa altrimenti tocca un polipo
2L,2LDBOC,audio_2260,7,Premi la mia testa se la luce è rossa altrimenti tocca un gelato
2L,2LDBOC,audio_2261,7,Premi la mia testa se la luce è rossa altrimenti tocca un paio di occhiali da sole
2L,2LDBOC,audio_2262,7,Premi la mia testa se la luce è rossa altrimenti tocca una bicicletta
2L,2LDBOC,audio_2263,7,Premi la mia testa se la luce è rossa altrimenti tocca un monopattino
2L,2LDBOC,audio_2264,7,Premi la mia testa se la luce è rossa altrimenti tocca un ombrello
2L,2LDBOC,audio_2265,7,Premi la mia testa se la luce è rossa altrimenti tocca una bambina
2L,2LDBOC,audio_2266,7,Premi la mia testa se la luce è verde altrimenti tocca una scimmia
2L,2LDBOC,audio_2267,7,Premi la mia testa se la luce è verde altrimenti tocca un leone
2L,2LDBOC,audio_2268,7,Premi la mia testa se la luce è verde altrimenti tocca un pappagallo
2L,2LDBOC,audio_2269,7,Premi la mia testa se la luce è verde altrimenti tocca un polipo
2L,2LDBOC,audio_2270,7,Premi la mia testa se la luce è verde altrimenti tocca un gelato
2L,2LDBOC,audio_2271,7,Premi la mia testa se la luce è verde altrimenti tocca un paio di occhiali da sole
2L,2LDBOC,audio_2272,7,Premi la mia testa se la luce è verde altrimenti tocca una bicicletta
2L,2LDBOC,audio_2273,7,Premi la mia testa se la luce è verde altrimenti tocca un monopattino
2L,2LDBOC,audio_2274,7,Premi la mia testa se la luce è verde altrimenti tocca un ombrello
2L,2LDBOC,audio_2275,7,Premi la mia testa se la luce è verde altrimenti tocca una bambina
2L,2LDBOC,audio_2276,7,Premi la mia testa se la luce è gialla altrimenti tocca una scimmia
2L,2LDBOC,audio_2277,7,Premi la mia testa se la luce è gialla altrimenti tocca un leone
2L,2LDBOC,audio_2278,7,Premi la mia testa se la luce è gialla altrimenti tocca un pappagallo
2L,2LDBOC,audio_2279,7,Premi la mia testa se la luce è gialla altrimenti tocca un polipo
2L,2LDBOC,audio_2280,7,Premi la mia testa se la luce è gialla altrimenti tocca un gelato
2L,2LDBOC,audio_2281,7,Premi la mia testa se la luce è gialla altrimenti tocca un paio di occhiali da sole
2L,2LDBOC,audio_2282,7,Premi la mia testa se la luce è gialla altrimenti tocca una bicicletta
2L,2LDBOC,audio_2283,7,Premi la mia testa se la luce è gialla altrimenti tocca un monopattino
2L,2LDBOC,audio_2284,7,Premi la mia testa se la luce è gialla altrimenti tocca un ombrello
2L,2LDBOC,audio_2285,7,Premi la mia testa se la luce è gialla altrimenti tocca una bambina
2L,2LDBOC,audio_2286,7,Premi la mia testa se la luce è blu altrimenti tocca una scimmia
2L,2LDBOC,audio_2287,7,Premi la mia testa se la luce è blu altrimenti tocca un leone
2L,2LDBOC,audio_2288,7,Premi la mia testa se la luce è blu altrimenti tocca un pappagallo
2L,2LDBOC,audio_2289,7,Premi la mia testa se la luce è blu altrimenti tocca un polipo
2L,2LDBOC,audio_2290,7,Premi la mia testa se la luce è blu altrimenti tocca un gelato
2L,2LDBOC,audio_2291,7,Premi la mia testa se la luce è blu altrimenti tocca un paio di occhiali da sole
2L,2LDBOC,audio_2292,7,Premi la mia testa se la luce è blu altrimenti tocca una bicicletta
2L,2LDBOC,audio_2293,7,Premi la mia testa se la luce è blu altrimenti tocca un monopattino
2L,2LDBOC,audio_2294,7,Premi la mia testa se la luce è blu altrimenti tocca un ombrello
2L,2LDBOC,audio_2295,7,Premi la mia testa se la luce è blu altrimenti tocca una bambina
2L,2LDBOC,audio_2296,7,Premi la mia pancia se la luce è rossa altrimenti tocca una scimmia
2L,2LDBOC,audio_2297,7,Premi la mia pancia se la luce è rossa altrimenti tocca un leone
2L,2LDBOC,audio_2298,7,Premi la mia pancia se la luce è rossa altrimenti tocca un pappagallo
2L,2LDBOC,audio_2299,7,Premi la mia pancia se la luce è rossa altrimenti tocca un polipo
2L,2LDBOC,audio_2300,7,Premi la mia pancia se la luce è rossa altrimenti tocca un gelato
2L,2LDBOC,audio_2301,7,Premi la mia pancia se la luce è rossa altrimenti tocca un paio di occhiali da sole
2L,2LDBOC,audio_2302,7,Premi la mia pancia se la luce è rossa altrimenti tocca una bicicletta
2L,2LDBOC,audio_2303,7,Premi la mia pancia se la luce è rossa altrimenti tocca un monopattino
2L,2LDBOC,audio_2304,7,Premi la mia pancia se la luce è rossa altrimenti tocca un ombrello
2L,2LDBOC,audio_2305,7,Premi la mia pancia se la luce è rossa altrimenti tocca una bambina
2L,2LDBOC,audio_2306,7,Premi la mia pancia se la luce è verde altrimenti tocca una scimmia
2L,2LDBOC,audio_2307,7,Premi la mia pancia se la luce è verde altrimenti tocca un leone
2L,2LDBOC,audio_2308,7,Premi la mia pancia se la luce è verde altrimenti tocca un pappagallo
2L,2LDBOC,audio_2309,7,Premi la mia pancia se la luce è verde altrimenti tocca un polipo
2L,2LDBOC,audio_2310,7,Premi la mia pancia se la luce è verde altrimenti tocca un gelato
2L,2LDBOC,audio_2311,7,Premi la mia pancia se la luce è verde altrimenti tocca un paio di occhiali da sole
2L,2LDBOC,audio_2312,7,Premi la mia pancia se la luce è verde altrimenti tocca una bicicletta
2L,2LDBOC,audio_2313,7,Premi la mia pancia se la luce è verde altrimenti tocca un monopattino
2L,2LDBOC,audio_2314,7,Premi la mia pancia se la luce è verde altrimenti tocca un ombrello
2L,2LDBOC,audio_2315,7,Premi la mia pancia se la luce è verde altrimenti tocca una bambina
2L,2LDBOC,audio_2316,7,Premi la mia pancia se la luce è gialla altrimenti tocca una scimmia
2L,2LDBOC,audio_2317,7,Premi la mia pancia se la luce è gialla altrimenti tocca un leone
2L,2LDBOC,audio_2318,7,Premi la mia pancia se la luce è gialla altrimenti tocca un pappagallo
2L,2LDBOC,audio_2319,7,Premi la mia pancia se la luce è gialla altrimenti tocca un polipo
2L,2LDBOC,audio_2320,7,Premi la mia pancia se la luce è gialla altrimenti tocca un gelato
2L,2LDBOC,audio_2321,7,Premi la mia pancia se la luce è gialla altrimenti tocca un paio di occhiali da sole
2L,2LDBOC,audio_2322,7,Premi la mia pancia se la luce è gialla altrimenti tocca una bicicletta
2L,2LDBOC,audio_2323,7,Premi la mia pancia se la luce è gialla altrimenti tocca un monopattino
2L,2LDBOC,audio_2324,7,Premi la mia pancia se la luce è gialla altrimenti tocca un ombrello
2L,2LDBOC,audio_2325,7,Premi la mia pancia se la luce è gialla altrimenti tocca una bambina
2L,2LDBOC,audio_2326,7,Premi la mia pancia se la luce è blu altrimenti tocca una scimmia
2L,2LDBOC,audio_2327,7,Premi la mia pancia se la luce è blu altrimenti tocca un leone
2L,2LDBOC,audio_2328,7,Premi la mia pancia se la luce è blu altrimenti tocca un pappagallo
2L,2LDBOC,audio_2329,7,Premi la mia pancia se la luce è blu altrimenti tocca un polipo
2L,2LDBOC,audio_2330,7,Premi la mia pancia se la luce è blu altrimenti tocca un gelato
2L,2LDBOC,audio_2331,7,Premi la mia pancia se la luce è blu altrimenti tocca un paio di occhiali da sole
2L,2LDBOC,audio_2332,7,Premi la mia pancia se la luce è blu altrimenti tocca una bicicletta
2L,2LDBOC,audio_2333,7,Premi la mia pancia se la luce è blu altrimenti tocca un monopattino
2L,2LDBOC,audio_2334,7,Premi la mia pancia se la luce è blu altrimenti tocca un ombrello
2L,2LDBOC,audio_2335,7,Premi la mia pancia se la luce è blu altrimenti tocca una bambina
2L,2LDSUOB,audio_2336,6,Tocca una scimmia se la luce è rossa altrimenti premi la mia testa
2L,2LDSUOB,audio_2337,6,Tocca una scimmia se la luce è rossa altrimenti premi la mia pancia
2L,2LDSUOB,audio_2338,6,Tocca una scimmia se la luce è verde altrimenti premi la mia testa
2L,2LDSUOB,audio_2339,6,Tocca una scimmia se la luce è verde altrimenti premi la mia pancia
2L,2LDSUOB,audio_2340,6,Tocca una scimmia se la luce è gialla altrimenti premi la mia testa
2L,2LDSUOB,audio_2341,6,Tocca una scimmia se la luce è gialla altrimenti premi la mia pancia
2L,2LDSUOB,audio_2342,6,Tocca una scimmia se la luce è blu altrimenti premi la mia testa
2L,2LDSUOB,audio_2343,6,Tocca una scimmia se la luce è blu altrimenti premi la mia pancia
2L,2LDSUOB,audio_2344,6,Tocca un leone se la luce è rossa altrimenti premi la mia testa
2L,2LDSUOB,audio_2345,6,Tocca un leone se la luce è rossa altrimenti premi la mia pancia
2L,2LDSUOB,audio_2346,6,Tocca un leone se la luce è verde altrimenti premi la mia testa
2L,2LDSUOB,audio_2347,6,Tocca un leone se la luce è verde altrimenti premi la mia pancia
2L,2LDSUOB,audio_2348,6,Tocca un leone se la luce è gialla altrimenti premi la mia testa
2L,2LDSUOB,audio_2349,6,Tocca un leone se la luce è gialla altrimenti premi la mia pancia
2L,2LDSUOB,audio_2350,6,Tocca un leone se la luce è blu altrimenti premi la mia testa
2L,2LDSUOB,audio_2351,6,Tocca un leone se la luce è blu altrimenti premi la mia pancia
2L,2LDSUOB,audio_2352,6,Tocca un pappagallo se la luce è rossa altrimenti premi la mia testa
2L,2LDSUOB,audio_2353,6,Tocca un pappagallo se la luce è rossa altrimenti premi la mia pancia
2L,2LDSUOB,audio_2354,6,Tocca un pappagallo se la luce è verde altrimenti premi la mia testa
2L,2LDSUOB,audio_2355,6,Tocca un pappagallo se la luce è verde altrimenti premi la mia pancia
2L,2LDSUOB,audio_2356,6,Tocca un pappagallo se la luce è gialla altrimenti premi la mia testa
2L,2LDSUOB,audio_2357,6,Tocca un pappagallo se la luce è gialla altrimenti premi la mia pancia
2L,2LDSUOB,audio_2358,6,Tocca un pappagallo se la luce è blu altrimenti premi la mia testa
2L,2LDSUOB,audio_2359,6,Tocca un pappagallo se la luce è blu altrimenti premi la mia pancia
2L,2LDSUOB,audio_2360,6,Tocca un polipo se la luce è rossa altrimenti premi la mia testa
2L,2LDSUOB,audio_2361,6,Tocca un polipo se la luce è rossa altrimenti premi la mia pancia
2L,2LDSUOB,audio_2362,6,Tocca un polipo se la luce è verde altrimenti premi la mia testa
2L,2LDSUOB,audio_2363,6,Tocca un polipo se la luce è verde altrimenti premi la mia pancia
2L,2LDSUOB,audio_2364,6,Tocca un polipo se la luce è gialla altrimenti premi la mia testa
2L,2LDSUOB,audio_2365,6,Tocca un polipo se la luce è gialla altrimenti premi la mia pancia
2L,2LDSUOB,audio_2366,6,Tocca un polipo se la luce è blu altrimenti premi la mia testa
2L,2LDSUOB,audio_2367,6,Tocca un polipo se la luce è blu altrimenti premi la mia pancia
2L,2LDSUOB,audio_2368,6,Tocca un gelato se la luce è rossa altrimenti premi la mia testa
2L,2LDSUOB,audio_2369,6,Tocca un gelato se la luce è rossa altrimenti premi la mia pancia
2L,2LDSUOB,audio_2370,6,Tocca un gelato se la luce è verde altrimenti premi la mia testa
2L,2LDSUOB,audio_2371,6,Tocca un gelato se la luce è verde altrimenti premi la mia pancia
2L,2LDSUOB,audio_2372,6,Tocca un gelato se la luce è gialla altrimenti premi la mia testa
2L,2LDSUOB,audio_2373,6,Tocca un gelato se la luce è gialla altrimenti premi la mia pancia
2L,2LDSUOB,audio_2374,6,Tocca un gelato se la luce è blu altrimenti premi la mia testa
2L,2LDSUOB,audio_2375,6,Tocca un gelato se la luce è blu altrimenti premi la mia pancia
2L,2LDSUOB,audio_2376,6,Tocca un paio di occhiali da sole se la luce è rossa altrimenti premi la mia testa
2L,2LDSUOB,audio_2377,6,Tocca un paio di occhiali da sole se la luce è rossa altrimenti Ppemi la mia pancia
2L,2LDSUOB,audio_2378,6,Tocca un paio di occhiali da sole se la luce è verde altrimenti premi la mia testa
2L,2LDSUOB,audio_2379,6,Tocca un paio di occhiali da sole se la luce è verde altrimenti premi la mia pancia
2L,2LDSUOB,audio_2380,6,Tocca un paio di occhiali da sole se la luce è gialla altrimenti premi la mia testa
2L,2LDSUOB,audio_2381,6,Tocca un paio di occhiali da sole se la luce è gialla altrimenti premi la mia pancia
2L,2LDSUOB,audio_2382,6,Tocca un paio di occhiali da sole se la luce è blu altrimenti premi la mia testa
2L,2LDSUOB,audio_2383,6,Tocca un paio di occhiali da sole se la luce è blu altrimenti premi la mia pancia
2L,2LDSUOB,audio_2384,6,Tocca una bicicletta se la luce è rossa altrimenti premi la mia testa
2L,2LDSUOB,audio_2385,6,Tocca una bicicletta se la luce è rossa altrimenti premi la mia pancia
2L,2LDSUOB,audio_2386,6,Tocca una bicicletta se la luce è verde altrimenti premi la mia testa
2L,2LDSUOB,audio_2387,6,Tocca una bicicletta se la luce è verde altrimenti premi la mia pancia
2L,2LDSUOB,audio_2388,6,Tocca una bicicletta se la luce è gialla altrimenti premi la mia testa
2L,2LDSUOB,audio_2389,6,Tocca una bicicletta se la luce è gialla altrimenti premi la mia pancia
2L,2LDSUOB,audio_2390,6,Tocca una bicicletta se la luce è blu altrimenti premi la mia testa
2L,2LDSUOB,audio_2391,6,Tocca una bicicletta se la luce è blu altrimenti premi la mia pancia
2L,2LDSUOB,audio_2392,6,Tocca un monopattino se la luce è rossa altrimenti premi la mia testa
2L,2LDSUOB,audio_2393,6,Tocca un monopattino se la luce è rossa altrimenti premi la mia pancia
2L,2LDSUOB,audio_2394,6,Tocca un monopattino se la luce è verde altrimenti premi la mia testa
2L,2LDSUOB,audio_2395,6,Tocca un monopattino se la luce è verde altrimenti premi la mia pancia
2L,2LDSUOB,audio_2396,6,Tocca un monopattino se la luce è gialla altrimenti premi la mia testa
2L,2LDSUOB,audio_2397,6,Tocca un monopattino se la luce è gialla altrimenti premi la mia pancia
2L,2LDSUOB,audio_2398,6,Tocca un monopattino se la luce è blu altrimenti premi la mia testa
2L,2LDSUOB,audio_2399,6,Tocca un monopattino se la luce è blu altrimenti premi la mia pancia
2L,2LDSUOB,audio_2400,6,Tocca un ombrello se la luce è rossa altrimenti premi la mia testa
2L,2LDSUOB,audio_2401,6,Tocca un ombrello se la luce è rossa altrimenti premi la mia pancia
2L,2LDSUOB,audio_2402,6,Tocca un ombrello se la luce è verde altrimenti premi la mia testa
2L,2LDSUOB,audio_2403,6,Tocca un ombrello se la luce è verde altrimenti premi la mia pancia
2L,2LDSUOB,audio_2404,6,Tocca un ombrello se la luce è gialla altrimenti premi la mia testa
2L,2LDSUOB,audio_2405,6,Tocca un ombrello se la luce è gialla altrimenti premi la mia pancia
2L,2LDSUOB,audio_2406,6,Tocca un ombrello se la luce è blu altrimenti premi la mia testa
2L,2LDSUOB,audio_2407,6,Tocca un ombrello se la luce è blu altrimenti premi la mia pancia
2L,2LDSUOB,audio_2408,6,Tocca una bambina se la luce è rossa altrimenti premi la mia testa
2L,2LDSUOB,audio_2409,6,Tocca una bambina se la luce è rossa altrimenti premi la mia pancia
2L,2LDSUOB,audio_2410,6,Tocca una bambina se la luce è verde altrimenti premi la mia testa
2L,2LDSUOB,audio_2411,6,Tocca una bambina se la luce è verde altrimenti premi la mia pancia
2L,2LDSUOB,audio_2412,6,Tocca una bambina se la luce è gialla altrimenti premi la mia testa
2L,2LDSUOB,audio_2413,6,Tocca una bambina se la luce è gialla altrimenti premi la mia pancia
2L,2LDSUOB,audio_2414,6,Tocca una bambina se la luce è blu altrimenti premi la mia testa
2L,2LDSUOB,audio_2415,6,Tocca una bambina se la luce è blu altrimenti premi la mia pancia
2L,2LDBOB,audio_2416,5,Premi la mia testa se la luce è rossa altrimenti premi la mia pancia
2L,2LDBOB,audio_2417,5,Premi la mia testa se la luce è verde altrimenti premi la mia pancia
2L,2LDBOB,audio_2418,5,Premi la mia testa se la luce è gialla altrimenti premi la mia pancia
2L,2LDBOB,audio_2419,5,Premi la mia testa se la luce è blu altrimenti premi la mia pancia
2L,2LDBOB,audio_2420,5,Premi la mia pancia se la luce è rossa altrimenti premi la mia testa
2L,2LDBOB,audio_2421,5,Premi la mia pancia se la luce è verde altrimenti premi la mia testa
2L,2LDBOB,audio_2422,5,Premi la mia pancia se la luce è gialla altrimenti premi la mia testa
2L,2LDBOB,audio_2423,5,Premi la mia pancia se la luce è blu altrimenti premi la mia testa
2L,2LDSU2,audio_2424,9,Tocca una scimmia se divento rosso oppure tocca un leone se divento giallo
2L,2LDSU2,audio_2425,9,Tocca una scimmia se divento rosso oppure tocca un leone se divento verde
2L,2LDSU2,audio_2426,9,Tocca una scimmia se divento rosso oppure tocca un leone se divento blu
2L,2LDSU2,audio_2427,9,Tocca una scimmia se divento verde oppure tocca un leone se divento rosso
2L,2LDSU2,audio_2428,9,Tocca una scimmia se divento verde oppure tocca un leone se divento giallo
2L,2LDSU2,audio_2429,9,Tocca una scimmia se divento verde oppure tocca un leone se divento blu
2L,2LDSU2,audio_2430,9,Tocca una scimmia se divento giallo oppure tocca un leone se divento rosso
2L,2LDSU2,audio_2431,9,Tocca una scimmia se divento giallo oppure tocca un leone se divento giallo
2L,2LDSU2,audio_2432,9,Tocca una scimmia se divento giallo oppure tocca un leone se divento blu
2L,2LDSU2,audio_2433,9,Tocca una scimmia se divento blu oppure tocca un leone se divento rosso
2L,2LDSU2,audio_2434,9,Tocca una scimmia se divento blu oppure tocca un leone se divento giallo
2L,2LDSU2,audio_2435,9,Tocca una scimmia se divento blu oppure tocca un leone se divento verde
2L,2LDSU2,audio_2436,9,Tocca una scimmia se divento rosso oppure tocca un pappagallo se divento giallo
2L,2LDSU2,audio_2437,9,Tocca una scimmia se divento rosso oppure tocca un pappagallo se divento verde
2L,2LDSU2,audio_2438,9,Tocca una scimmia se divento rosso oppure tocca un pappagallo se compare il colore blugiallo
2L,2LDSU2,audio_2439,9,Tocca una scimmia se divento verde oppure tocca un pappagallo se divento rosso
2L,2LDSU2,audio_2440,9,Tocca una scimmia se divento verde oppure tocca un pappagallo se divento giallo
2L,2LDSU2,audio_2441,9,Tocca una scimmia se divento verde oppure tocca un pappagallo se divento blu
2L,2LDSU2,audio_2442,9,Tocca una scimmia se divento giallo oppure tocca un pappagallo se divento rosso
2L,2LDSU2,audio_2443,9,Tocca una scimmia se divento giallo oppure tocca un pappagallo se divento giallo
2L,2LDSU2,audio_2444,9,Tocca una scimmia se divento giallo oppure tocca un pappagallo se divento blu
2L,2LDSU2,audio_2445,9,Tocca una scimmia se divento blu oppure tocca un pappagallo se divento rosso
2L,2LDSU2,audio_2446,9,Tocca una scimmia se divento blu oppure tocca un pappagallo se divento giallo
2L,2LDSU2,audio_2447,9,Tocca una scimmia se divento blu oppure tocca un pappagallo se divento verde
2L,2LDSU2,audio_2448,9,Tocca una scimmia se divento rosso oppure tocca un polipo se divento giallo
2L,2LDSU2,audio_2449,9,Tocca una scimmia se divento rosso oppure tocca un polipo se divento verde
2L,2LDSU2,audio_2450,9,Tocca una scimmia se divento rosso oppure tocca un polipo se divento blu
2L,2LDSU2,audio_2451,9,Tocca una scimmia se divento verde oppure tocca un polipo se divento rosso
2L,2LDSU2,audio_2452,9,Tocca una scimmia se divento verde oppure tocca un polipo se divento giallo
2L,2LDSU2,audio_2453,9,Tocca una scimmia se divento verde oppure tocca un polipo se divento blu
2L,2LDSU2,audio_2454,9,Tocca una scimmia se divento giallo oppure tocca un polipo se divento rosso
2L,2LDSU2,audio_2455,9,Tocca una scimmia se divento giallo oppure tocca un polipo se divento giallo
2L,2LDSU2,audio_2456,9,Tocca una scimmia se divento giallo oppure tocca un polipo se divento blu
2L,2LDSU2,audio_2457,9,Tocca una scimmia se divento blu oppure tocca un polipo se divento rosso
2L,2LDSU2,audio_2458,9,Tocca una scimmia se divento blu oppure tocca un polipo se divento giallo
2L,2LDSU2,audio_2459,9,Tocca una scimmia se divento blu oppure tocca un polipo se divento verde
2L,2LDSU2,audio_2460,9,Tocca una scimmia se divento rosso oppure tocca un gelato se divento giallo
2L,2LDSU2,audio_2461,9,Tocca una scimmia se divento rosso oppure tocca un gelato se divento verde
2L,2LDSU2,audio_2462,9,Tocca una scimmia se divento rosso oppure tocca un gelato se divento blu
2L,2LDSU2,audio_2463,9,Tocca una scimmia se divento verde oppure tocca un gelato se divento rosso
2L,2LDSU2,audio_2464,9,Tocca una scimmia se divento verde oppure tocca un gelato se divento giallo
2L,2LDSU2,audio_2465,9,Tocca una scimmia se divento verde oppure tocca un gelato se divento blu
2L,2LDSU2,audio_2466,9,Tocca una scimmia se divento giallo oppure tocca un gelato se divento rosso
2L,2LDSU2,audio_2467,9,Tocca una scimmia se divento giallo oppure tocca un gelato se divento giallo
2L,2LDSU2,audio_2468,9,Tocca una scimmia se divento giallo oppure tocca un gelato se divento blu
2L,2LDSU2,audio_2469,9,Tocca una scimmia se divento blu oppure tocca un gelato se divento rosso
2L,2LDSU2,audio_2470,9,Tocca una scimmia se divento blu oppure tocca un gelato se divento giallo
2L,2LDSU2,audio_2471,9,Tocca una scimmia se divento blu oppure tocca un gelato se divento verde
2L,2LDSU2,audio_2472,9,Tocca una scimmia se divento rosso oppure tocca una bambina se divento giallo
2L,2LDSU2,audio_2473,9,Tocca una scimmia se divento rosso oppure tocca una bambina se divento verde
2L,2LDSU2,audio_2474,9,Tocca una scimmia se divento rosso oppure tocca una bambina se divento blu
2L,2LDSU2,audio_2475,9,Tocca una scimmia se divento verde oppure tocca una bambina se divento rosso
2L,2LDSU2,audio_2476,9,Tocca una scimmia se divento verde oppure tocca una bambina se divento giallo
2L,2LDSU2,audio_2477,9,Tocca una scimmia se divento verde oppure tocca una bambina se divento blu
2L,2LDSU2,audio_2478,9,Tocca una scimmia se divento giallo oppure tocca una bambina se divento rosso
2L,2LDSU2,audio_2479,9,Tocca una scimmia se divento giallo oppure tocca una bambina se divento giallo
2L,2LDSU2,audio_2480,9,Tocca una scimmia se divento giallo oppure tocca una bambina se divento blu
2L,2LDSU2,audio_2481,9,Tocca una scimmia se divento blu oppure tocca una bambina se divento rosso
2L,2LDSU2,audio_2482,9,Tocca una scimmia se divento blu oppure tocca una bambina se divento giallo
2L,2LDSU2,audio_2483,9,Tocca una scimmia se divento blu oppure tocca una bambina se divento verde
2L,2LDSU2,audio_2484,9,Tocca una scimmia se divento rosso oppure tocca un paio di occhiali da sole se divento giallo
2L,2LDSU2,audio_2485,9,Tocca una scimmia se divento rosso oppure tocca un paio di occhiali da sole se divento verde
2L,2LDSU2,audio_2486,9,Tocca una scimmia se divento rosso oppure tocca un paio di occhiali da sole se divento blu
2L,2LDSU2,audio_2487,9,Tocca una scimmia se divento verde oppure tocca un paio di occhiali da sole se divento rosso
2L,2LDSU2,audio_2488,9,Tocca una scimmia se divento verde oppure tocca un paio di occhiali da sole se divento giallo
2L,2LDSU2,audio_2489,9,Tocca una scimmia se divento verde oppure tocca un paio di occhiali da sole se divento blu
2L,2LDSU2,audio_2490,9,Tocca una scimmia se divento giallo oppure tocca un paio di occhiali da sole se divento rosso
2L,2LDSU2,audio_2491,9,Tocca una scimmia se divento giallo oppure tocca un paio di occhiali da sole se divento giallo
2L,2LDSU2,audio_2492,9,Tocca una scimmia se divento giallo oppure tocca un paio di occhiali da sole se divento blu
2L,2LDSU2,audio_2493,9,Tocca una scimmia se divento blu oppure tocca un paio di occhiali da sole se divento rosso
2L,2LDSU2,audio_2494,9,Tocca una scimmia se divento blu oppure tocca un paio di occhiali da sole se divento giallo
2L,2LDSU2,audio_2495,9,Tocca una scimmia se divento blu oppure tocca un paio di occhiali da sole se divento verde
2L,2LDSU2,audio_2496,9,Tocca una scimmia se divento rosso oppure tocca una bicicletta se divento giallo
2L,2LDSU2,audio_2497,9,Tocca una scimmia se divento rosso oppure tocca una bicicletta se divento verde
2L,2LDSU2,audio_2498,9,Tocca una scimmia se divento rosso oppure tocca una bicicletta se divento blu
2L,2LDSU2,audio_2499,9,Tocca una scimmia se divento verde oppure tocca una bicicletta se divento rosso
2L,2LDSU2,audio_2500,9,Tocca una scimmia se divento verde oppure tocca una bicicletta se divento giallo
2L,2LDSU2,audio_2501,9,Tocca una scimmia se divento verde oppure tocca una bicicletta se divento blu
2L,2LDSU2,audio_2502,9,Tocca una scimmia se divento giallo oppure tocca una bicicletta se divento rosso
2L,2LDSU2,audio_2503,9,Tocca una scimmia se divento giallo oppure tocca una bicicletta se divento giallo
2L,2LDSU2,audio_2504,9,Tocca una scimmia se divento giallo oppure tocca una bicicletta se divento blu
2L,2LDSU2,audio_2505,9,Tocca una scimmia se divento blu oppure tocca una bicicletta se divento rosso
2L,2LDSU2,audio_2506,9,Tocca una scimmia se divento blu oppure tocca una bicicletta se divento giallo
2L,2LDSU2,audio_2507,9,Tocca una scimmia se divento blu oppure tocca una bicicletta se divento verde
2L,2LDSU2,audio_2508,9,Tocca una scimmia se divento rosso oppure tocca un monopattino se divento giallo
2L,2LDSU2,audio_2509,9,Tocca una scimmia se divento rosso oppure tocca un monopattino se divento verde
2L,2LDSU2,audio_2510,9,Tocca una scimmia se divento rosso oppure tocca un monopattino se divento blu
2L,2LDSU2,audio_2511,9,Tocca una scimmia se divento verde oppure tocca un monopattino se divento rosso
2L,2LDSU2,audio_2512,9,Tocca una scimmia se divento verde oppure tocca un monopattino se divento giallo
2L,2LDSU2,audio_2513,9,Tocca una scimmia se divento verde oppure tocca un monopattino se divento blu
2L,2LDSU2,audio_2514,9,Tocca una scimmia se divento giallo oppure tocca un monopattino se divento rosso
2L,2LDSU2,audio_2515,9,Tocca una scimmia se divento giallo oppure tocca un monopattino se divento giallo
2L,2LDSU2,audio_2516,9,Tocca una scimmia se divento giallo oppure tocca un monopattino se divento blu
2L,2LDSU2,audio_2517,9,Tocca una scimmia se divento blu oppure tocca un monopattino se divento rosso
2L,2LDSU2,audio_2518,9,Tocca una scimmia se divento blu oppure tocca un monopattino se divento giallo
2L,2LDSU2,audio_2519,9,Tocca una scimmia se divento blu oppure tocca un monopattino se divento verde
2L,2LDSU2,audio_2520,9,Tocca una scimmia se divento rosso oppure tocca un ombrello se divento giallo
2L,2LDSU2,audio_2521,9,Tocca una scimmia se divento rosso oppure tocca un ombrello se divento verde
2L,2LDSU2,audio_2522,9,Tocca una scimmia se divento rosso oppure tocca un ombrello se divento blu
2L,2LDSU2,audio_2523,9,Tocca una scimmia se divento verde oppure tocca un ombrello se divento rosso
2L,2LDSU2,audio_2524,9,Tocca una scimmia se divento verde oppure tocca un ombrello se divento giallo
2L,2LDSU2,audio_2525,9,Tocca una scimmia se divento verde oppure tocca un ombrello se divento blu
2L,2LDSU2,audio_2526,9,Tocca una scimmia se divento giallo oppure tocca un ombrello se divento rosso
2L,2LDSU2,audio_2527,9,Tocca una scimmia se divento giallo oppure tocca un ombrello se divento giallo
2L,2LDSU2,audio_2528,9,Tocca una scimmia se divento giallo oppure tocca un ombrello se divento blu
2L,2LDSU2,audio_2529,9,Tocca una scimmia se divento blu oppure tocca un ombrello se divento rosso
2L,2LDSU2,audio_2530,9,Tocca una scimmia se divento blu oppure tocca un ombrello se divento giallo
2L,2LDSU2,audio_2531,9,Tocca una scimmia se divento blu oppure tocca un ombrello se divento verde
2L,2LDSU2,audio_2532,9,Tocca un leone se divento rosso oppure tocca un pappagallo se divento giallo
2L,2LDSU2,audio_2533,9,Tocca un leone se divento rosso oppure tocca un pappagallo se divento verde
2L,2LDSU2,audio_2534,9,Tocca un leone se divento rosso oppure tocca un pappagallo se divento blu
2L,2LDSU2,audio_2535,9,Tocca un leone se divento verde oppure tocca un pappagallo se divento rosso
2L,2LDSU2,audio_2536,9,Tocca un leone se divento verde oppure tocca un pappagallo se divento giallo
2L,2LDSU2,audio_2537,9,Tocca un leone se divento verde oppure tocca un pappagallo se divento blu
2L,2LDSU2,audio_2538,9,Tocca un leone se divento giallo oppure tocca un pappagallo se divento rosso
2L,2LDSU2,audio_2539,9,Tocca un leone se divento giallo oppure tocca un pappagallo se divento giallo
2L,2LDSU2,audio_2540,9,Tocca un leone se divento giallo oppure tocca un pappagallo se divento blu
2L,2LDSU2,audio_2541,9,Tocca un leone se divento blu oppure tocca un pappagallo se divento rosso
2L,2LDSU2,audio_2542,9,Tocca un leone se divento blu oppure tocca un pappagallo se divento giallo
2L,2LDSU2,audio_2543,9,Tocca un leone se divento blu oppure tocca un pappagallo se divento verde
2L,2LDSU2,audio_2544,9,Tocca un leone se divento rosso oppure tocca un polipo se divento giallo
2L,2LDSU2,audio_2545,9,Tocca un leone se divento rosso oppure tocca un polipo se divento verde
2L,2LDSU2,audio_2546,9,Tocca un leone se divento rosso oppure tocca un polipo se divento blu
2L,2LDSU2,audio_2547,9,Tocca un leone se divento verde oppure tocca un polipo se divento rosso
2L,2LDSU2,audio_2548,9,Tocca un leone se divento verde oppure tocca un polipo se divento giallo
2L,2LDSU2,audio_2549,9,Tocca un leone se divento verde oppure tocca un polipo se divento blu
2L,2LDSU2,audio_2550,9,Tocca un leone se divento giallo oppure tocca un polipo se divento rosso
2L,2LDSU2,audio_2551,9,Tocca un leone se divento giallo oppure tocca un polipo se divento giallo
2L,2LDSU2,audio_2552,9,Tocca un leone se divento giallo oppure tocca un polipo se divento blu
2L,2LDSU2,audio_2553,9,Tocca un leone se divento blu oppure tocca un polipo se divento rosso
2L,2LDSU2,audio_2554,9,Tocca un leone se divento blu oppure tocca un polipo se divento giallo
2L,2LDSU2,audio_2555,9,Tocca un leone se divento blu oppure tocca un polipo se divento verde
2L,2LDSU2,audio_2556,9,Tocca un leone se divento rosso oppure tocca un gelato se divento giallo
2L,2LDSU2,audio_2557,9,Tocca un leone se divento rosso oppure tocca un gelato se divento verde
2L,2LDSU2,audio_2558,9,Tocca un leone se divento rosso oppure tocca un gelato se divento blu
2L,2LDSU2,audio_2559,9,Tocca un leone se divento verde oppure tocca un gelato se divento rosso
2L,2LDSU2,audio_2560,9,Tocca un leone se divento verde oppure tocca un gelato se divento giallo
2L,2LDSU2,audio_2561,9,Tocca un leone se divento verde oppure tocca un gelato se divento blu
2L,2LDSU2,audio_2562,9,Tocca un leone se divento giallo oppure tocca un gelato se divento rosso
2L,2LDSU2,audio_2563,9,Tocca un leone se divento giallo oppure tocca un gelato se divento giallo
2L,2LDSU2,audio_2564,9,Tocca un leone se divento giallo oppure tocca un gelato se divento blu
2L,2LDSU2,audio_2565,9,Tocca un leone se divento blu oppure tocca un gelato se divento rosso
2L,2LDSU2,audio_2566,9,Tocca un leone se divento blu oppure tocca un gelato se divento giallo
2L,2LDSU2,audio_2567,9,Tocca un leone se divento blu oppure tocca un gelato se divento verde
2L,2LDSU2,audio_2568,9,Tocca un leone se divento rosso oppure tocca una bambina se divento giallo
2L,2LDSU2,audio_2569,9,Tocca un leone se divento rosso oppure tocca una bambina se divento verde
2L,2LDSU2,audio_2570,9,Tocca un leone se divento rosso oppure tocca una bambina se divento blu
2L,2LDSU2,audio_2571,9,Tocca un leone se divento verde oppure tocca una bambina se divento rosso
2L,2LDSU2,audio_2572,9,Tocca un leone se divento verde oppure tocca una bambina se divento giallo
2L,2LDSU2,audio_2573,9,Tocca un leone se divento verde oppure tocca una bambina se divento blu
2L,2LDSU2,audio_2574,9,Tocca un leone se divento giallo oppure tocca una bambina se divento rosso
2L,2LDSU2,audio_2575,9,Tocca un leone se divento giallo oppure tocca una bambina se divento giallo
2L,2LDSU2,audio_2576,9,Tocca un leone se divento giallo oppure tocca una bambina se divento blu
2L,2LDSU2,audio_2577,9,Tocca un leone se divento blu oppure tocca una bambina se divento rosso
2L,2LDSU2,audio_2578,9,Tocca un leone se divento blu oppure tocca una bambina se divento giallo
2L,2LDSU2,audio_2579,9,Tocca un leone se divento blu oppure tocca una bambina se divento verde
2L,2LDSU2,audio_2580,9,Tocca un leone se divento rosso oppure tocca un paio di occhiali da sole se divento giallo
2L,2LDSU2,audio_2581,9,Tocca un leone se divento rosso oppure tocca un paio di occhiali da sole se divento verde
2L,2LDSU2,audio_2582,9,Tocca un leone se divento rosso oppure tocca un paio di occhiali da sole se divento blu
2L,2LDSU2,audio_2583,9,Tocca un leone se divento verde oppure tocca un paio di occhiali da sole se divento rosso
2L,2LDSU2,audio_2584,9,Tocca un leone se divento verde oppure tocca un paio di occhiali da sole se divento giallo
2L,2LDSU2,audio_2585,9,Tocca un leone se divento verde oppure tocca un paio di occhiali da sole se divento blu
2L,2LDSU2,audio_2586,9,Tocca un leone se divento giallo oppure tocca un paio di occhiali da sole se divento rosso
2L,2LDSU2,audio_2587,9,Tocca un leone se divento giallo oppure tocca un paio di occhiali da sole se divento giallo
2L,2LDSU2,audio_2588,9,Tocca un leone se divento giallo oppure tocca un paio di occhiali da sole se divento blu
2L,2LDSU2,audio_2589,9,Tocca un leone se divento blu oppure tocca un paio di occhiali da sole se divento rosso
2L,2LDSU2,audio_2590,9,Tocca un leone se divento blu oppure tocca un paio di occhiali da sole se divento giallo
2L,2LDSU2,audio_2591,9,Tocca un leone se divento blu oppure tocca un paio di occhiali da sole se divento verde
2L,2LDSU2,audio_2592,9,Tocca un leone se divento rosso oppure tocca una bicicletta se divento giallo
2L,2LDSU2,audio_2593,9,Tocca un leone se divento rosso oppure tocca una bicicletta se divento verde
2L,2LDSU2,audio_2594,9,Tocca un leone se divento rosso oppure tocca una bicicletta se divento blu
2L,2LDSU2,audio_2595,9,Tocca un leone se divento verde oppure tocca una bicicletta se divento rosso
2L,2LDSU2,audio_2596,9,Tocca un leone se divento verde oppure tocca una bicicletta se divento giallo
2L,2LDSU2,audio_2597,9,Tocca un leone se divento verde oppure tocca una bicicletta se divento blu
2L,2LDSU2,audio_2598,9,Tocca un leone se divento giallo oppure tocca una bicicletta se divento rosso
2L,2LDSU2,audio_2599,9,Tocca un leone se divento giallo oppure tocca una bicicletta se divento giallo
2L,2LDSU2,audio_2600,9,Tocca un leone se divento giallo oppure tocca una bicicletta se divento blu
2L,2LDSU2,audio_2601,9,Tocca un leone se divento blu oppure tocca una bicicletta se divento rosso
2L,2LDSU2,audio_2602,9,Tocca un leone se divento blu oppure tocca una bicicletta se divento giallo
2L,2LDSU2,audio_2603,9,Tocca un leone se divento blu oppure tocca una bicicletta se divento verde
2L,2LDSU2,audio_2604,9,Tocca un leone se divento rosso oppure tocca un monopattino se divento giallo
2L,2LDSU2,audio_2605,9,Tocca un leone se divento rosso oppure tocca un monopattino se divento verde
2L,2LDSU2,audio_2606,9,Tocca un leone se divento rosso oppure tocca un monopattino se divento blu
2L,2LDSU2,audio_2607,9,Tocca un leone se divento verde oppure tocca un monopattino se divento rosso
2L,2LDSU2,audio_2608,9,Tocca un leone se divento verde oppure tocca un monopattino se divento giallo
2L,2LDSU2,audio_2609,9,Tocca un leone se divento verde oppure tocca un monopattino se divento blu
2L,2LDSU2,audio_2610,9,Tocca un leone se divento giallo oppure tocca un monopattino se divento rosso
2L,2LDSU2,audio_2611,9,Tocca un leone se divento giallo oppure tocca un monopattino se divento giallo
2L,2LDSU2,audio_2612,9,Tocca un leone se divento giallo oppure tocca un monopattino se divento blu
2L,2LDSU2,audio_2613,9,Tocca un leone se divento blu oppure tocca un monopattino se divento rosso
2L,2LDSU2,audio_2614,9,Tocca un leone se divento blu oppure tocca un monopattino se divento giallo
2L,2LDSU2,audio_2615,9,Tocca un leone se divento blu oppure tocca un monopattino se divento verde
2L,2LDSU2,audio_2616,9,Tocca un leone se divento rosso oppure tocca un ombrello se divento giallo
2L,2LDSU2,audio_2617,9,Tocca un leone se divento rosso oppure tocca un ombrello se divento verde
2L,2LDSU2,audio_2618,9,Tocca un leone se divento rosso oppure tocca un ombrello se divento blu
2L,2LDSU2,audio_2619,9,Tocca un leone se divento verde oppure tocca un ombrello se divento rosso
2L,2LDSU2,audio_2620,9,Tocca un leone se divento verde oppure tocca un ombrello se divento giallo
2L,2LDSU2,audio_2621,9,Tocca un leone se divento verde oppure tocca un ombrello se divento blu
2L,2LDSU2,audio_2622,9,Tocca un leone se divento giallo oppure tocca un ombrello se divento rosso
2L,2LDSU2,audio_2623,9,Tocca un leone se divento giallo oppure tocca un ombrello se divento giallo
2L,2LDSU2,audio_2624,9,Tocca un leone se divento giallo oppure tocca un ombrello se divento blu
2L,2LDSU2,audio_2625,9,Tocca un leone se divento blu oppure tocca un ombrello se divento rosso
2L,2LDSU2,audio_2626,9,Tocca un leone se divento blu oppure tocca un ombrello se divento giallo
2L,2LDSU2,audio_2627,9,Tocca un leone se divento blu oppure tocca un ombrello se divento verde
2L,2LDSU2,audio_2628,9,Tocca un polipo se divento rosso oppure tocca un pappagallo se divento giallo
2L,2LDSU2,audio_2629,9,Tocca un polipo se divento rosso oppure tocca un pappagallo se divento verde
2L,2LDSU2,audio_2630,9,Tocca un polipo se divento rosso oppure tocca un pappagallo se divento blu
2L,2LDSU2,audio_2631,9,Tocca un polipo se divento verde oppure tocca un pappagallo se divento rosso
2L,2LDSU2,audio_2632,9,Tocca un polipo se divento verde oppure tocca un pappagallo se divento giallo
2L,2LDSU2,audio_2633,9,Tocca un polipo se divento verde oppure tocca un pappagallo se divento blu
2L,2LDSU2,audio_2634,9,Tocca un polipo se divento giallo oppure tocca un pappagallo se divento rosso
2L,2LDSU2,audio_2635,9,Tocca un polipo se divento giallo oppure tocca un pappagallo se divento giallo
2L,2LDSU2,audio_2636,9,Tocca un polipo se divento giallo oppure tocca un pappagallo se divento blu
2L,2LDSU2,audio_2637,9,Tocca un polipo se divento blu oppure tocca un pappagallo se divento rosso
2L,2LDSU2,audio_2638,9,Tocca un polipo se divento blu oppure tocca un pappagallo se divento giallo
2L,2LDSU2,audio_2639,9,Tocca un polipo se divento blu oppure tocca un pappagallo se divento verde
2L,2LDSU2,audio_2640,9,Tocca un polipo se divento rosso oppure tocca un gelato se divento giallo
2L,2LDSU2,audio_2641,9,Tocca un polipo se divento rosso oppure tocca un gelato se divento verde
2L,2LDSU2,audio_2642,9,Tocca un polipo se divento rosso oppure tocca un gelato se divento blu
2L,2LDSU2,audio_2643,9,Tocca un polipo se divento verde oppure tocca un gelato se divento rosso
2L,2LDSU2,audio_2644,9,Tocca un polipo se divento verde oppure tocca un gelato se divento giallo
2L,2LDSU2,audio_2645,9,Tocca un polipo se divento verde oppure tocca un gelato se divento blu
2L,2LDSU2,audio_2646,9,Tocca un polipo se divento giallo oppure tocca un gelato se divento rosso
2L,2LDSU2,audio_2647,9,Tocca un polipo se divento giallo oppure tocca un gelato se divento giallo
2L,2LDSU2,audio_2648,9,Tocca un polipo se divento giallo oppure tocca un gelato se divento blu
2L,2LDSU2,audio_2649,9,Tocca un polipo se divento blu oppure tocca un gelato se divento rosso
2L,2LDSU2,audio_2650,9,Tocca un polipo se divento blu oppure tocca un gelato se divento giallo
2L,2LDSU2,audio_2651,9,Tocca un polipo se divento blu oppure tocca un gelato se divento verde
2L,2LDSU2,audio_2652,9,Tocca un polipo se divento rosso oppure tocca una bambina se divento giallo
2L,2LDSU2,audio_2653,9,Tocca un polipo se divento rosso oppure tocca una bambina se divento verde
2L,2LDSU2,audio_2654,9,Tocca un polipo se divento rosso oppure tocca una bambina se divento blu
2L,2LDSU2,audio_2655,9,Tocca un polipo se divento verde oppure tocca una bambina se divento rosso
2L,2LDSU2,audio_2656,9,Tocca un polipo se divento verde oppure tocca una bambina se divento giallo
2L,2LDSU2,audio_2657,9,Tocca un polipo se divento verde oppure tocca una bambina se divento blu
2L,2LDSU2,audio_2658,9,Tocca un polipo se divento giallo oppure tocca una bambina se divento rosso
2L,2LDSU2,audio_2659,9,Tocca un polipo se divento giallo oppure tocca una bambina se divento giallo
2L,2LDSU2,audio_2660,9,Tocca un polipo se divento giallo oppure tocca una bambina se divento blu
2L,2LDSU2,audio_2661,9,Tocca un polipo se divento blu oppure tocca una bambina se divento rosso
2L,2LDSU2,audio_2662,9,Tocca un polipo se divento blu oppure tocca una bambina se divento giallo
2L,2LDSU2,audio_2663,9,Tocca un polipo se divento blu oppure tocca una bambina se divento verde
2L,2LDSU2,audio_2664,9,Tocca un polipo se divento rosso oppure tocca un paio di occhiali da sole se divento giallo
2L,2LDSU2,audio_2665,9,Tocca un polipo se divento rosso oppure tocca un paio di occhiali da sole se divento verde
2L,2LDSU2,audio_2666,9,Tocca un polipo se divento rosso oppure tocca un paio di occhiali da sole se divento blu
2L,2LDSU2,audio_2667,9,Tocca un polipo se divento verde oppure tocca un paio di occhiali da sole se divento rosso
2L,2LDSU2,audio_2668,9,Tocca un polipo se divento verde oppure tocca un paio di occhiali da sole se divento giallo
2L,2LDSU2,audio_2669,9,Tocca un polipo se divento verde oppure tocca un paio di occhiali da sole se divento blu
2L,2LDSU2,audio_2670,9,Tocca un polipo se divento giallo oppure tocca un paio di occhiali da sole se divento rosso
2L,2LDSU2,audio_2671,9,Tocca un polipo se divento giallo oppure tocca un paio di occhiali da sole se divento giallo
2L,2LDSU2,audio_2672,9,Tocca un polipo se divento giallo oppure tocca un paio di occhiali da sole se divento blu
2L,2LDSU2,audio_2673,9,Tocca un polipo se divento blu oppure tocca un paio di occhiali da sole se divento rosso
2L,2LDSU2,audio_2674,9,Tocca un polipo se divento blu oppure tocca un paio di occhiali da sole se divento giallo
2L,2LDSU2,audio_2675,9,Tocca un polipo se divento blu oppure tocca un paio di occhiali da sole se divento verde
2L,2LDSU2,audio_2676,9,Tocca un polipo se divento rosso oppure tocca una bicicletta se divento giallo
2L,2LDSU2,audio_2677,9,Tocca un polipo se divento rosso oppure tocca una bicicletta se divento verde
2L,2LDSU2,audio_2678,9,Tocca un polipo se divento rosso oppure tocca una bicicletta se divento blu
2L,2LDSU2,audio_2679,9,Tocca un polipo se divento verde oppure tocca una bicicletta se divento rosso
2L,2LDSU2,audio_2680,9,Tocca un polipo se divento verde oppure tocca una bicicletta se divento giallo
2L,2LDSU2,audio_2681,9,Tocca un polipo se divento verde oppure tocca una bicicletta se divento blu
2L,2LDSU2,audio_2682,9,Tocca un polipo se divento giallo oppure tocca una bicicletta se divento rosso
2L,2LDSU2,audio_2683,9,Tocca un polipo se divento giallo oppure tocca una bicicletta se divento giallo
2L,2LDSU2,audio_2684,9,Tocca un polipo se divento giallo oppure tocca una bicicletta se divento blu
2L,2LDSU2,audio_2685,9,Tocca un polipo se divento blu oppure tocca una bicicletta se divento rosso
2L,2LDSU2,audio_2686,9,Tocca un polipo se divento blu oppure tocca una bicicletta se divento giallo
2L,2LDSU2,audio_2687,9,Tocca un polipo se divento blu oppure tocca una bicicletta se divento verde
2L,2LDSU2,audio_2688,9,Tocca un polipo se divento rosso oppure tocca un monopattino se divento giallo
2L,2LDSU2,audio_2689,9,Tocca un polipo se divento rosso oppure tocca un monopattino se divento verde
2L,2LDSU2,audio_2690,9,Tocca un polipo se divento rosso oppure tocca un monopattino se divento blu
2L,2LDSU2,audio_2691,9,Tocca un polipo se divento verde oppure tocca un monopattino se divento rosso
2L,2LDSU2,audio_2692,9,Tocca un polipo se divento verde oppure tocca un monopattino se divento giallo
2L,2LDSU2,audio_2693,9,Tocca un polipo se divento verde oppure tocca un monopattino se divento blu
2L,2LDSU2,audio_2694,9,Tocca un polipo se divento giallo oppure tocca un monopattino se divento rosso
2L,2LDSU2,audio_2695,9,Tocca un polipo se divento giallo oppure tocca un monopattino se divento giallo
2L,2LDSU2,audio_2696,9,Tocca un polipo se divento giallo oppure tocca un monopattino se divento blu
2L,2LDSU2,audio_2697,9,Tocca un polipo se divento blu oppure tocca un monopattino se divento rosso
2L,2LDSU2,audio_2698,9,Tocca un polipo se divento blu oppure tocca un monopattino se divento giallo
2L,2LDSU2,audio_2699,9,Tocca un polipo se divento blu oppure tocca un monopattino se divento verde
2L,2LDSU2,audio_2700,9,Tocca un polipo se divento rosso oppure tocca un ombrello se divento giallo
2L,2LDSU2,audio_2701,9,Tocca un polipo se divento rosso oppure tocca un ombrello se divento verde
2L,2LDSU2,audio_2702,9,Tocca un polipo se divento rosso oppure tocca un ombrello se divento blu
2L,2LDSU2,audio_2703,9,Tocca un polipo se divento verde oppure tocca un ombrello se divento rosso
2L,2LDSU2,audio_2704,9,Tocca un polipo se divento verde oppure tocca un ombrello se divento giallo
2L,2LDSU2,audio_2705,9,Tocca un polipo se divento verde oppure tocca un ombrello se divento blu
2L,2LDSU2,audio_2706,9,Tocca un polipo se divento giallo oppure tocca un ombrello se divento rosso
2L,2LDSU2,audio_2707,9,Tocca un polipo se divento giallo oppure tocca un ombrello se divento giallo
2L,2LDSU2,audio_2708,9,Tocca un polipo se divento giallo oppure tocca un ombrello se divento blu
2L,2LDSU2,audio_2709,9,Tocca un polipo se divento blu oppure tocca un ombrello se divento rosso
2L,2LDSU2,audio_2710,9,Tocca un polipo se divento blu oppure tocca un ombrello se divento giallo
2L,2LDSU2,audio_2711,9,Tocca un polipo se divento blu oppure tocca un ombrello se divento verde
2L,2LDSU2,audio_2712,9,Tocca un pappagallo se divento rosso opure tocca un gelato se divento giallo
2L,2LDSU2,audio_2713,9,Tocca un pappagallo se divento rosso opure tocca un gelato se divento verde
2L,2LDSU2,audio_2714,9,Tocca un pappagallo se divento rosso opure tocca un gelato se divento blu
2L,2LDSU2,audio_2715,9,Tocca un pappagallo se divento verde opure tocca un gelato se divento rosso
2L,2LDSU2,audio_2716,9,Tocca un pappagallo se divento verde opure tocca un gelato se divento giallo
2L,2LDSU2,audio_2717,9,Tocca un pappagallo se divento verde opure tocca un gelato se divento blu
2L,2LDSU2,audio_2718,9,Tocca un pappagallo se divento giallo opure tocca un gelato se divento rosso
2L,2LDSU2,audio_2719,9,Tocca un pappagallo se divento giallo opure tocca un gelato se divento giallo
2L,2LDSU2,audio_2720,9,Tocca un pappagallo se divento giallo opure tocca un gelato se divento blu
2L,2LDSU2,audio_2721,9,Tocca un pappagallo se divento blu opure tocca un gelato se divento rosso
2L,2LDSU2,audio_2722,9,Tocca un pappagallo se divento blu opure tocca un gelato se divento giallo
2L,2LDSU2,audio_2723,9,Tocca un pappagallo se divento blu opure tocca un gelato se divento verde
2L,2LDSU2,audio_2724,9,Tocca un pappagallo se divento rosso opure tocca una bambina se divento giallo
2L,2LDSU2,audio_2725,9,Tocca un pappagallo se divento rosso opure tocca una bambina se divento verde
2L,2LDSU2,audio_2726,9,Tocca un pappagallo se divento rosso opure tocca una bambina se divento blu
2L,2LDSU2,audio_2727,9,Tocca un pappagallo se divento verde opure tocca una bambina se divento rosso
2L,2LDSU2,audio_2728,9,Tocca un pappagallo se divento verde opure tocca una bambina se divento giallo
2L,2LDSU2,audio_2729,9,Tocca un pappagallo se divento verde opure tocca una bambina se divento blu
2L,2LDSU2,audio_2730,9,Tocca un pappagallo se divento giallo opure tocca una bambina se divento rosso
2L,2LDSU2,audio_2731,9,Tocca un pappagallo se divento giallo opure tocca una bambina se divento giallo
2L,2LDSU2,audio_2732,9,Tocca un pappagallo se divento giallo opure tocca una bambina se divento blu
2L,2LDSU2,audio_2733,9,Tocca un pappagallo se divento blu opure tocca una bambina se divento rosso
2L,2LDSU2,audio_2734,9,Tocca un pappagallo se divento blu opure tocca una bambina se divento giallo
2L,2LDSU2,audio_2735,9,Tocca un pappagallo se divento blu opure tocca una bambina se divento verde
2L,2LDSU2,audio_2736,9,Tocca un pappagallo se divento rosso opure tocca un paio di occhiali da sole se divento giallo
2L,2LDSU2,audio_2737,9,Tocca un pappagallo se divento rosso opure tocca un paio di occhiali da sole se divento verde
2L,2LDSU2,audio_2738,9,Tocca un pappagallo se divento rosso opure tocca un paio di occhiali da sole se divento blu
2L,2LDSU2,audio_2739,9,Tocca un pappagallo se divento verde opure tocca un paio di occhiali da sole se divento rosso
2L,2LDSU2,audio_2740,9,Tocca un pappagallo se divento verde opure tocca un paio di occhiali da sole se divento giallo
2L,2LDSU2,audio_2741,9,Tocca un pappagallo se divento verde opure tocca un paio di occhiali da sole se divento blu
2L,2LDSU2,audio_2742,9,Tocca un pappagallo se divento giallo opure tocca un paio di occhiali da sole se divento rosso
2L,2LDSU2,audio_2743,9,Tocca un pappagallo se divento giallo opure tocca un paio di occhiali da sole se divento giallo
2L,2LDSU2,audio_2744,9,Tocca un pappagallo se divento giallo opure tocca un paio di occhiali da sole se divento blu
2L,2LDSU2,audio_2745,9,Tocca un pappagallo se divento blu opure tocca un paio di occhiali da sole se divento rosso
2L,2LDSU2,audio_2746,9,Tocca un pappagallo se divento blu opure tocca un paio di occhiali da sole se divento giallo
2L,2LDSU2,audio_2747,9,Tocca un pappagallo se divento blu opure tocca un paio di occhiali da sole se divento verde
2L,2LDSU2,audio_2748,9,Tocca un pappagallo se divento rosso opure tocca una bicicletta se divento giallo
2L,2LDSU2,audio_2749,9,Tocca un pappagallo se divento rosso opure tocca una bicicletta se divento verde
2L,2LDSU2,audio_2750,9,Tocca un pappagallo se divento rosso opure tocca una bicicletta se divento blu
2L,2LDSU2,audio_2751,9,Tocca un pappagallo se divento verde opure tocca una bicicletta se divento rosso
2L,2LDSU2,audio_2752,9,Tocca un pappagallo se divento verde opure tocca una bicicletta se divento giallo
2L,2LDSU2,audio_2753,9,Tocca un pappagallo se divento verde opure tocca una bicicletta se divento blu
2L,2LDSU2,audio_2754,9,Tocca un pappagallo se divento giallo opure tocca una bicicletta se divento rosso
2L,2LDSU2,audio_2755,9,Tocca un pappagallo se divento giallo opure tocca una bicicletta se divento giallo
2L,2LDSU2,audio_2756,9,Tocca un pappagallo se divento giallo opure tocca una bicicletta se divento blu
2L,2LDSU2,audio_2757,9,Tocca un pappagallo se divento blu opure tocca una bicicletta se divento rosso
2L,2LDSU2,audio_2758,9,Tocca un pappagallo se divento blu opure tocca una bicicletta se divento giallo
2L,2LDSU2,audio_2759,9,Tocca un pappagallo se divento blu opure tocca una bicicletta se divento verde
2L,2LDSU2,audio_2760,9,Tocca un pappagallo se divento rosso opure tocca un monopattino se divento giallo
2L,2LDSU2,audio_2761,9,Tocca un pappagallo se divento rosso opure tocca un monopattino se divento verde
2L,2LDSU2,audio_2762,9,Tocca un pappagallo se divento rosso opure tocca un monopattino se divento blu
2L,2LDSU2,audio_2763,9,Tocca un pappagallo se divento verde opure tocca un monopattino se divento rosso
2L,2LDSU2,audio_2764,9,Tocca un pappagallo se divento verde opure tocca un monopattino se divento giallo
2L,2LDSU2,audio_2765,9,Tocca un pappagallo se divento verde opure tocca un monopattino se divento blu
2L,2LDSU2,audio_2766,9,Tocca un pappagallo se divento giallo opure tocca un monopattino se divento rosso
2L,2LDSU2,audio_2767,9,Tocca un pappagallo se divento giallo opure tocca un monopattino se divento giallo
2L,2LDSU2,audio_2768,9,Tocca un pappagallo se divento giallo opure tocca un monopattino se divento blu
2L,2LDSU2,audio_2769,9,Tocca un pappagallo se divento blu opure tocca un monopattino se divento rosso
2L,2LDSU2,audio_2770,9,Tocca un pappagallo se divento blu opure tocca un monopattino se divento giallo
2L,2LDSU2,audio_2771,9,Tocca un pappagallo se divento blu opure tocca un monopattino se divento verde
2L,2LDSU2,audio_2772,9,Tocca un pappagallo se divento rosso opure tocca un ombrello se divento giallo
2L,2LDSU2,audio_2773,9,Tocca un pappagallo se divento rosso opure tocca un ombrello se divento verde
2L,2LDSU2,audio_2774,9,Tocca un pappagallo se divento rosso opure tocca un ombrello se divento blu
2L,2LDSU2,audio_2775,9,Tocca un pappagallo se divento verde opure tocca un ombrello se divento rosso
2L,2LDSU2,audio_2776,9,Tocca un pappagallo se divento verde opure tocca un ombrello se divento giallo
2L,2LDSU2,audio_2777,9,Tocca un pappagallo se divento verde opure tocca un ombrello se divento blu
2L,2LDSU2,audio_2778,9,Tocca un pappagallo se divento giallo opure tocca un ombrello se divento rosso
2L,2LDSU2,audio_2779,9,Tocca un pappagallo se divento giallo opure tocca un ombrello se divento giallo
2L,2LDSU2,audio_2780,9,Tocca un pappagallo se divento giallo opure tocca un ombrello se divento blu
2L,2LDSU2,audio_2781,9,Tocca un pappagallo se divento blu opure tocca un ombrello se divento rosso
2L,2LDSU2,audio_2782,9,Tocca un pappagallo se divento blu opure tocca un ombrello se divento giallo
2L,2LDSU2,audio_2783,9,Tocca un pappagallo se divento blu opure tocca un ombrello se divento verde
2L,2LDSU2,audio_2784,9,Tocca un gelato se divento rosso oppure tocca una bambina se divento giallo
2L,2LDSU2,audio_2785,9,Tocca un gelato se divento rosso oppure tocca una bambina se divento verde
2L,2LDSU2,audio_2786,9,Tocca un gelato se divento rosso oppure tocca una bambina se divento blu
2L,2LDSU2,audio_2787,9,Tocca un gelato se divento verde oppure tocca una bambina se divento rosso
2L,2LDSU2,audio_2788,9,Tocca un gelato se divento verde oppure tocca una bambina se divento giallo
2L,2LDSU2,audio_2789,9,Tocca un gelato se divento verde oppure tocca una bambina se divento blu
2L,2LDSU2,audio_2790,9,Tocca un gelato se divento giallo oppure tocca una bambina se divento rosso
2L,2LDSU2,audio_2791,9,Tocca un gelato se divento giallo oppure tocca una bambina se divento giallo
2L,2LDSU2,audio_2792,9,Tocca un gelato se divento giallo oppure tocca una bambina se divento blu
2L,2LDSU2,audio_2793,9,Tocca un gelato se divento blu oppure tocca una bambina se divento rosso
2L,2LDSU2,audio_2794,9,Tocca un gelato se divento blu oppure tocca una bambina se divento giallo
2L,2LDSU2,audio_2795,9,Tocca un gelato se divento blu oppure tocca una bambina se divento verde
2L,2LDSU2,audio_2796,9,Tocca un gelato se divento rosso oppure tocca un paio di occhiali da sole se divento giallo
2L,2LDSU2,audio_2797,9,Tocca un gelato se divento rosso oppure tocca un paio di occhiali da sole se divento verde
2L,2LDSU2,audio_2798,9,Tocca un gelato se divento rosso oppure tocca un paio di occhiali da sole se divento blu
2L,2LDSU2,audio_2799,9,Tocca un gelato se divento verde oppure tocca un paio di occhiali da sole se divento rosso
2L,2LDSU2,audio_2800,9,Tocca un gelato se divento verde oppure tocca un paio di occhiali da sole se divento giallo
2L,2LDSU2,audio_2801,9,Tocca un gelato se divento verde oppure tocca un paio di occhiali da sole se divento blu
2L,2LDSU2,audio_2802,9,Tocca un gelato se divento giallo oppure tocca un paio di occhiali da sole se divento rosso
2L,2LDSU2,audio_2803,9,Tocca un gelato se divento giallo oppure tocca un paio di occhiali da sole se divento giallo
2L,2LDSU2,audio_2804,9,Tocca un gelato se divento giallo oppure tocca un paio di occhiali da sole se divento blu
2L,2LDSU2,audio_2805,9,Tocca un gelato se divento blu oppure tocca un paio di occhiali da sole se divento rosso
2L,2LDSU2,audio_2806,9,Tocca un gelato se divento blu oppure tocca un paio di occhiali da sole se divento giallo
2L,2LDSU2,audio_2807,9,Tocca un gelato se divento blu oppure tocca un paio di occhiali da sole se divento verde
2L,2LDSU2,audio_2808,9,Tocca un gelato se divento rosso oppure tocca una bicicletta se divento giallo
2L,2LDSU2,audio_2809,9,Tocca un gelato se divento rosso oppure tocca una bicicletta se divento verde
2L,2LDSU2,audio_2810,9,Tocca un gelato se divento rosso oppure tocca una bicicletta se divento blu
2L,2LDSU2,audio_2811,9,Tocca un gelato se divento verde oppure tocca una bicicletta se divento rosso
2L,2LDSU2,audio_2812,9,Tocca un gelato se divento verde oppure tocca una bicicletta se divento giallo
2L,2LDSU2,audio_2813,9,Tocca un gelato se divento verde oppure tocca una bicicletta se divento blu
2L,2LDSU2,audio_2814,9,Tocca un gelato se divento giallo oppure tocca una bicicletta se divento rosso
2L,2LDSU2,audio_2815,9,Tocca un gelato se divento giallo oppure tocca una bicicletta se divento giallo
2L,2LDSU2,audio_2816,9,Tocca un gelato se divento giallo oppure tocca una bicicletta se divento blu
2L,2LDSU2,audio_2817,9,Tocca un gelato se divento blu oppure tocca una bicicletta se divento rosso
2L,2LDSU2,audio_2818,9,Tocca un gelato se divento blu oppure tocca una bicicletta se divento giallo
2L,2LDSU2,audio_2819,9,Tocca un gelato se divento blu oppure tocca una bicicletta se divento verde
2L,2LDSU2,audio_2820,9,Tocca un gelato se divento rosso oppure tocca un monopattino se divento giallo
2L,2LDSU2,audio_2821,9,Tocca un gelato se divento rosso oppure tocca un monopattino se divento verde
2L,2LDSU2,audio_2822,9,Tocca un gelato se divento rosso oppure tocca un monopattino se divento blu
2L,2LDSU2,audio_2823,9,Tocca un gelato se divento verde oppure tocca un monopattino se divento rosso
2L,2LDSU2,audio_2824,9,Tocca un gelato se divento verde oppure tocca un monopattino se divento giallo
2L,2LDSU2,audio_2825,9,Tocca un gelato se divento verde oppure tocca un monopattino se divento blu
2L,2LDSU2,audio_2826,9,Tocca un gelato se divento giallo oppure tocca un monopattino se divento rosso
2L,2LDSU2,audio_2827,9,Tocca un gelato se divento giallo oppure tocca un monopattino se divento giallo
2L,2LDSU2,audio_2828,9,Tocca un gelato se divento giallo oppure tocca un monopattino se divento blu
2L,2LDSU2,audio_2829,9,Tocca un gelato se divento blu oppure tocca un monopattino se divento rosso
2L,2LDSU2,audio_2830,9,Tocca un gelato se divento blu oppure tocca un monopattino se divento giallo
2L,2LDSU2,audio_2831,9,Tocca un gelato se divento blu oppure tocca un monopattino se divento verde
2L,2LDSU2,audio_2832,9,Tocca un gelato se divento rosso oppure tocca un ombrello se divento giallo
2L,2LDSU2,audio_2833,9,Tocca un gelato se divento rosso oppure tocca un ombrello se divento verde
2L,2LDSU2,audio_2834,9,Tocca un gelato se divento rosso oppure tocca un ombrello se divento blu
2L,2LDSU2,audio_2835,9,Tocca un gelato se divento verde oppure tocca un ombrello se divento rosso
2L,2LDSU2,audio_2836,9,Tocca un gelato se divento verde oppure tocca un ombrello se divento giallo
2L,2LDSU2,audio_2837,9,Tocca un gelato se divento verde oppure tocca un ombrello se divento blu
2L,2LDSU2,audio_2838,9,Tocca un gelato se divento giallo oppure tocca un ombrello se divento rosso
2L,2LDSU2,audio_2839,9,Tocca un gelato se divento giallo oppure tocca un ombrello se divento giallo
2L,2LDSU2,audio_2840,9,Tocca un gelato se divento giallo oppure tocca un ombrello se divento blu
2L,2LDSU2,audio_2841,9,Tocca un gelato se divento blu oppure tocca un ombrello se divento rosso
2L,2LDSU2,audio_2842,9,Tocca un gelato se divento blu oppure tocca un ombrello se divento giallo
2L,2LDSU2,audio_2843,9,Tocca un gelato se divento blu oppure tocca un ombrello se divento verde
2L,2LDSU2,audio_2844,9,Tocca un paio di occhiali da sole se divento rosso oppure tocca una bicicletta se divento giallo
2L,2LDSU2,audio_2845,9,Tocca un paio di occhiali da sole se divento rosso oppure tocca una bicicletta se divento verde
2L,2LDSU2,audio_2846,9,Tocca un paio di occhiali da sole se divento rosso oppure tocca una bicicletta se divento blu
2L,2LDSU2,audio_2847,9,Tocca un paio di occhiali da sole se divento verde oppure tocca una bicicletta se divento rosso
2L,2LDSU2,audio_2848,9,Tocca un paio di occhiali da sole se divento verde oppure tocca una bicicletta se divento giallo
2L,2LDSU2,audio_2849,9,Tocca un paio di occhiali da sole se divento verde oppure tocca una bicicletta se divento blu
2L,2LDSU2,audio_2850,9,Tocca un paio di occhiali da sole se divento giallo oppure tocca una bicicletta se divento rosso
2L,2LDSU2,audio_2851,9,Tocca un paio di occhiali da sole se divento giallo oppure tocca una bicicletta se divento giallo
2L,2LDSU2,audio_2852,9,Tocca un paio di occhiali da sole se divento giallo oppure tocca una bicicletta se divento blu
2L,2LDSU2,audio_2853,9,Tocca un paio di occhiali da sole se divento blu oppure tocca una bicicletta se divento rosso
2L,2LDSU2,audio_2854,9,Tocca un paio di occhiali da sole se divento blu oppure tocca una bicicletta se divento giallo
2L,2LDSU2,audio_2855,9,Tocca un paio di occhiali da sole se divento blu oppure tocca una bicicletta se divento verde
2L,2LDSU2,audio_2856,9,Tocca un paio di occhiali da sole se divento rosso oppure tocca un monopattino se divento giallo
2L,2LDSU2,audio_2857,9,Tocca un paio di occhiali da sole se divento rosso oppure tocca un monopattino se divento verde
2L,2LDSU2,audio_2858,9,Tocca un paio di occhiali da sole se divento rosso oppure tocca un monopattino se divento blu
2L,2LDSU2,audio_2859,9,Tocca un paio di occhiali da sole se divento verde oppure tocca un monopattino se divento rosso
2L,2LDSU2,audio_2860,9,Tocca un paio di occhiali da sole se divento verde oppure tocca un monopattino se divento giallo
2L,2LDSU2,audio_2861,9,Tocca un paio di occhiali da sole se divento verde oppure tocca un monopattino se divento blu
2L,2LDSU2,audio_2862,9,Tocca un paio di occhiali da sole se divento giallo oppure tocca un monopattino se divento rosso
2L,2LDSU2,audio_2863,9,Tocca un paio di occhiali da sole se divento giallo oppure tocca un monopattino se divento giallo
2L,2LDSU2,audio_2864,9,Tocca un paio di occhiali da sole se divento giallo oppure tocca un monopattino se divento blu
2L,2LDSU2,audio_2865,9,Tocca un paio di occhiali da sole se divento blu oppure tocca un monopattino se divento rosso
2L,2LDSU2,audio_2866,9,Tocca un paio di occhiali da sole se divento blu oppure tocca un monopattino se divento giallo
2L,2LDSU2,audio_2867,9,Tocca un paio di occhiali da sole se divento blu oppure tocca un monopattino se divento verde
2L,2LDSU2,audio_2868,9,Tocca un paio di occhiali da sole se divento rosso oppure tocca un ombrello se divento giallo
2L,2LDSU2,audio_2869,9,Tocca un paio di occhiali da sole se divento rosso oppure tocca un ombrello se divento verde
2L,2LDSU2,audio_2870,9,Tocca un paio di occhiali da sole se divento rosso oppure tocca un ombrello se divento blu
2L,2LDSU2,audio_2871,9,Tocca un paio di occhiali da sole se divento verde oppure tocca un ombrello se divento rosso
2L,2LDSU2,audio_2872,9,Tocca un paio di occhiali da sole se divento verde oppure tocca un ombrello se divento giallo
2L,2LDSU2,audio_2873,9,Tocca un paio di occhiali da sole se divento verde oppure tocca un ombrello se divento blu
2L,2LDSU2,audio_2874,9,Tocca un paio di occhiali da sole se divento giallo oppure tocca un ombrello se divento rosso
2L,2LDSU2,audio_2875,9,Tocca un paio di occhiali da sole se divento giallo oppure tocca un ombrello se divento giallo
2L,2LDSU2,audio_2876,9,Tocca un paio di occhiali da sole se divento giallo oppure tocca un ombrello se divento blu
2L,2LDSU2,audio_2877,9,Tocca un paio di occhiali da sole se divento blu oppure tocca un ombrello se divento rosso
2L,2LDSU2,audio_2878,9,Tocca un paio di occhiali da sole se divento blu oppure tocca un ombrello se divento giallo
2L,2LDSU2,audio_2879,9,Tocca un paio di occhiali da sole se divento blu oppure tocca un ombrello se divento verde
2L,2LDSU2,audio_2880,9,Tocca una bicicletta se divento rosso oppure tocca un monopattino se divento giallo
2L,2LDSU2,audio_2881,9,Tocca una bicicletta se divento rosso oppure tocca un monopattino se divento verde
2L,2LDSU2,audio_2882,9,Tocca una bicicletta se divento rosso oppure tocca un monopattino se divento blu
2L,2LDSU2,audio_2883,9,Tocca una bicicletta se divento verde oppure tocca un monopattino se divento rosso
2L,2LDSU2,audio_2884,9,Tocca una bicicletta se divento verde oppure tocca un monopattino se divento giallo
2L,2LDSU2,audio_2885,9,Tocca una bicicletta se divento verde oppure tocca un monopattino se divento blu
2L,2LDSU2,audio_2886,9,Tocca una bicicletta se divento giallo oppure tocca un monopattino se divento rosso
2L,2LDSU2,audio_2887,9,Tocca una bicicletta se divento giallo oppure tocca un monopattino se divento giallo
2L,2LDSU2,audio_2888,9,Tocca una bicicletta se divento giallo oppure tocca un monopattino se divento blu
2L,2LDSU2,audio_2889,9,Tocca una bicicletta se divento blu oppure tocca un monopattino se divento rosso
2L,2LDSU2,audio_2890,9,Tocca una bicicletta se divento blu oppure tocca un monopattino se divento giallo
2L,2LDSU2,audio_2891,9,Tocca una bicicletta se divento blu oppure tocca un monopattino se divento verde
2L,2LDSU2,audio_2892,9,Tocca una bicicletta se divento rosso oppure tocca un ombrello se divento giallo
2L,2LDSU2,audio_2893,9,Tocca una bicicletta se divento rosso oppure tocca un ombrello se divento verde
2L,2LDSU2,audio_2894,9,Tocca una bicicletta se divento rosso oppure tocca un ombrello se divento blu
2L,2LDSU2,audio_2895,9,Tocca una bicicletta se divento verde oppure tocca un ombrello se divento rosso
2L,2LDSU2,audio_2896,9,Tocca una bicicletta se divento verde oppure tocca un ombrello se divento giallo
2L,2LDSU2,audio_2897,9,Tocca una bicicletta se divento verde oppure tocca un ombrello se divento blu
2L,2LDSU2,audio_2898,9,Tocca una bicicletta se divento giallo oppure tocca un ombrello se divento rosso
2L,2LDSU2,audio_2899,9,Tocca una bicicletta se divento giallo oppure tocca un ombrello se divento giallo
2L,2LDSU2,audio_2900,9,Tocca una bicicletta se divento giallo oppure tocca un ombrello se divento blu
2L,2LDSU2,audio_2901,9,Tocca una bicicletta se divento blu oppure tocca un ombrello se divento rosso
2L,2LDSU2,audio_2902,9,Tocca una bicicletta se divento blu oppure tocca un ombrello se divento giallo
2L,2LDSU2,audio_2903,9,Tocca una bicicletta se divento blu oppure tocca un ombrello se divento verde
2L,2LDSU2,audio_2904,9,Tocca un monopattino se divento rosso oppure tocca un ombrello se divento giallo
2L,2LDSU2,audio_2905,9,Tocca un monopattino se divento rosso oppure tocca un ombrello se divento verde
2L,2LDSU2,audio_2906,9,Tocca un monopattino se divento rosso oppure tocca un ombrello se divento blu
2L,2LDSU2,audio_2907,9,Tocca un monopattino se divento verde oppure tocca un ombrello se divento rosso
2L,2LDSU2,audio_2908,9,Tocca un monopattino se divento verde oppure tocca un ombrello se divento giallo
2L,2LDSU2,audio_2909,9,Tocca un monopattino se divento verde oppure tocca un ombrello se divento blu
2L,2LDSU2,audio_2910,9,Tocca un monopattino se divento giallo oppure tocca un ombrello se divento rosso
2L,2LDSU2,audio_2911,9,Tocca un monopattino se divento giallo oppure tocca un ombrello se divento giallo
2L,2LDSU2,audio_2912,9,Tocca un monopattino se divento giallo oppure tocca un ombrello se divento blu
2L,2LDSU2,audio_2913,9,Tocca un monopattino se divento blu oppure tocca un ombrello se divento rosso
2L,2LDSU2,audio_2914,9,Tocca un monopattino se divento blu oppure tocca un ombrello se divento giallo
2L,2LDSU2,audio_2915,9,Tocca un monopattino se divento blu oppure tocca un ombrello se divento verde
2L,2LDSU2,audio_2916,9,Tocca una bambina se divento rosso oppure tocca un paio di occhiali da sole se divento giallo
2L,2LDSU2,audio_2917,9,Tocca una bambina se divento rosso oppure tocca un paio di occhiali da sole se divento verde
2L,2LDSU2,audio_2918,9,Tocca una bambina se divento rosso oppure tocca un paio di occhiali da sole se divento blu
2L,2LDSU2,audio_2919,9,Tocca una bambina se divento verde oppure tocca un paio di occhiali da sole se divento rosso
2L,2LDSU2,audio_2920,9,Tocca una bambina se divento verde oppure tocca un paio di occhiali da sole se divento giallo
2L,2LDSU2,audio_2921,9,Tocca una bambina se divento verde oppure tocca un paio di occhiali da sole se divento blu
2L,2LDSU2,audio_2922,9,Tocca una bambina se divento giallo oppure tocca un paio di occhiali da sole se divento rosso
2L,2LDSU2,audio_2923,9,Tocca una bambina se divento giallo oppure tocca un paio di occhiali da sole se divento giallo
2L,2LDSU2,audio_2924,9,Tocca una bambina se divento giallo oppure tocca un paio di occhiali da sole se divento blu
2L,2LDSU2,audio_2925,9,Tocca una bambina se divento blu oppure tocca un paio di occhiali da sole se divento rosso
2L,2LDSU2,audio_2926,9,Tocca una bambina se divento blu oppure tocca un paio di occhiali da sole se divento giallo
2L,2LDSU2,audio_2927,9,Tocca una bambina se divento blu oppure tocca un paio di occhiali da sole se divento verde
2L,2LDSU2,audio_2928,9,Tocca una bambina se divento rosso oppure tocca una bicicletta se divento giallo
2L,2LDSU2,audio_2929,9,Tocca una bambina se divento rosso oppure tocca una bicicletta se divento verde
2L,2LDSU2,audio_2930,9,Tocca una bambina se divento rosso oppure tocca una bicicletta se divento blu
2L,2LDSU2,audio_2931,9,Tocca una bambina se divento verde oppure tocca una bicicletta se divento rosso
2L,2LDSU2,audio_2932,9,Tocca una bambina se divento verde oppure tocca una bicicletta se divento giallo
2L,2LDSU2,audio_2933,9,Tocca una bambina se divento verde oppure tocca una bicicletta se divento blu
2L,2LDSU2,audio_2934,9,Tocca una bambina se divento giallo oppure tocca una bicicletta se divento rosso
2L,2LDSU2,audio_2935,9,Tocca una bambina se divento giallo oppure tocca una bicicletta se divento giallo
2L,2LDSU2,audio_2936,9,Tocca una bambina se divento giallo oppure tocca una bicicletta se divento blu
2L,2LDSU2,audio_2937,9,Tocca una bambina se divento blu oppure tocca una bicicletta se divento rosso
2L,2LDSU2,audio_2938,9,Tocca una bambina se divento blu oppure tocca una bicicletta se divento giallo
2L,2LDSU2,audio_2939,9,Tocca una bambina se divento blu oppure tocca una bicicletta se divento verde
2L,2LDSU2,audio_2940,9,Tocca una bambina se divento rosso oppure tocca un monopattino se divento giallo
2L,2LDSU2,audio_2941,9,Tocca una bambina se divento rosso oppure tocca un monopattino se divento verde
2L,2LDSU2,audio_2942,9,Tocca una bambina se divento rosso oppure tocca un monopattino se divento blu
2L,2LDSU2,audio_2943,9,Tocca una bambina se divento verde oppure tocca un monopattino se divento rosso
2L,2LDSU2,audio_2944,9,Tocca una bambina se divento verde oppure tocca un monopattino se divento giallo
2L,2LDSU2,audio_2945,9,Tocca una bambina se divento verde oppure tocca un monopattino se divento blu
2L,2LDSU2,audio_2946,9,Tocca una bambina se divento giallo oppure tocca un monopattino se divento rosso
2L,2LDSU2,audio_2947,9,Tocca una bambina se divento giallo oppure tocca un monopattino se divento giallo
2L,2LDSU2,audio_2948,9,Tocca una bambina se divento giallo oppure tocca un monopattino se divento blu
2L,2LDSU2,audio_2949,9,Tocca una bambina se divento blu oppure tocca un monopattino se divento rosso
2L,2LDSU2,audio_2950,9,Tocca una bambina se divento blu oppure tocca un monopattino se divento giallo
2L,2LDSU2,audio_2951,9,Tocca una bambina se divento blu oppure tocca un monopattino se divento verde
2L,2LDSU2,audio_2952,9,Tocca una bambina se divento rosso oppure tocca un ombrello se divento giallo
2L,2LDSU2,audio_2953,9,Tocca una bambina se divento rosso oppure tocca un ombrello se divento verde
2L,2LDSU2,audio_2954,9,Tocca una bambina se divento rosso oppure tocca un ombrello se divento blu
2L,2LDSU2,audio_2955,9,Tocca una bambina se divento verde oppure tocca un ombrello se divento rosso
2L,2LDSU2,audio_2956,9,Tocca una bambina se divento verde oppure tocca un ombrello se divento giallo
2L,2LDSU2,audio_2957,9,Tocca una bambina se divento verde oppure tocca un ombrello se divento blu
2L,2LDSU2,audio_2958,9,Tocca una bambina se divento giallo oppure tocca un ombrello se divento rosso
2L,2LDSU2,audio_2959,9,Tocca una bambina se divento giallo oppure tocca un ombrello se divento giallo
2L,2LDSU2,audio_2960,9,Tocca una bambina se divento giallo oppure tocca un ombrello se divento blu
2L,2LDSU2,audio_2961,9,Tocca una bambina se divento blu oppure tocca un ombrello se divento rosso
2L,2LDSU2,audio_2962,9,Tocca una bambina se divento blu oppure tocca un ombrello se divento giallo
2L,2LDSU2,audio_2963,9,Tocca una bambina se divento blu oppure tocca un ombrello se divento verde
3S,3SSU,audio_2964,5,Tocca le figure dello stesso disegno
3S,3SCO,audio_2965,4,Tocca le figure dello stesso colore
4P,4PSU,audio_2966,7,Tocca lo stesso soggetto della figura in alto a sinistra
4P,4PSU,audio_2967,7,Tocca lo stesso soggetto della figura in basso a sinistra
4P,4PSU,audio_2968,7,Tocca lo stesso soggetto della figura in alto a destra
4P,4PSU,audio_2969,7,Tocca lo stesso soggetto della figura in basso a destra
4P,4PCO,audio_2970,6,Tocca le figure dello stesso colore di quella in alto a sinistra
4P,4PCO,audio_2971,6,Tocca le figure dello stesso colore di quella in alto a destra
4P,4PCO,audio_2972,6,Tocca le figure dello stesso colore di quella in basso a sinistra
4P,4PCO,audio_2973,6,Tocca le figure dello stesso colore di quella in basso a destra
5K,5KS,audio_2974,4,Tocca cosa si può mangiare
5K,5KS,audio_2975,5,Tocca cosa si può mettere sulla testa
5K,5KS,audio_2976,4,Tocca cosa si può guidare
5K,5KS,audio_2977,4,Tocca cosa si può indossare
5K,5KS,audio_2978,5,Tocca cosa si può pedalare
5K,5KS,audio_2979,3,Tocca cosa si usa quando piove
5K,5KS,audio_2980,3,Tocca chi sa parlare
5K,5KS,audio_2981,3,Tocca chi non sa parlare
5K,5KS,audio_2982,3,Tocca chi sa volare
5K,5KS,audio_2983,3,Tocca chi non sa volare
5K,5KS,audio_2984,3,Tocca cosa ha le ruote
5K,5KS,audio_2985,4,Tocca chi sa nuotare
5K,5KS,audio_2986,4,Tocca chi non ha le zampe
5K,5KS,audio_2987,4,Tocca chi cammina su due zampe
5K,5KS,audio_2988,4,Tocca chi cammina a quattro zampe
5K,5KS,audio_2989,3,Tocca chi ruggisce
5K,5KS,audio_2990,3,Tocca chi ha il becco
5K,5KS,audio_2991,5,Tocca chi può vivere in casa
5K,5KS,audio_2992,4,Tocca chi non può vivere in città
5K,5KS,audio_2993,5,Tocca cosa si può mettere sopra un tavolo
5K,5KS,audio_2994,4,Tocca cosa può stare nella cameretta
5K,5KS,audio_2995,4,Tocca chi sa correre
5K,5KS,audio_2996,4,Tocca chi può stare sugli alberi
5K,5KS,audio_2997,5,Tocca chi può arrampicarsi
5K,5KS,audio_2998,6,Tocca chi va più veloce
5K,5KS,audio_2999,4,Tocca il più giovane
5K,5KS,audio_3000,4,Tocca il più vecchio
5K,5KD,audio_3001,6,Tocca chi sa nuotare e correre
5K,5KD,audio_3002,6,Tocca chi sa correre e parlare
5K,5KD,audio_3003,6,Tocca chi cammina su due zampe e non può volare
6I,6I,audio_3004,8,Tocca l intruso
7O,7OSU2,audio_3005,6,Tocca prima un leone e poi una scimmia
7O,7OSU2,audio_3006,6,Tocca prima un leone e poi un pappagallo
7O,7OSU2,audio_3007,6,Tocca prima un leone e poi un polipo
7O,7OSU2,audio_3008,6,Tocca prima un leone e poi un gelato
7O,7OSU2,audio_3009,6,Tocca prima un leone e poi un paio di occhiali da sole
7O,7OSU2,audio_3010,6,Tocca prima un leone e poi una bicicletta
7O,7OSU2,audio_3011,6,Tocca prima un leone e poi un monopattino
7O,7OSU2,audio_3012,6,Tocca prima un leone e poi una bambina
7O,7OSU2,audio_3013,6,Tocca prima un leone e poi un ombrello
7O,7OSU2,audio_3014,6,Tocca prima una scimmia e poi un leone
7O,7OSU2,audio_3015,6,Tocca prima una scimmia e poi un pappagallo
7O,7OSU2,audio_3016,6,Tocca prima una scimmia e poi un polipo
7O,7OSU2,audio_3017,6,Tocca prima una scimmia e poi un gelato
7O,7OSU2,audio_3018,6,Tocca prima una scimmia e poi un paio di occhiali da sole
7O,7OSU2,audio_3019,6,Tocca prima una scimmia e poi una bicicletta
7O,7OSU2,audio_3020,6,Tocca prima una scimmia e poi un monopattino
7O,7OSU2,audio_3021,6,Tocca prima una scimmia e poi una bambina
7O,7OSU2,audio_3022,6,Tocca prima una scimmia e poi un ombrello
7O,7OSU2,audio_3023,6,Tocca prima un pappagallo e poi un leone
7O,7OSU2,audio_3024,6,Tocca prima un pappagallo e poi una scimmia
7O,7OSU2,audio_3025,6,Tocca prima un pappagallo e poi un polipo
7O,7OSU2,audio_3026,6,Tocca prima un pappagallo e poi un gelato
7O,7OSU2,audio_3027,6,Tocca prima un pappagallo e poi un paio di occhiali da sole
7O,7OSU2,audio_3028,6,Tocca prima un pappagallo e poi una bicicletta
7O,7OSU2,audio_3029,6,Tocca prima un pappagallo e poi un monopattino
7O,7OSU2,audio_3030,6,Tocca prima un pappagallo e poi una bambina
7O,7OSU2,audio_3031,6,Tocca prima un pappagallo e poi un ombrello
7O,7OSU2,audio_3032,6,Tocca prima un polipo e poi un leone
7O,7OSU2,audio_3033,6,Tocca prima un polipo e poi una scimmia
7O,7OSU2,audio_3034,6,Tocca prima un polipo e poi un pappagallo
7O,7OSU2,audio_3035,6,Tocca prima un polipo e poi un gelato
7O,7OSU2,audio_3036,6,Tocca prima un polipo e poi un paio di occhiali da sole
7O,7OSU2,audio_3037,6,Tocca prima un polipo e poi una bicicletta
7O,7OSU2,audio_3038,6,Tocca prima un polipo e poi un monopattino
7O,7OSU2,audio_3039,6,Tocca prima un polipo e poi una bambina
7O,7OSU2,audio_3040,6,Tocca prima un polipo e poi un ombrello
7O,7OSU2,audio_3041,6,Tocca prima un gelato e poi un leone
7O,7OSU2,audio_3042,6,Tocca prima un gelato e poi una scimmia
7O,7OSU2,audio_3043,6,Tocca prima un gelato e poi un pappagallo
7O,7OSU2,audio_3044,6,Tocca prima un gelato e poi un polipo
7O,7OSU2,audio_3045,6,Tocca prima un gelato e poi un paio di occhiali da sole
7O,7OSU2,audio_3046,6,Tocca prima un gelato e poi una bicicletta
7O,7OSU2,audio_3047,6,Tocca prima un gelato e poi un monopattino
7O,7OSU2,audio_3048,6,Tocca prima un gelato e poi una bambina
7O,7OSU2,audio_3049,6,Tocca prima un gelato e poi un ombrello
7O,7OSU2,audio_3050,6,Tocca prima un paio di occhiali da sole e poi un leone
7O,7OSU2,audio_3051,6,Tocca prima un paio di occhiali da sole e poi una scimmia
7O,7OSU2,audio_3052,6,Tocca prima un paio di occhiali da sole e poi un pappagallo
7O,7OSU2,audio_3053,6,Tocca prima un paio di occhiali da sole e poi un polipo
7O,7OSU2,audio_3054,6,Tocca prima un paio di occhiali da sole e poi un gelato
7O,7OSU2,audio_3055,6,Tocca prima un paio di occhiali da sole e poi una bicicletta
7O,7OSU2,audio_3056,6,Tocca prima un paio di occhiali da sole e poi un monopattino
7O,7OSU2,audio_3057,6,Tocca prima un paio di occhiali da sole e poi una bambina
7O,7OSU2,audio_3058,6,Tocca prima un paio di occhiali da sole e poi un ombrello
7O,7OSU2,audio_3059,6,Tocca prima una bicicletta e poi un leone
7O,7OSU2,audio_3060,6,Tocca prima una bicicletta e poi una scimmia
7O,7OSU2,audio_3061,6,Tocca prima una bicicletta e poi un pappagallo
7O,7OSU2,audio_3062,6,Tocca prima una bicicletta e poi un polipo
7O,7OSU2,audio_3063,6,Tocca prima una bicicletta e poi un gelato
7O,7OSU2,audio_3064,6,Tocca prima una bicicletta e poi un paio di occhiali da sole
7O,7OSU2,audio_3065,6,Tocca prima una bicicletta e poi un monopattino
7O,7OSU2,audio_3066,6,Tocca prima una bicicletta e poi una bambina
7O,7OSU2,audio_3067,6,Tocca prima una bicicletta e poi un ombrello
7O,7OSU2,audio_3068,6,Tocca prima un monopattino e poi un leone
7O,7OSU2,audio_3069,6,Tocca prima un monopattino e poi una scimmia
7O,7OSU2,audio_3070,6,Tocca prima un monopattino e poi un pappagallo
7O,7OSU2,audio_3071,6,Tocca prima un monopattino e poi un polipo
7O,7OSU2,audio_3072,6,Tocca prima un monopattino e poi un gelato
7O,7OSU2,audio_3073,6,Tocca prima un monopattino e poi un paio di occhiali da sole
7O,7OSU2,audio_3074,6,Tocca prima un monopattino e poi una bicicletta
7O,7OSU2,audio_3075,6,Tocca prima un monopattino e poi una bambina
7O,7OSU2,audio_3076,6,Tocca prima un monopattino e poi un ombrello
7O,7OSU2,audio_3077,6,Tocca prima una bambina e poi un leone
7O,7OSU2,audio_3078,6,Tocca prima una bambina e poi una scimmia
7O,7OSU2,audio_3079,6,Tocca prima una bambina e poi un pappagallo
7O,7OSU2,audio_3080,6,Tocca prima una bambina e poi un polipo
7O,7OSU2,audio_3081,6,Tocca prima una bambina e poi un gelato
7O,7OSU2,audio_3082,6,Tocca prima una bambina e poi un paio di occhiali da sole
7O,7OSU2,audio_3083,6,Tocca prima una bambina e poi una bicicletta
7O,7OSU2,audio_3084,6,Tocca prima una bambina e poi un monopattino
7O,7OSU2,audio_3085,6,Tocca prima una bambina e poi un ombrello
7O,7OSU2,audio_3086,6,Tocca prima un ombrello e poi un leone
7O,7OSU2,audio_3087,6,Tocca prima un ombrello e poi una scimmia
7O,7OSU2,audio_3088,6,Tocca prima un ombrello e poi un pappagallo
7O,7OSU2,audio_3089,6,Tocca prima un ombrello e poi un polipo
7O,7OSU2,audio_3090,6,Tocca prima un ombrello e poi un gelato
7O,7OSU2,audio_3091,6,Tocca prima un ombrello e poi un paio di occhiali da sole
7O,7OSU2,audio_3092,6,Tocca prima un ombrello e poi una bicicletta
7O,7OSU2,audio_3093,6,Tocca prima un ombrello e poi un monopattino
7O,7OSU2,audio_3094,6,Tocca prima un ombrello e poi una bambina
7O,7OSU3,audio_3095,7,Tocca in ordine un leone poi una scimmia poi un pappagallo
7O,7OSU3,audio_3096,7,Tocca in ordine un leone poi una scimmia poi un polipo
7O,7OSU3,audio_3097,7,Tocca in ordine un leone poi una scimmia poi un gelato
7O,7OSU3,audio_3098,7,Tocca in ordine un leone poi una scimmia poi un paio di occhiali da sole
7O,7OSU3,audio_3099,7,Tocca in ordine un leone poi una scimmia poi una bicicletta
7O,7OSU3,audio_3100,7,Tocca in ordine un leone poi una scimmia poi un monopattino
7O,7OSU3,audio_3101,7,Tocca in ordine un leone poi una scimmia poi una bambina
7O,7OSU3,audio_3102,7,Tocca in ordine un leone poi una scimmia poi un ombrello
7O,7OSU3,audio_3103,7,Tocca in ordine un leone poi un pappagallo poi una scimmia
7O,7OSU3,audio_3104,7,Tocca in ordine un leone poi un pappagallo poi un polipo
7O,7OSU3,audio_3105,7,Tocca in ordine un leone poi un pappagallo poi un gelato
7O,7OSU3,audio_3106,7,Tocca in ordine un leone poi un pappagallo poi un paio di occhiali da sole
7O,7OSU3,audio_3107,7,Tocca in ordine un leone poi un pappagallo poi una bicicletta
7O,7OSU3,audio_3108,7,Tocca in ordine un leone poi un pappagallo poi un monopattino
7O,7OSU3,audio_3109,7,Tocca in ordine un leone poi un pappagallo poi una bambina
7O,7OSU3,audio_3110,7,Tocca in ordine un leone poi un pappagallo poi un ombrello
7O,7OSU3,audio_3111,7,Tocca in ordine un leone poi un polipo poi una scimmia
7O,7OSU3,audio_3112,7,Tocca in ordine un leone poi un polipo poi un pappagallo
7O,7OSU3,audio_3113,7,Tocca in ordine un leone poi un polipo poi un gelato
7O,7OSU3,audio_3114,7,Tocca in ordine un leone poi un polipo poi un paio di occhiali da sole
7O,7OSU3,audio_3115,7,Tocca in ordine un leone poi un polipo poi una bicicletta
7O,7OSU3,audio_3116,7,Tocca in ordine un leone poi un polipo poi un monopattino
7O,7OSU3,audio_3117,7,Tocca in ordine un leone poi un polipo poi una bambina
7O,7OSU3,audio_3118,7,Tocca in ordine un leone poi un polipo poi un ombrello
7O,7OSU3,audio_3119,7,Tocca in ordine un leone poi un gelato poi una scimmia
7O,7OSU3,audio_3120,7,Tocca in ordine un leone poi un gelato poi un pappagallo
7O,7OSU3,audio_3121,7,Tocca in ordine un leone poi un gelato poi un polipo
7O,7OSU3,audio_3122,7,Tocca in ordine un leone poi un gelato poi un paio di occhiali da sole
7O,7OSU3,audio_3123,7,Tocca in ordine un leone poi un gelato poi una bicicletta
7O,7OSU3,audio_3124,7,Tocca in ordine un leone poi un gelato poi un monopattino
7O,7OSU3,audio_3125,7,Tocca in ordine un leone poi un gelato poi una bambina
7O,7OSU3,audio_3126,7,Tocca in ordine un leone poi un gelato poi un ombrello
7O,7OSU3,audio_3127,7,Tocca in ordine un leone poi un paio di occhiali da sole poi una scimmia
7O,7OSU3,audio_3128,7,Tocca in ordine un leone poi un paio di occhiali da sole poi un pappagallo
7O,7OSU3,audio_3129,7,Tocca in ordine un leone poi un paio di occhiali da sole poi un polipo
7O,7OSU3,audio_3130,7,Tocca in ordine un leone poi un paio di occhiali da sole poi un gelato
7O,7OSU3,audio_3131,7,Tocca in ordine un leone poi un paio di occhiali da sole poi una bicicletta
7O,7OSU3,audio_3132,7,Tocca in ordine un leone poi un paio di occhiali da sole poi un monopattino
7O,7OSU3,audio_3133,7,Tocca in ordine un leone poi un paio di occhiali da sole poi una bambina
7O,7OSU3,audio_3134,7,Tocca in ordine un leone poi un paio di occhiali da sole poi un ombrello
7O,7OSU3,audio_3135,7,Tocca in ordine un leone poi una bicicletta poi una scimmia
7O,7OSU3,audio_3136,7,Tocca in ordine un leone poi una bicicletta poi un pappagallo
7O,7OSU3,audio_3137,7,Tocca in ordine un leone poi una bicicletta poi un polipo
7O,7OSU3,audio_3138,7,Tocca in ordine un leone poi una bicicletta poi un gelato
7O,7OSU3,audio_3139,7,Tocca in ordine un leone poi una bicicletta poi un paio di occhiali da sole
7O,7OSU3,audio_3140,7,Tocca in ordine un leone poi una bicicletta poi un monopattino
7O,7OSU3,audio_3141,7,Tocca in ordine un leone poi una bicicletta poi una bambina
7O,7OSU3,audio_3142,7,Tocca in ordine un leone poi una bicicletta poi un ombrello
7O,7OSU3,audio_3143,7,Tocca in ordine un leone poi un monopattino poi una scimmia
7O,7OSU3,audio_3144,7,Tocca in ordine un leone poi un monopattino poi un pappagallo
7O,7OSU3,audio_3145,7,Tocca in ordine un leone poi un monopattino poi un polipo
7O,7OSU3,audio_3146,7,Tocca in ordine un leone poi un monopattino poi un gelato
7O,7OSU3,audio_3147,7,Tocca in ordine un leone poi un monopattino poi un paio di occhiali da sole
7O,7OSU3,audio_3148,7,Tocca in ordine un leone poi un monopattino poi una bicicletta
7O,7OSU3,audio_3149,7,Tocca in ordine un leone poi un monopattino poi una bambina
7O,7OSU3,audio_3150,7,Tocca in ordine un leone poi un monopattino poi un ombrello
7O,7OSU3,audio_3151,7,Tocca in ordine un leone poi una bambina poi una scimmia
7O,7OSU3,audio_3152,7,Tocca in ordine un leone poi una bambina poi un pappagallo
7O,7OSU3,audio_3153,7,Tocca in ordine un leone poi una bambina poi un polipo
7O,7OSU3,audio_3154,7,Tocca in ordine un leone poi una bambina poi un gelato
7O,7OSU3,audio_3155,7,Tocca in ordine un leone poi una bambina poi un paio di occhiali da sole
7O,7OSU3,audio_3156,7,Tocca in ordine un leone poi una bambina poi una bicicletta
7O,7OSU3,audio_3157,7,Tocca in ordine un leone poi una bambina poi un monopattino
7O,7OSU3,audio_3158,7,Tocca in ordine un leone poi una bambina poi un ombrello
7O,7OSU3,audio_3159,7,Tocca in ordine un leone poi un ombrello poi una scimmia
7O,7OSU3,audio_3160,7,Tocca in ordine un leone poi un ombrello poi un pappagallo
7O,7OSU3,audio_3161,7,Tocca in ordine un leone poi un ombrello poi un polipo
7O,7OSU3,audio_3162,7,Tocca in ordine un leone poi un ombrello poi un gelato
7O,7OSU3,audio_3163,7,Tocca in ordine un leone poi un ombrello poi un paio di occhiali da sole
7O,7OSU3,audio_3164,7,Tocca in ordine un leone poi un ombrello poi una bicicletta
7O,7OSU3,audio_3165,7,Tocca in ordine un leone poi un ombrello poi un monopattino
7O,7OSU3,audio_3166,7,Tocca in ordine un leone poi un ombrello poi una bambina
7O,7OSU3,audio_3167,7,Tocca in ordine una scimmia poi un leone poi un pappagallo
7O,7OSU3,audio_3168,7,Tocca in ordine una scimmia poi un leone poi un polipo
7O,7OSU3,audio_3169,7,Tocca in ordine una scimmia poi un leone poi un gelato
7O,7OSU3,audio_3170,7,Tocca in ordine una scimmia poi un leone poi un paio di occhiali da sole
7O,7OSU3,audio_3171,7,Tocca in ordine una scimmia poi un leone poi una bicicletta
7O,7OSU3,audio_3172,7,Tocca in ordine una scimmia poi un leone poi un monopattino
7O,7OSU3,audio_3173,7,Tocca in ordine una scimmia poi un leone poi una bambina
7O,7OSU3,audio_3174,7,Tocca in ordine una scimmia poi un leone poi un ombrello
7O,7OSU3,audio_3175,7,Tocca in ordine una scimmia poi un pappagallo poi un leone
7O,7OSU3,audio_3176,7,Tocca in ordine una scimmia poi un pappagallo poi un polipo
7O,7OSU3,audio_3177,7,Tocca in ordine una scimmia poi un pappagallo poi un gelato
7O,7OSU3,audio_3178,7,Tocca in ordine una scimmia poi un pappagallo poi un paio di occhiali da sole
7O,7OSU3,audio_3179,7,Tocca in ordine una scimmia poi un pappagallo poi una bicicletta
7O,7OSU3,audio_3180,7,Tocca in ordine una scimmia poi un pappagallo poi un monopattino
7O,7OSU3,audio_3181,7,Tocca in ordine una scimmia poi un pappagallo poi una bambina
7O,7OSU3,audio_3182,7,Tocca in ordine una scimmia poi un pappagallo poi un ombrello
7O,7OSU3,audio_3183,7,Tocca in ordine una scimmia poi un polipo poi un leone
7O,7OSU3,audio_3184,7,Tocca in ordine una scimmia poi un polipo poi un pappagallo
7O,7OSU3,audio_3185,7,Tocca in ordine una scimmia poi un polipo poi un gelato
7O,7OSU3,audio_3186,7,Tocca in ordine una scimmia poi un polipo poi un paio di occhiali da sole
7O,7OSU3,audio_3187,7,Tocca in ordine una scimmia poi un polipo poi una bicicletta
7O,7OSU3,audio_3188,7,Tocca in ordine una scimmia poi un polipo poi un monopattino
7O,7OSU3,audio_3189,7,Tocca in ordine una scimmia poi un polipo poi una bambina
7O,7OSU3,audio_3190,7,Tocca in ordine una scimmia poi un polipo poi un ombrello
7O,7OSU3,audio_3191,7,Tocca in ordine una scimmia poi un gelato poi un leone
7O,7OSU3,audio_3192,7,Tocca in ordine una scimmia poi un gelato poi un pappagallo
7O,7OSU3,audio_3193,7,Tocca in ordine una scimmia poi un gelato poi un polipo
7O,7OSU3,audio_3194,7,Tocca in ordine una scimmia poi un gelato poi un paio di occhiali da sole
7O,7OSU3,audio_3195,7,Tocca in ordine una scimmia poi un gelato poi una bicicletta
7O,7OSU3,audio_3196,7,Tocca in ordine una scimmia poi un gelato poi un monopattino
7O,7OSU3,audio_3197,7,Tocca in ordine una scimmia poi un gelato poi una bambina
7O,7OSU3,audio_3198,7,Tocca in ordine una scimmia poi un gelato poi un ombrello
7O,7OSU3,audio_3199,7,Tocca in ordine una scimmia poi un paio di occhiali da sole poi un leone
7O,7OSU3,audio_3200,7,Tocca in ordine una scimmia poi un paio di occhiali da sole poi un pappagallo
7O,7OSU3,audio_3201,7,Tocca in ordine una scimmia poi un paio di occhiali da sole poi un polipo
7O,7OSU3,audio_3202,7,Tocca in ordine una scimmia poi un paio di occhiali da sole poi un gelato
7O,7OSU3,audio_3203,7,Tocca in ordine una scimmia poi un paio di occhiali da sole poi una bicicletta
7O,7OSU3,audio_3204,7,Tocca in ordine una scimmia poi un paio di occhiali da sole poi un monopattino
7O,7OSU3,audio_3205,7,Tocca in ordine una scimmia poi un paio di occhiali da sole poi una bambina
7O,7OSU3,audio_3206,7,Tocca in ordine una scimmia poi un paio di occhiali da sole poi un ombrello
7O,7OSU3,audio_3207,7,Tocca in ordine una scimmia poi una bicicletta poi un leone
7O,7OSU3,audio_3208,7,Tocca in ordine una scimmia poi una bicicletta poi un pappagallo
7O,7OSU3,audio_3209,7,Tocca in ordine una scimmia poi una bicicletta poi un polipo
7O,7OSU3,audio_3210,7,Tocca in ordine una scimmia poi una bicicletta poi un gelato
7O,7OSU3,audio_3211,7,Tocca in ordine una scimmia poi una bicicletta poi un paio di occhiali da sole
7O,7OSU3,audio_3212,7,Tocca in ordine una scimmia poi una bicicletta poi un monopattino
7O,7OSU3,audio_3213,7,Tocca in ordine una scimmia poi una bicicletta poi una bambina
7O,7OSU3,audio_3214,7,Tocca in ordine una scimmia poi una bicicletta poi un ombrello
7O,7OSU3,audio_3215,7,Tocca in ordine una scimmia poi un monopattino poi un leone
7O,7OSU3,audio_3216,7,Tocca in ordine una scimmia poi un monopattino poi un pappagallo
7O,7OSU3,audio_3217,7,Tocca in ordine una scimmia poi un monopattino poi un polipo
7O,7OSU3,audio_3218,7,Tocca in ordine una scimmia poi un monopattino poi un gelato
7O,7OSU3,audio_3219,7,Tocca in ordine una scimmia poi un monopattino poi un paio di occhiali da sole
7O,7OSU3,audio_3220,7,Tocca in ordine una scimmia poi un monopattino poi una bicicletta
7O,7OSU3,audio_3221,7,Tocca in ordine una scimmia poi un monopattino poi una bambina
7O,7OSU3,audio_3222,7,Tocca in ordine una scimmia poi un monopattino poi un ombrello
7O,7OSU3,audio_3223,7,Tocca in ordine una scimmia poi una bambina poi un leone
7O,7OSU3,audio_3224,7,Tocca in ordine una scimmia poi una bambina poi un pappagallo
7O,7OSU3,audio_3225,7,Tocca in ordine una scimmia poi una bambina poi un polipo
7O,7OSU3,audio_3226,7,Tocca in ordine una scimmia poi una bambina poi un gelato
7O,7OSU3,audio_3227,7,Tocca in ordine una scimmia poi una bambina poi un paio di occhiali da sole
7O,7OSU3,audio_3228,7,Tocca in ordine una scimmia poi una bambina poi una bicicletta
7O,7OSU3,audio_3229,7,Tocca in ordine una scimmia poi una bambina poi un monopattino
7O,7OSU3,audio_3230,7,Tocca in ordine una scimmia poi una bambina poi un ombrello
7O,7OSU3,audio_3231,7,Tocca in ordine una scimmia poi un ombrello poi un leone
7O,7OSU3,audio_3232,7,Tocca in ordine una scimmia poi un ombrello poi un pappagallo
7O,7OSU3,audio_3233,7,Tocca in ordine una scimmia poi un ombrello poi un polipo
7O,7OSU3,audio_3234,7,Tocca in ordine una scimmia poi un ombrello poi un gelato
7O,7OSU3,audio_3235,7,Tocca in ordine una scimmia poi un ombrello poi un paio di occhiali da sole
7O,7OSU3,audio_3236,7,Tocca in ordine una scimmia poi un ombrello poi una bicicletta
7O,7OSU3,audio_3237,7,Tocca in ordine una scimmia poi un ombrello poi un monopattino
7O,7OSU3,audio_3238,7,Tocca in ordine una scimmia poi un ombrello poi una bambina
7O,7OSU3,audio_3239,7,Tocca in ordine un pappagallo poi un leone poi una scimmia
7O,7OSU3,audio_3240,7,Tocca in ordine un pappagallo poi un leone poi un polipo
7O,7OSU3,audio_3241,7,Tocca in ordine un pappagallo poi un leone poi un gelato
7O,7OSU3,audio_3242,7,Tocca in ordine un pappagallo poi un leone poi un paio di occhiali da sole
7O,7OSU3,audio_3243,7,Tocca in ordine un pappagallo poi un leone poi una bicicletta
7O,7OSU3,audio_3244,7,Tocca in ordine un pappagallo poi un leone poi un monopattino
7O,7OSU3,audio_3245,7,Tocca in ordine un pappagallo poi un leone poi una bambina
7O,7OSU3,audio_3246,7,Tocca in ordine un pappagallo poi un leone poi un ombrello
7O,7OSU3,audio_3247,7,Tocca in ordine un pappagallo poi una scimmia poi un leone
7O,7OSU3,audio_3248,7,Tocca in ordine un pappagallo poi una scimmia poi un polipo
7O,7OSU3,audio_3249,7,Tocca in ordine un pappagallo poi una scimmia poi un gelato
7O,7OSU3,audio_3250,7,Tocca in ordine un pappagallo poi una scimmia poi un paio di occhiali da sole
7O,7OSU3,audio_3251,7,Tocca in ordine un pappagallo poi una scimmia poi una bicicletta
7O,7OSU3,audio_3252,7,Tocca in ordine un pappagallo poi una scimmia poi un monopattino
7O,7OSU3,audio_3253,7,Tocca in ordine un pappagallo poi una scimmia poi una bambina
7O,7OSU3,audio_3254,7,Tocca in ordine un pappagallo poi una scimmia poi un ombrello
7O,7OSU3,audio_3255,7,Tocca in ordine un pappagallo poi un polipo poi un leone
7O,7OSU3,audio_3256,7,Tocca in ordine un pappagallo poi un polipo poi una scimmia
7O,7OSU3,audio_3257,7,Tocca in ordine un pappagallo poi un polipo poi un gelato
7O,7OSU3,audio_3258,7,Tocca in ordine un pappagallo poi un polipo poi un paio di occhiali da sole
7O,7OSU3,audio_3259,7,Tocca in ordine un pappagallo poi un polipo poi una bicicletta
7O,7OSU3,audio_3260,7,Tocca in ordine un pappagallo poi un polipo poi un monopattino
7O,7OSU3,audio_3261,7,Tocca in ordine un pappagallo poi un polipo poi una bambina
7O,7OSU3,audio_3262,7,Tocca in ordine un pappagallo poi un polipo poi un ombrello
7O,7OSU3,audio_3263,7,Tocca in ordine un pappagallo poi un gelato poi un leone
7O,7OSU3,audio_3264,7,Tocca in ordine un pappagallo poi un gelato poi una scimmia
7O,7OSU3,audio_3265,7,Tocca in ordine un pappagallo poi un gelato poi un polipo
7O,7OSU3,audio_3266,7,Tocca in ordine un pappagallo poi un gelato poi un paio di occhiali da sole
7O,7OSU3,audio_3267,7,Tocca in ordine un pappagallo poi un gelato poi una bicicletta
7O,7OSU3,audio_3268,7,Tocca in ordine un pappagallo poi un gelato poi un monopattino
7O,7OSU3,audio_3269,7,Tocca in ordine un pappagallo poi un gelato poi una bambina
7O,7OSU3,audio_3270,7,Tocca in ordine un pappagallo poi un gelato poi un ombrello
7O,7OSU3,audio_3271,7,Tocca in ordine un pappagallo poi un paio di occhiali da sole poi un leone
7O,7OSU3,audio_3272,7,Tocca in ordine un pappagallo poi un paio di occhiali da sole poi una scimmia
7O,7OSU3,audio_3273,7,Tocca in ordine un pappagallo poi un paio di occhiali da sole poi un polipo
7O,7OSU3,audio_3274,7,Tocca in ordine un pappagallo poi un paio di occhiali da sole poi un gelato
7O,7OSU3,audio_3275,7,Tocca in ordine un pappagallo poi un paio di occhiali da sole poi una bicicletta
7O,7OSU3,audio_3276,7,Tocca in ordine un pappagallo poi un paio di occhiali da sole poi un monopattino
7O,7OSU3,audio_3277,7,Tocca in ordine un pappagallo poi un paio di occhiali da sole poi una bambina
7O,7OSU3,audio_3278,7,Tocca in ordine un pappagallo poi un paio di occhiali da sole poi un ombrello
7O,7OSU3,audio_3279,7,Tocca in ordine un pappagallo poi una bicicletta poi un leone
7O,7OSU3,audio_3280,7,Tocca in ordine un pappagallo poi una bicicletta poi una scimmia
7O,7OSU3,audio_3281,7,Tocca in ordine un pappagallo poi una bicicletta poi un polipo
7O,7OSU3,audio_3282,7,Tocca in ordine un pappagallo poi una bicicletta poi un gelato
7O,7OSU3,audio_3283,7,Tocca in ordine un pappagallo poi una bicicletta poi un paio di occhiali da sole
7O,7OSU3,audio_3284,7,Tocca in ordine un pappagallo poi una bicicletta poi un monopattino
7O,7OSU3,audio_3285,7,Tocca in ordine un pappagallo poi una bicicletta poi una bambina
7O,7OSU3,audio_3286,7,Tocca in ordine un pappagallo poi una bicicletta poi un ombrello
7O,7OSU3,audio_3287,7,Tocca in ordine un pappagallo poi un monopattino poi un leone
7O,7OSU3,audio_3288,7,Tocca in ordine un pappagallo poi un monopattino poi una scimmia
7O,7OSU3,audio_3289,7,Tocca in ordine un pappagallo poi un monopattino poi un polipo
7O,7OSU3,audio_3290,7,Tocca in ordine un pappagallo poi un monopattino poi un gelato
7O,7OSU3,audio_3291,7,Tocca in ordine un pappagallo poi un monopattino poi un paio di occhiali da sole
7O,7OSU3,audio_3292,7,Tocca in ordine un pappagallo poi un monopattino poi una bicicletta
7O,7OSU3,audio_3293,7,Tocca in ordine un pappagallo poi un monopattino poi una bambina
7O,7OSU3,audio_3294,7,Tocca in ordine un pappagallo poi un monopattino poi un ombrello
7O,7OSU3,audio_3295,7,Tocca in ordine un pappagallo poi una bambina poi un leone
7O,7OSU3,audio_3296,7,Tocca in ordine un pappagallo poi una bambina poi una scimmia
7O,7OSU3,audio_3297,7,Tocca in ordine un pappagallo poi una bambina poi un polipo
7O,7OSU3,audio_3298,7,Tocca in ordine un pappagallo poi una bambina poi un gelato
7O,7OSU3,audio_3299,7,Tocca in ordine un pappagallo poi una bambina poi un paio di occhiali da sole
7O,7OSU3,audio_3300,7,Tocca in ordine un pappagallo poi una bambina poi una bicicletta
7O,7OSU3,audio_3301,7,Tocca in ordine un pappagallo poi una bambina poi un monopattino
7O,7OSU3,audio_3302,7,Tocca in ordine un pappagallo poi una bambina poi un ombrello
7O,7OSU3,audio_3303,7,Tocca in ordine un pappagallo poi un ombrello poi un leone
7O,7OSU3,audio_3304,7,Tocca in ordine un pappagallo poi un ombrello poi una scimmia
7O,7OSU3,audio_3305,7,Tocca in ordine un pappagallo poi un ombrello poi un polipo
7O,7OSU3,audio_3306,7,Tocca in ordine un pappagallo poi un ombrello poi un gelato
7O,7OSU3,audio_3307,7,Tocca in ordine un pappagallo poi un ombrello poi un paio di occhiali da sole
7O,7OSU3,audio_3308,7,Tocca in ordine un pappagallo poi un ombrello poi una bicicletta
7O,7OSU3,audio_3309,7,Tocca in ordine un pappagallo poi un ombrello poi un monopattino
7O,7OSU3,audio_3310,7,Tocca in ordine un pappagallo poi un ombrello poi una bambina
7O,7OSU3,audio_3311,7,Tocca in ordine un polipo poi un leone poi una scimmia
7O,7OSU3,audio_3312,7,Tocca in ordine un polipo poi un leone poi un pappagallo
7O,7OSU3,audio_3313,7,Tocca in ordine un polipo poi un leone poi un gelato
7O,7OSU3,audio_3314,7,Tocca in ordine un polipo poi un leone poi un paio di occhiali da sole
7O,7OSU3,audio_3315,7,Tocca in ordine un polipo poi un leone poi una bicicletta
7O,7OSU3,audio_3316,7,Tocca in ordine un polipo poi un leone poi un monopattino
7O,7OSU3,audio_3317,7,Tocca in ordine un polipo poi un leone poi una bambina
7O,7OSU3,audio_3318,7,Tocca in ordine un polipo poi un leone poi un ombrello
7O,7OSU3,audio_3319,7,Tocca in ordine un polipo poi una scimmia poi un leone
7O,7OSU3,audio_3320,7,Tocca in ordine un polipo poi una scimmia poi un pappagallo
7O,7OSU3,audio_3321,7,Tocca in ordine un polipo poi una scimmia poi un gelato
7O,7OSU3,audio_3322,7,Tocca in ordine un polipo poi una scimmia poi un paio di occhiali da sole
7O,7OSU3,audio_3323,7,Tocca in ordine un polipo poi una scimmia poi una bicicletta
7O,7OSU3,audio_3324,7,Tocca in ordine un polipo poi una scimmia poi un monopattino
7O,7OSU3,audio_3325,7,Tocca in ordine un polipo poi una scimmia poi una bambina
7O,7OSU3,audio_3326,7,Tocca in ordine un polipo poi una scimmia poi un ombrello
7O,7OSU3,audio_3327,7,Tocca in ordine un polipo poi un pappagallo poi un leone
7O,7OSU3,audio_3328,7,Tocca in ordine un polipo poi un pappagallo poi una scimmia
7O,7OSU3,audio_3329,7,Tocca in ordine un polipo poi un pappagallo poi un gelato
7O,7OSU3,audio_3330,7,Tocca in ordine un polipo poi un pappagallo poi un paio di occhiali da sole
7O,7OSU3,audio_3331,7,Tocca in ordine un polipo poi un pappagallo poi una bicicletta
7O,7OSU3,audio_3332,7,Tocca in ordine un polipo poi un pappagallo poi un monopattino
7O,7OSU3,audio_3333,7,Tocca in ordine un polipo poi un pappagallo poi una bambina
7O,7OSU3,audio_3334,7,Tocca in ordine un polipo poi un pappagallo poi un ombrello
7O,7OSU3,audio_3335,7,Tocca in ordine un polipo poi un gelato poi un leone
7O,7OSU3,audio_3336,7,Tocca in ordine un polipo poi un gelato poi una scimmia
7O,7OSU3,audio_3337,7,Tocca in ordine un polipo poi un gelato poi un pappagallo
7O,7OSU3,audio_3338,7,Tocca in ordine un polipo poi un gelato poi un paio di occhiali da sole
7O,7OSU3,audio_3339,7,Tocca in ordine un polipo poi un gelato poi una bicicletta
7O,7OSU3,audio_3340,7,Tocca in ordine un polipo poi un gelato poi un monopattino
7O,7OSU3,audio_3341,7,Tocca in ordine un polipo poi un gelato poi una bambina
7O,7OSU3,audio_3342,7,Tocca in ordine un polipo poi un gelato poi un ombrello
7O,7OSU3,audio_3343,7,Tocca in ordine un polipo poi un paio di occhiali da sole poi un leone
7O,7OSU3,audio_3344,7,Tocca in ordine un polipo poi un paio di occhiali da sole poi una scimmia
7O,7OSU3,audio_3345,7,Tocca in ordine un polipo poi un paio di occhiali da sole poi un pappagallo
7O,7OSU3,audio_3346,7,Tocca in ordine un polipo poi un paio di occhiali da sole poi un gelato
7O,7OSU3,audio_3347,7,Tocca in ordine un polipo poi un paio di occhiali da sole poi una bicicletta
7O,7OSU3,audio_3348,7,Tocca in ordine un polipo poi un paio di occhiali da sole poi un monopattino
7O,7OSU3,audio_3349,7,Tocca in ordine un polipo poi un paio di occhiali da sole poi una bambina
7O,7OSU3,audio_3350,7,Tocca in ordine un polipo poi un paio di occhiali da sole poi un ombrello
7O,7OSU3,audio_3351,7,Tocca in ordine un polipo poi una bicicletta poi un leone
7O,7OSU3,audio_3352,7,Tocca in ordine un polipo poi una bicicletta poi una scimmia
7O,7OSU3,audio_3353,7,Tocca in ordine un polipo poi una bicicletta poi un pappagallo
7O,7OSU3,audio_3354,7,Tocca in ordine un polipo poi una bicicletta poi un gelato
7O,7OSU3,audio_3355,7,Tocca in ordine un polipo poi una bicicletta poi un paio di occhiali da sole
7O,7OSU3,audio_3356,7,Tocca in ordine un polipo poi una bicicletta poi un monopattino
7O,7OSU3,audio_3357,7,Tocca in ordine un polipo poi una bicicletta poi una bambina
7O,7OSU3,audio_3358,7,Tocca in ordine un polipo poi una bicicletta poi un ombrello
7O,7OSU3,audio_3359,7,Tocca in ordine un polipo poi un monopattino poi un leone
7O,7OSU3,audio_3360,7,Tocca in ordine un polipo poi un monopattino poi una scimmia
7O,7OSU3,audio_3361,7,Tocca in ordine un polipo poi un monopattino poi un pappagallo
7O,7OSU3,audio_3362,7,Tocca in ordine un polipo poi un monopattino poi un gelato
7O,7OSU3,audio_3363,7,Tocca in ordine un polipo poi un monopattino poi un paio di occhiali da sole
7O,7OSU3,audio_3364,7,Tocca in ordine un polipo poi un monopattino poi una bicicletta
7O,7OSU3,audio_3365,7,Tocca in ordine un polipo poi un monopattino poi una bambina
7O,7OSU3,audio_3366,7,Tocca in ordine un polipo poi un monopattino poi un ombrello
7O,7OSU3,audio_3367,7,Tocca in ordine un polipo poi una bambina poi un leone
7O,7OSU3,audio_3368,7,Tocca in ordine un polipo poi una bambina poi una scimmia
7O,7OSU3,audio_3369,7,Tocca in ordine un polipo poi una bambina poi un pappagallo
7O,7OSU3,audio_3370,7,Tocca in ordine un polipo poi una bambina poi un gelato
7O,7OSU3,audio_3371,7,Tocca in ordine un polipo poi una bambina poi un paio di occhiali da sole
7O,7OSU3,audio_3372,7,Tocca in ordine un polipo poi una bambina poi una bicicletta
7O,7OSU3,audio_3373,7,Tocca in ordine un polipo poi una bambina poi un monopattino
7O,7OSU3,audio_3374,7,Tocca in ordine un polipo poi una bambina poi un ombrello
7O,7OSU3,audio_3375,7,Tocca in ordine un polipo poi un ombrello poi un leone
7O,7OSU3,audio_3376,7,Tocca in ordine un polipo poi un ombrello poi una scimmia
7O,7OSU3,audio_3377,7,Tocca in ordine un polipo poi un ombrello poi un pappagallo
7O,7OSU3,audio_3378,7,Tocca in ordine un polipo poi un ombrello poi un gelato
7O,7OSU3,audio_3379,7,Tocca in ordine un polipo poi un ombrello poi un paio di occhiali da sole
7O,7OSU3,audio_3380,7,Tocca in ordine un polipo poi un ombrello poi una bicicletta
7O,7OSU3,audio_3381,7,Tocca in ordine un polipo poi un ombrello poi un monopattino
7O,7OSU3,audio_3382,7,Tocca in ordine un polipo poi un ombrello poi una bambina
7O,7OSU3,audio_3383,7,Tocca in ordine un gelato poi un leone poi una scimmia
7O,7OSU3,audio_3384,7,Tocca in ordine un gelato poi un leone poi un pappagallo
7O,7OSU3,audio_3385,7,Tocca in ordine un gelato poi un leone poi un polipo
7O,7OSU3,audio_3386,7,Tocca in ordine un gelato poi un leone poi un paio di occhiali da sole
7O,7OSU3,audio_3387,7,Tocca in ordine un gelato poi un leone poi una bicicletta
7O,7OSU3,audio_3388,7,Tocca in ordine un gelato poi un leone poi un monopattino
7O,7OSU3,audio_3389,7,Tocca in ordine un gelato poi un leone poi una bambina
7O,7OSU3,audio_3390,7,Tocca in ordine un gelato poi un leone poi un ombrello
7O,7OSU3,audio_3391,7,Tocca in ordine un gelato poi una scimmia poi un leone
7O,7OSU3,audio_3392,7,Tocca in ordine un gelato poi una scimmia poi un pappagallo
7O,7OSU3,audio_3393,7,Tocca in ordine un gelato poi una scimmia poi un polipo
7O,7OSU3,audio_3394,7,Tocca in ordine un gelato poi una scimmia poi un paio di occhiali da sole
7O,7OSU3,audio_3395,7,Tocca in ordine un gelato poi una scimmia poi una bicicletta
7O,7OSU3,audio_3396,7,Tocca in ordine un gelato poi una scimmia poi un monopattino
7O,7OSU3,audio_3397,7,Tocca in ordine un gelato poi una scimmia poi una bambina
7O,7OSU3,audio_3398,7,Tocca in ordine un gelato poi una scimmia poi un ombrello
7O,7OSU3,audio_3399,7,Tocca in ordine un gelato poi un pappagallo poi un leone
7O,7OSU3,audio_3400,7,Tocca in ordine un gelato poi un pappagallo poi una scimmia
7O,7OSU3,audio_3401,7,Tocca in ordine un gelato poi un pappagallo poi un polipo
7O,7OSU3,audio_3402,7,Tocca in ordine un gelato poi un pappagallo poi un paio di occhiali da sole
7O,7OSU3,audio_3403,7,Tocca in ordine un gelato poi un pappagallo poi una bicicletta
7O,7OSU3,audio_3404,7,Tocca in ordine un gelato poi un pappagallo poi un monopattino
7O,7OSU3,audio_3405,7,Tocca in ordine un gelato poi un pappagallo poi una bambina
7O,7OSU3,audio_3406,7,Tocca in ordine un gelato poi un pappagallo poi un ombrello
7O,7OSU3,audio_3407,7,Tocca in ordine un gelato poi un polipo poi un leone
7O,7OSU3,audio_3408,7,Tocca in ordine un gelato poi un polipo poi una scimmia
7O,7OSU3,audio_3409,7,Tocca in ordine un gelato poi un polipo poi un pappagallo
7O,7OSU3,audio_3410,7,Tocca in ordine un gelato poi un polipo poi un paio di occhiali da sole
7O,7OSU3,audio_3411,7,Tocca in ordine un gelato poi un polipo poi una bicicletta
7O,7OSU3,audio_3412,7,Tocca in ordine un gelato poi un polipo poi un monopattino
7O,7OSU3,audio_3413,7,Tocca in ordine un gelato poi un polipo poi una bambina
7O,7OSU3,audio_3414,7,Tocca in ordine un gelato poi un polipo poi un ombrello
7O,7OSU3,audio_3415,7,Tocca in ordine un gelato poi un paio di occhiali da sole poi un leone
7O,7OSU3,audio_3416,7,Tocca in ordine un gelato poi un paio di occhiali da sole poi una scimmia
7O,7OSU3,audio_3417,7,Tocca in ordine un gelato poi un paio di occhiali da sole poi un pappagallo
7O,7OSU3,audio_3418,7,Tocca in ordine un gelato poi un paio di occhiali da sole poi un polipo
7O,7OSU3,audio_3419,7,Tocca in ordine un gelato poi un paio di occhiali da sole poi una bicicletta
7O,7OSU3,audio_3420,7,Tocca in ordine un gelato poi un paio di occhiali da sole poi un monopattino
7O,7OSU3,audio_3421,7,Tocca in ordine un gelato poi un paio di occhiali da sole poi una bambina
7O,7OSU3,audio_3422,7,Tocca in ordine un gelato poi un paio di occhiali da sole poi un ombrello
7O,7OSU3,audio_3423,7,Tocca in ordine un gelato poi una bicicletta poi un leone
7O,7OSU3,audio_3424,7,Tocca in ordine un gelato poi una bicicletta poi una scimmia
7O,7OSU3,audio_3425,7,Tocca in ordine un gelato poi una bicicletta poi un pappagallo
7O,7OSU3,audio_3426,7,Tocca in ordine un gelato poi una bicicletta poi un polipo
7O,7OSU3,audio_3427,7,Tocca in ordine un gelato poi una bicicletta poi un paio di occhiali da sole
7O,7OSU3,audio_3428,7,Tocca in ordine un gelato poi una bicicletta poi un monopattino
7O,7OSU3,audio_3429,7,Tocca in ordine un gelato poi una bicicletta poi una bambina
7O,7OSU3,audio_3430,7,Tocca in ordine un gelato poi una bicicletta poi un ombrello
7O,7OSU3,audio_3431,7,Tocca in ordine un gelato poi un monopattino poi un leone
7O,7OSU3,audio_3432,7,Tocca in ordine un gelato poi un monopattino poi una scimmia
7O,7OSU3,audio_3433,7,Tocca in ordine un gelato poi un monopattino poi un pappagallo
7O,7OSU3,audio_3434,7,Tocca in ordine un gelato poi un monopattino poi un polipo
7O,7OSU3,audio_3435,7,Tocca in ordine un gelato poi un monopattino poi un paio di occhiali da sole
7O,7OSU3,audio_3436,7,Tocca in ordine un gelato poi un monopattino poi una bicicletta
7O,7OSU3,audio_3437,7,Tocca in ordine un gelato poi un monopattino poi una bambina
7O,7OSU3,audio_3438,7,Tocca in ordine un gelato poi un monopattino poi un ombrello
7O,7OSU3,audio_3439,7,Tocca in ordine un gelato poi una bambina poi un leone
7O,7OSU3,audio_3440,7,Tocca in ordine un gelato poi una bambina poi una scimmia
7O,7OSU3,audio_3441,7,Tocca in ordine un gelato poi una bambina poi un pappagallo
7O,7OSU3,audio_3442,7,Tocca in ordine un gelato poi una bambina poi un polipo
7O,7OSU3,audio_3443,7,Tocca in ordine un gelato poi una bambina poi un paio di occhiali da sole
7O,7OSU3,audio_3444,7,Tocca in ordine un gelato poi una bambina poi una bicicletta
7O,7OSU3,audio_3445,7,Tocca in ordine un gelato poi una bambina poi un monopattino
7O,7OSU3,audio_3446,7,Tocca in ordine un gelato poi una bambina poi un ombrello
7O,7OSU3,audio_3447,7,Tocca in ordine un gelato poi un ombrello poi leone
7O,7OSU3,audio_3448,7,Tocca in ordine un gelato poi un ombrello poi una scimmia
7O,7OSU3,audio_3449,7,Tocca in ordine un gelato poi un ombrello poi un pappagallo
7O,7OSU3,audio_3450,7,Tocca in ordine un gelato poi un ombrello poi un polipo
7O,7OSU3,audio_3451,7,Tocca in ordine un gelato poi un ombrello poi un paio di occhiali da sole
7O,7OSU3,audio_3452,7,Tocca in ordine un gelato poi un ombrello poi una bicicletta
7O,7OSU3,audio_3453,7,Tocca in ordine un gelato poi un ombrello poi un monopattino
7O,7OSU3,audio_3454,7,Tocca in ordine un gelato poi un ombrello poi una bambina
7O,7OSU3,audio_3455,7,Tocca in ordine un paio di occhiali da sole poi un leone poi una scimmia
7O,7OSU3,audio_3456,7,Tocca in ordine un paio di occhiali da sole poi un leone poi un pappagallo
7O,7OSU3,audio_3457,7,Tocca in ordine un paio di occhiali da sole poi un leone poi un polipo
7O,7OSU3,audio_3458,7,Tocca in ordine un paio di occhiali da sole poi un leone poi un gelato
7O,7OSU3,audio_3459,7,Tocca in ordine un paio di occhiali da sole poi un leone poi una bicicletta
7O,7OSU3,audio_3460,7,Tocca in ordine un paio di occhiali da sole poi un leone poi un monopattino
7O,7OSU3,audio_3461,7,Tocca in ordine un paio di occhiali da sole poi un leone poi una bambina
7O,7OSU3,audio_3462,7,Tocca in ordine un paio di occhiali da sole poi un leone poi un ombrello
7O,7OSU3,audio_3463,7,Tocca in ordine un paio di occhiali da sole poi una scimmia poi un leone
7O,7OSU3,audio_3464,7,Tocca in ordine un paio di occhiali da sole poi una scimmia poi un pappagallo
7O,7OSU3,audio_3465,7,Tocca in ordine un paio di occhiali da sole poi una scimmia poi un polipo
7O,7OSU3,audio_3466,7,Tocca in ordine un paio di occhiali da sole poi una scimmia poi un gelato
7O,7OSU3,audio_3467,7,Tocca in ordine un paio di occhiali da sole poi una scimmia poi una bicicletta
7O,7OSU3,audio_3468,7,Tocca in ordine un paio di occhiali da sole poi una scimmia poi un monopattino
7O,7OSU3,audio_3469,7,Tocca in ordine un paio di occhiali da sole poi una scimmia poi una bambina
7O,7OSU3,audio_3470,7,Tocca in ordine un paio di occhiali da sole poi una scimmia poi un ombrello
7O,7OSU3,audio_3471,7,Tocca in ordine un paio di occhiali da sole poi un pappagallo poi un leone
7O,7OSU3,audio_3472,7,Tocca in ordine un paio di occhiali da sole poi un pappagallo poi una scimmia
7O,7OSU3,audio_3473,7,Tocca in ordine un paio di occhiali da sole poi un pappagallo poi un polipo
7O,7OSU3,audio_3474,7,Tocca in ordine un paio di occhiali da sole poi un pappagallo poi un gelato
7O,7OSU3,audio_3475,7,Tocca in ordine un paio di occhiali da sole poi un pappagallo poi una bicicletta
7O,7OSU3,audio_3476,7,Tocca in ordine un paio di occhiali da sole poi un pappagallo poi un monopattino
7O,7OSU3,audio_3477,7,Tocca in ordine un paio di occhiali da sole poi un pappagallo poi una bambina
7O,7OSU3,audio_3478,7,Tocca in ordine un paio di occhiali da sole poi un pappagallo poi un ombrello
7O,7OSU3,audio_3479,7,Tocca in ordine un paio di occhiali da sole poi un polipo poi un leone
7O,7OSU3,audio_3480,7,Tocca in ordine un paio di occhiali da sole poi un polipo poi una scimmia
7O,7OSU3,audio_3481,7,Tocca in ordine un paio di occhiali da sole poi un polipo poi un pappagallo
7O,7OSU3,audio_3482,7,Tocca in ordine un paio di occhiali da sole poi un polipo poi un gelato
7O,7OSU3,audio_3483,7,Tocca in ordine un paio di occhiali da sole poi un polipo poi una bicicletta
7O,7OSU3,audio_3484,7,Tocca in ordine un paio di occhiali da sole poi un polipo poi un monopattino
7O,7OSU3,audio_3485,7,Tocca in ordine un paio di occhiali da sole poi un polipo poi una bambina
7O,7OSU3,audio_3486,7,Tocca in ordine un paio di occhiali da sole poi un polipo poi un ombrello
7O,7OSU3,audio_3487,7,Tocca in ordine un paio di occhiali da sole poi un gelato poi un leone
7O,7OSU3,audio_3488,7,Tocca in ordine un paio di occhiali da sole poi un gelato poi una scimmia
7O,7OSU3,audio_3489,7,Tocca in ordine un paio di occhiali da sole poi un gelato poi un pappagallo
7O,7OSU3,audio_3490,7,Tocca in ordine un paio di occhiali da sole poi un gelato poi un polipo
7O,7OSU3,audio_3491,7,Tocca in ordine un paio di occhiali da sole poi un gelato poi una bicicletta
7O,7OSU3,audio_3492,7,Tocca in ordine un paio di occhiali da sole poi un gelato poi un monopattino
7O,7OSU3,audio_3493,7,Tocca in ordine un paio di occhiali da sole poi un gelato poi una bambina
7O,7OSU3,audio_3494,7,Tocca in ordine un paio di occhiali da sole poi un gelato poi un ombrello
7O,7OSU3,audio_3495,7,Tocca in ordine un paio di occhiali da sole poi una bicicletta poi un leone
7O,7OSU3,audio_3496,7,Tocca in ordine un paio di occhiali da sole poi una bicicletta poi una scimmia
7O,7OSU3,audio_3497,7,Tocca in ordine un paio di occhiali da sole poi una bicicletta poi un pappagallo
7O,7OSU3,audio_3498,7,Tocca in ordine un paio di occhiali da sole poi una bicicletta poi un polipo
7O,7OSU3,audio_3499,7,Tocca in ordine un paio di occhiali da sole poi una bicicletta poi un gelato
7O,7OSU3,audio_3500,7,Tocca in ordine un paio di occhiali da sole poi una bicicletta poi un monopattino
7O,7OSU3,audio_3501,7,Tocca in ordine un paio di occhiali da sole poi una bicicletta poi una bambina
7O,7OSU3,audio_3502,7,Tocca in ordine un paio di occhiali da sole poi una bicicletta poi un ombrello
7O,7OSU3,audio_3503,7,Tocca in ordine un paio di occhiali da sole poi un monopattino poi un leone
7O,7OSU3,audio_3504,7,Tocca in ordine un paio di occhiali da sole poi un monopattino poi una scimmia
7O,7OSU3,audio_3505,7,Tocca in ordine un paio di occhiali da sole poi un monopattino poi un pappagallo
7O,7OSU3,audio_3506,7,Tocca in ordine un paio di occhiali da sole poi un monopattino poi un polipo
7O,7OSU3,audio_3507,7,Tocca in ordine un paio di occhiali da sole poi un monopattino poi un gelato
7O,7OSU3,audio_3508,7,Tocca in ordine un paio di occhiali da sole poi un monopattino poi una bicicletta
7O,7OSU3,audio_3509,7,Tocca in ordine un paio di occhiali da sole poi un monopattino poi una bambina
7O,7OSU3,audio_3510,7,Tocca in ordine un paio di occhiali da sole poi un monopattino poi un ombrello
7O,7OSU3,audio_3511,7,Tocca in ordine un paio di occhiali da sole poi una bambina poi un leone
7O,7OSU3,audio_3512,7,Tocca in ordine un paio di occhiali da sole poi una bambina poi una scimmia
7O,7OSU3,audio_3513,7,Tocca in ordine un paio di occhiali da sole poi una bambina poi un pappagallo
7O,7OSU3,audio_3514,7,Tocca in ordine un paio di occhiali da sole poi una bambina poi un polipo
7O,7OSU3,audio_3515,7,Tocca in ordine un paio di occhiali da sole poi una bambina poi un gelato
7O,7OSU3,audio_3516,7,Tocca in ordine un paio di occhiali da sole poi una bambina poi una bicicletta
7O,7OSU3,audio_3517,7,Tocca in ordine un paio di occhiali da sole poi una bambina poi un monopattino
7O,7OSU3,audio_3518,7,Tocca in ordine un paio di occhiali da sole poi una bambina poi un ombrello
7O,7OSU3,audio_3519,7,Tocca in ordine un paio di occhiali da sole poi un ombrello poi un leone
7O,7OSU3,audio_3520,7,Tocca in ordine un paio di occhiali da sole poi un ombrello poi una scimmia
7O,7OSU3,audio_3521,7,Tocca in ordine un paio di occhiali da sole poi un ombrello poi un pappagallo
7O,7OSU3,audio_3522,7,Tocca in ordine un paio di occhiali da sole poi un ombrello poi un polipo
7O,7OSU3,audio_3523,7,Tocca in ordine un paio di occhiali da sole poi un ombrello poi un gelato
7O,7OSU3,audio_3524,7,Tocca in ordine un paio di occhiali da sole poi un ombrello poi una bicicletta
7O,7OSU3,audio_3525,7,Tocca in ordine un paio di occhiali da sole poi un ombrello poi un monopattino
7O,7OSU3,audio_3526,7,Tocca in ordine un paio di occhiali da sole poi un ombrello poi una bambina
7O,7OSU3,audio_3527,7,Tocca in ordine una bicicletta poi un leone poi una scimmia
7O,7OSU3,audio_3528,7,Tocca in ordine una bicicletta poi un leone poi un pappagallo
7O,7OSU3,audio_3529,7,Tocca in ordine una bicicletta poi un leone poi un polipo
7O,7OSU3,audio_3530,7,Tocca in ordine una bicicletta poi un leone poi un gelato
7O,7OSU3,audio_3531,7,Tocca in ordine una bicicletta poi un leone poi un paio di occhiali da sole
7O,7OSU3,audio_3532,7,Tocca in ordine una bicicletta poi un leone poi un monopattino
7O,7OSU3,audio_3533,7,Tocca in ordine una bicicletta poi un leone poi una bambina
7O,7OSU3,audio_3534,7,Tocca in ordine una bicicletta poi un leone poi un ombrello
7O,7OSU3,audio_3535,7,Tocca in ordine una bicicletta poi una scimmia poi un leone
7O,7OSU3,audio_3536,7,Tocca in ordine una bicicletta poi una scimmia poi un pappagallo
7O,7OSU3,audio_3537,7,Tocca in ordine una bicicletta poi una scimmia poi un polipo
7O,7OSU3,audio_3538,7,Tocca in ordine una bicicletta poi una scimmia poi un gelato
7O,7OSU3,audio_3539,7,Tocca in ordine una bicicletta poi una scimmia poi un paio di occhiali da sole
7O,7OSU3,audio_3540,7,Tocca in ordine una bicicletta poi una scimmia poi un monopattino
7O,7OSU3,audio_3541,7,Tocca in ordine una bicicletta poi una scimmia poi una bambina
7O,7OSU3,audio_3542,7,Tocca in ordine una bicicletta poi una scimmia poi un ombrello
7O,7OSU3,audio_3543,7,Tocca in ordine una bicicletta poi un pappagallo poi un leone
7O,7OSU3,audio_3544,7,Tocca in ordine una bicicletta poi un pappagallo poi una scimmia
7O,7OSU3,audio_3545,7,Tocca in ordine una bicicletta poi un pappagallo poi un polipo
7O,7OSU3,audio_3546,7,Tocca in ordine una bicicletta poi un pappagallo poi un gelato
7O,7OSU3,audio_3547,7,Tocca in ordine una bicicletta poi un pappagallo poi un paio di occhiali da sole
7O,7OSU3,audio_3548,7,Tocca in ordine una bicicletta poi un pappagallo poi un monopattino
7O,7OSU3,audio_3549,7,Tocca in ordine una bicicletta poi un pappagallo poi una bambina
7O,7OSU3,audio_3550,7,Tocca in ordine una bicicletta poi un pappagallo poi un ombrello
7O,7OSU3,audio_3551,7,Tocca in ordine una bicicletta poi un polipo poi un leone
7O,7OSU3,audio_3552,7,Tocca in ordine una bicicletta poi un polipo poi una scimmia
7O,7OSU3,audio_3553,7,Tocca in ordine una bicicletta poi un polipo poi un pappagallo
7O,7OSU3,audio_3554,7,Tocca in ordine una bicicletta poi un polipo poi un gelato
7O,7OSU3,audio_3555,7,Tocca in ordine una bicicletta poi un polipo poi un paio di occhiali da sole
7O,7OSU3,audio_3556,7,Tocca in ordine una bicicletta poi un polipo poi un monopattino
7O,7OSU3,audio_3557,7,Tocca in ordine una bicicletta poi un polipo poi una bambina
7O,7OSU3,audio_3558,7,Tocca in ordine una bicicletta poi un polipo poi un ombrello
7O,7OSU3,audio_3559,7,Tocca in ordine una bicicletta poi un gelato poi un leone
7O,7OSU3,audio_3560,7,Tocca in ordine una bicicletta poi un gelato poi una scimmia
7O,7OSU3,audio_3561,7,Tocca in ordine una bicicletta poi un gelato poi un pappagallo
7O,7OSU3,audio_3562,7,Tocca in ordine una bicicletta poi un gelato poi un polipo
7O,7OSU3,audio_3563,7,Tocca in ordine una bicicletta poi un gelato poi un paio di occhiali da sole
7O,7OSU3,audio_3564,7,Tocca in ordine una bicicletta poi un gelato poi un monopattino
7O,7OSU3,audio_3565,7,Tocca in ordine una bicicletta poi un gelato poi una bambina
7O,7OSU3,audio_3566,7,Tocca in ordine una bicicletta poi un gelato poi un ombrello
7O,7OSU3,audio_3567,7,Tocca in ordine una bicicletta poi un paio di occhiali da sole poi un leone
7O,7OSU3,audio_3568,7,Tocca in ordine una bicicletta poi un paio di occhiali da sole poi una scimmia
7O,7OSU3,audio_3569,7,Tocca in ordine una bicicletta poi un paio di occhiali da sole poi un pappagallo
7O,7OSU3,audio_3570,7,Tocca in ordine una bicicletta poi un paio di occhiali da sole poi un polipo
7O,7OSU3,audio_3571,7,Tocca in ordine una bicicletta poi un paio di occhiali da sole poi un gelato
7O,7OSU3,audio_3572,7,Tocca in ordine una bicicletta poi un paio di occhiali da sole poi un monopattino
7O,7OSU3,audio_3573,7,Tocca in ordine una bicicletta poi un paio di occhiali da sole poi una bambina
7O,7OSU3,audio_3574,7,Tocca in ordine una bicicletta poi un paio di occhiali da sole poi un ombrello
7O,7OSU3,audio_3575,7,Tocca in ordine una bicicletta poi un monopattino poi un leone
7O,7OSU3,audio_3576,7,Tocca in ordine una bicicletta poi un monopattino poi una scimmia
7O,7OSU3,audio_3577,7,Tocca in ordine una bicicletta poi un monopattino poi un pappagallo
7O,7OSU3,audio_3578,7,Tocca in ordine una bicicletta poi un monopattino poi un polipo
7O,7OSU3,audio_3579,7,Tocca in ordine una bicicletta poi un monopattino poi un gelato
7O,7OSU3,audio_3580,7,Tocca in ordine una bicicletta poi un monopattino poi un paio di occhiali da sole
7O,7OSU3,audio_3581,7,Tocca in ordine una bicicletta poi un monopattino poi una bambina
7O,7OSU3,audio_3582,7,Tocca in ordine una bicicletta poi un monopattino poi un ombrello
7O,7OSU3,audio_3583,7,Tocca in ordine una bicicletta poi una bambina poi un leone
7O,7OSU3,audio_3584,7,Tocca in ordine una bicicletta poi una bambina poi una scimmia
7O,7OSU3,audio_3585,7,Tocca in ordine una bicicletta poi una bambina poi un pappagallo
7O,7OSU3,audio_3586,7,Tocca in ordine una bicicletta poi una bambina poi un polipo
7O,7OSU3,audio_3587,7,Tocca in ordine una bicicletta poi una bambina poi un gelato
7O,7OSU3,audio_3588,7,Tocca in ordine una bicicletta poi una bambina poi un paio di occhiali da sole
7O,7OSU3,audio_3589,7,Tocca in ordine una bicicletta poi una bambina poi un monopattino
7O,7OSU3,audio_3590,7,Tocca in ordine una bicicletta poi una bambina poi un ombrello
7O,7OSU3,audio_3591,7,Tocca in ordine una bicicletta poi un ombrello poi un leone
7O,7OSU3,audio_3592,7,Tocca in ordine una bicicletta poi un ombrello poi una scimmia
7O,7OSU3,audio_3593,7,Tocca in ordine una bicicletta poi un ombrello poi un pappagallo
7O,7OSU3,audio_3594,7,Tocca in ordine una bicicletta poi un ombrello poi un polipo
7O,7OSU3,audio_3595,7,Tocca in ordine una bicicletta poi un ombrello poi un gelato
7O,7OSU3,audio_3596,7,Tocca in ordine una bicicletta poi un ombrello poi un paio di occhiali da sole
7O,7OSU3,audio_3597,7,Tocca in ordine una bicicletta poi un ombrello poi un monopattino
7O,7OSU3,audio_3598,7,Tocca in ordine una bicicletta poi un ombrello poi una bambina
7O,7OSU3,audio_3599,7,Tocca in ordine un monopattino poi un leone poi una scimmia
7O,7OSU3,audio_3600,7,Tocca in ordine un monopattino poi un leone poi un pappagallo
7O,7OSU3,audio_3601,7,Tocca in ordine un monopattino poi un leone poi un polipo
7O,7OSU3,audio_3602,7,Tocca in ordine un monopattino poi un leone poi un gelato
7O,7OSU3,audio_3603,7,Tocca in ordine un monopattino poi un leone poi un paio di occhiali da sole
7O,7OSU3,audio_3604,7,Tocca in ordine un monopattino poi un leone poi una bicicletta
7O,7OSU3,audio_3605,7,Tocca in ordine un monopattino poi un leone poi una bambina
7O,7OSU3,audio_3606,7,Tocca in ordine un monopattino poi un leone poi un ombrello
7O,7OSU3,audio_3607,7,Tocca in ordine un monopattino poi una scimmia poi un leone
7O,7OSU3,audio_3608,7,Tocca in ordine un monopattino poi una scimmia poi un pappagallo
7O,7OSU3,audio_3609,7,Tocca in ordine un monopattino poi una scimmia poi un polipo
7O,7OSU3,audio_3610,7,Tocca in ordine un monopattino poi una scimmia poi un gelato
7O,7OSU3,audio_3611,7,Tocca in ordine un monopattino poi una scimmia poi un paio di occhiali da sole
7O,7OSU3,audio_3612,7,Tocca in ordine un monopattino poi una scimmia poi una bicicletta
7O,7OSU3,audio_3613,7,Tocca in ordine un monopattino poi una scimmia poi una bambina
7O,7OSU3,audio_3614,7,Tocca in ordine un monopattino poi una scimmia poi un ombrello
7O,7OSU3,audio_3615,7,Tocca in ordine un monopattino poi un pappagallo poi un leone
7O,7OSU3,audio_3616,7,Tocca in ordine un monopattino poi un pappagallo poi una scimmia
7O,7OSU3,audio_3617,7,Tocca in ordine un monopattino poi un pappagallo poi un polipo
7O,7OSU3,audio_3618,7,Tocca in ordine un monopattino poi un pappagallo poi un gelato
7O,7OSU3,audio_3619,7,Tocca in ordine un monopattino poi un pappagallo poi un paio di occhiali da sole
7O,7OSU3,audio_3620,7,Tocca in ordine un monopattino poi un pappagallo poi una bicicletta
7O,7OSU3,audio_3621,7,Tocca in ordine un monopattino poi un pappagallo poi una bambina
7O,7OSU3,audio_3622,7,Tocca in ordine un monopattino poi un pappagallo poi un ombrello
7O,7OSU3,audio_3623,7,Tocca in ordine un monopattino poi un polipo poi un leone
7O,7OSU3,audio_3624,7,Tocca in ordine un monopattino poi un polipo poi una scimmia
7O,7OSU3,audio_3625,7,Tocca in ordine un monopattino poi un polipo poi un pappagallo
7O,7OSU3,audio_3626,7,Tocca in ordine un monopattino poi un polipo poi un gelato
7O,7OSU3,audio_3627,7,Tocca in ordine un monopattino poi un polipo poi un paio di occhiali da sole
7O,7OSU3,audio_3628,7,Tocca in ordine un monopattino poi un polipo poi una bicicletta
7O,7OSU3,audio_3629,7,Tocca in ordine un monopattino poi un polipo poi una bambina
7O,7OSU3,audio_3630,7,Tocca in ordine un monopattino poi un polipo poi un ombrello
7O,7OSU3,audio_3631,7,Tocca in ordine un monopattino poi un gelato poi un leone
7O,7OSU3,audio_3632,7,Tocca in ordine un monopattino poi un gelato poi una scimmia
7O,7OSU3,audio_3633,7,Tocca in ordine un monopattino poi un gelato poi un pappagallo
7O,7OSU3,audio_3634,7,Tocca in ordine un monopattino poi un gelato poi un polipo
7O,7OSU3,audio_3635,7,Tocca in ordine un monopattino poi un gelato poi un paio di occhiali da sole
7O,7OSU3,audio_3636,7,Tocca in ordine un monopattino poi un gelato poi una bicicletta
7O,7OSU3,audio_3637,7,Tocca in ordine un monopattino poi un gelato poi una bambina
7O,7OSU3,audio_3638,7,Tocca in ordine un monopattino poi un gelato poi un ombrello
7O,7OSU3,audio_3639,7,Tocca in ordine un monopattino poi un paio di occhiali da sole poi un leone
7O,7OSU3,audio_3640,7,Tocca in ordine un monopattino poi un paio di occhiali da sole poi una scimmia
7O,7OSU3,audio_3641,7,Tocca in ordine un monopattino poi un paio di occhiali da sole poi un pappagallo
7O,7OSU3,audio_3642,7,Tocca in ordine un monopattino poi un paio di occhiali da sole poi un polipo
7O,7OSU3,audio_3643,7,Tocca in ordine un monopattino poi un paio di occhiali da sole poi un gelato
7O,7OSU3,audio_3644,7,Tocca in ordine un monopattino poi un paio di occhiali da sole poi una bicicletta
7O,7OSU3,audio_3645,7,Tocca in ordine un monopattino poi un paio di occhiali da sole poi una bambina
7O,7OSU3,audio_3646,7,Tocca in ordine un monopattino poi un paio di occhiali da sole poi un ombrello
7O,7OSU3,audio_3647,7,Tocca in ordine un monopattino poi una bicicletta poi un leone
7O,7OSU3,audio_3648,7,Tocca in ordine un monopattino poi una bicicletta poi una scimmia
7O,7OSU3,audio_3649,7,Tocca in ordine un monopattino poi una bicicletta poi un pappagallo
7O,7OSU3,audio_3650,7,Tocca in ordine un monopattino poi una bicicletta poi un polipo
7O,7OSU3,audio_3651,7,Tocca in ordine un monopattino poi una bicicletta poi un gelato
7O,7OSU3,audio_3652,7,Tocca in ordine un monopattino poi una bicicletta poi un paio di occhiali da sole
7O,7OSU3,audio_3653,7,Tocca in ordine un monopattino poi una bicicletta poi una bambina
7O,7OSU3,audio_3654,7,Tocca in ordine un monopattino poi una bicicletta poi un ombrello
7O,7OSU3,audio_3655,7,Tocca in ordine un monopattino poi una bambina poi un leone
7O,7OSU3,audio_3656,7,Tocca in ordine un monopattino poi una bambina poi una scimmia
7O,7OSU3,audio_3657,7,Tocca in ordine un monopattino poi una bambina poi un pappagallo
7O,7OSU3,audio_3658,7,Tocca in ordine un monopattino poi una bambina poi un polipo
7O,7OSU3,audio_3659,7,Tocca in ordine un monopattino poi una bambina poi un gelato
7O,7OSU3,audio_3660,7,Tocca in ordine un monopattino poi una bambina poi un paio di occhiali da sole
7O,7OSU3,audio_3661,7,Tocca in ordine un monopattino poi una bambina poi una bicicletta
7O,7OSU3,audio_3662,7,Tocca in ordine un monopattino poi una bambina poi un ombrello
7O,7OSU3,audio_3663,7,Tocca in ordine un monopattino poi un ombrello poi un leone
7O,7OSU3,audio_3664,7,Tocca in ordine un monopattino poi un ombrello poi una scimmia
7O,7OSU3,audio_3665,7,Tocca in ordine un monopattino poi un ombrello poi un pappagallo
7O,7OSU3,audio_3666,7,Tocca in ordine un monopattino poi un ombrello poi un polipo
7O,7OSU3,audio_3667,7,Tocca in ordine un monopattino poi un ombrello poi un gelato
7O,7OSU3,audio_3668,7,Tocca in ordine un monopattino poi un ombrello poi un paio di occhiali da sole
7O,7OSU3,audio_3669,7,Tocca in ordine un monopattino poi un ombrello poi una bicicletta
7O,7OSU3,audio_3670,7,Tocca in ordine un monopattino poi un ombrello poi una bambina
7O,7OSU3,audio_3671,7,Tocca in ordine una bambina poi un leone poi una scimmia
7O,7OSU3,audio_3672,7,Tocca in ordine una bambina poi un leone poi un pappagallo
7O,7OSU3,audio_3673,7,Tocca in ordine una bambina poi un leone poi un polipo
7O,7OSU3,audio_3674,7,Tocca in ordine una bambina poi un leone poi un gelato
7O,7OSU3,audio_3675,7,Tocca in ordine una bambina poi un leone poi un paio di occhiali da sole
7O,7OSU3,audio_3676,7,Tocca in ordine una bambina poi un leone poi una bicicletta
7O,7OSU3,audio_3677,7,Tocca in ordine una bambina poi un leone poi un monopattino
7O,7OSU3,audio_3678,7,Tocca in ordine una bambina poi un leone poi un ombrello
7O,7OSU3,audio_3679,7,Tocca in ordine una bambina poi una scimmia poi un leone
7O,7OSU3,audio_3680,7,Tocca in ordine una bambina poi una scimmia poi un pappagallo
7O,7OSU3,audio_3681,7,Tocca in ordine una bambina poi una scimmia poi un polipo
7O,7OSU3,audio_3682,7,Tocca in ordine una bambina poi una scimmia poi un gelato
7O,7OSU3,audio_3683,7,Tocca in ordine una bambina poi una scimmia poi un paio di occhiali da sole
7O,7OSU3,audio_3684,7,Tocca in ordine una bambina poi una scimmia poi una bicicletta
7O,7OSU3,audio_3685,7,Tocca in ordine una bambina poi una scimmia poi un monopattino
7O,7OSU3,audio_3686,7,Tocca in ordine una bambina poi una scimmia poi un ombrello
7O,7OSU3,audio_3687,7,Tocca in ordine una bambina poi un pappagallo poi un leone
7O,7OSU3,audio_3688,7,Tocca in ordine una bambina poi un pappagallo poi una scimmia
7O,7OSU3,audio_3689,7,Tocca in ordine una bambina poi un pappagallo poi un polipo
7O,7OSU3,audio_3690,7,Tocca in ordine una bambina poi un pappagallo poi un gelato
7O,7OSU3,audio_3691,7,Tocca in ordine una bambina poi un pappagallo poi un paio di occhiali da sole
7O,7OSU3,audio_3692,7,Tocca in ordine una bambina poi un pappagallo poi una bicicletta
7O,7OSU3,audio_3693,7,Tocca in ordine una bambina poi un pappagallo poi un monopattino
7O,7OSU3,audio_3694,7,Tocca in ordine una bambina poi un pappagallo poi un ombrello
7O,7OSU3,audio_3695,7,Tocca in ordine una bambina poi un polipo poi un leone
7O,7OSU3,audio_3696,7,Tocca in ordine una bambina poi un polipo poi una scimmia
7O,7OSU3,audio_3697,7,Tocca in ordine una bambina poi un polipo poi un pappagallo
7O,7OSU3,audio_3698,7,Tocca in ordine una bambina poi un polipo poi un gelato
7O,7OSU3,audio_3699,7,Tocca in ordine una bambina poi un polipo poi un paio di occhiali da sole
7O,7OSU3,audio_3700,7,Tocca in ordine una bambina poi un polipo poi una bicicletta
7O,7OSU3,audio_3701,7,Tocca in ordine una bambina poi un polipo poi un monopattino
7O,7OSU3,audio_3702,7,Tocca in ordine una bambina poi un polipo poi un ombrello
7O,7OSU3,audio_3703,7,Tocca in ordine una bambina poi un gelato poi un leone
7O,7OSU3,audio_3704,7,Tocca in ordine una bambina poi un gelato poi una scimmia
7O,7OSU3,audio_3705,7,Tocca in ordine una bambina poi un gelato poi un pappagallo
7O,7OSU3,audio_3706,7,Tocca in ordine una bambina poi un gelato poi un polipo
7O,7OSU3,audio_3707,7,Tocca in ordine una bambina poi un gelato poi un paio di occhiali da sole
7O,7OSU3,audio_3708,7,Tocca in ordine una bambina poi un gelato poi una bicicletta
7O,7OSU3,audio_3709,7,Tocca in ordine una bambina poi un gelato poi un monopattino
7O,7OSU3,audio_3710,7,Tocca in ordine una bambina poi un gelato poi un ombrello
7O,7OSU3,audio_3711,7,Tocca in ordine una bambina poi un paio di occhiali da sole poi un leone
7O,7OSU3,audio_3712,7,Tocca in ordine una bambina poi un paio di occhiali da sole poi una scimmia
7O,7OSU3,audio_3713,7,Tocca in ordine una bambina poi un paio di occhiali da sole poi un pappagallo
7O,7OSU3,audio_3714,7,Tocca in ordine una bambina poi un paio di occhiali da sole poi un polipo
7O,7OSU3,audio_3715,7,Tocca in ordine una bambina poi un paio di occhiali da sole poi un gelato
7O,7OSU3,audio_3716,7,Tocca in ordine una bambina poi un paio di occhiali da sole poi una bicicletta
7O,7OSU3,audio_3717,7,Tocca in ordine una bambina poi un paio di occhiali da sole poi un monopattino
7O,7OSU3,audio_3718,7,Tocca in ordine una bambina poi un paio di occhiali da sole poi un ombrello
7O,7OSU3,audio_3719,7,Tocca in ordine una bambina poi una bicicletta poi un leone
7O,7OSU3,audio_3720,7,Tocca in ordine una bambina poi una bicicletta poi una scimmia
7O,7OSU3,audio_3721,7,Tocca in ordine una bambina poi una bicicletta poi un pappagallo
7O,7OSU3,audio_3722,7,Tocca in ordine una bambina poi una bicicletta poi un polipo
7O,7OSU3,audio_3723,7,Tocca in ordine una bambina poi una bicicletta poi un gelato
7O,7OSU3,audio_3724,7,Tocca in ordine una bambina poi una bicicletta poi un paio di occhiali da sole
7O,7OSU3,audio_3725,7,Tocca in ordine una bambina poi una bicicletta poi un monopattino
7O,7OSU3,audio_3726,7,Tocca in ordine una bambina poi una bicicletta poi un ombrello
7O,7OSU3,audio_3727,7,Tocca in ordine una bambina poi un monopattino poi un leone
7O,7OSU3,audio_3728,7,Tocca in ordine una bambina poi un monopattino poi una scimmia
7O,7OSU3,audio_3729,7,Tocca in ordine una bambina poi un monopattino poi un pappagallo
7O,7OSU3,audio_3730,7,Tocca in ordine una bambina poi un monopattino poi un polipo
7O,7OSU3,audio_3731,7,Tocca in ordine una bambina poi un monopattino poi un gelato
7O,7OSU3,audio_3732,7,Tocca in ordine una bambina poi un monopattino poi un paio di occhiali da sole
7O,7OSU3,audio_3733,7,Tocca in ordine una bambina poi un monopattino poi una bicicletta
7O,7OSU3,audio_3734,7,Tocca in ordine una bambina poi un monopattino poi un ombrello
7O,7OSU3,audio_3735,7,Tocca in ordine una bambina poi un ombrello poi un leone
7O,7OSU3,audio_3736,7,Tocca in ordine una bambina poi un ombrello poi una scimmia
7O,7OSU3,audio_3737,7,Tocca in ordine una bambina poi un ombrello poi un pappagallo
7O,7OSU3,audio_3738,7,Tocca in ordine una bambina poi un ombrello poi un polipo
7O,7OSU3,audio_3739,7,Tocca in ordine una bambina poi un ombrello poi un gelato
7O,7OSU3,audio_3740,7,Tocca in ordine una bambina poi un ombrello poi un paio di occhiali da sole
7O,7OSU3,audio_3741,7,Tocca in ordine una bambina poi un ombrello poi una bicicletta
7O,7OSU3,audio_3742,7,Tocca in ordine una bambina poi un ombrello poi un monopattino
7O,7OSU3,audio_3743,7,Tocca in ordine un ombrello poi un leone poi una scimmia
7O,7OSU3,audio_3744,7,Tocca in ordine un ombrello poi un leone poi un pappagallo
7O,7OSU3,audio_3745,7,Tocca in ordine un ombrello poi un leone poi un polipo
7O,7OSU3,audio_3746,7,Tocca in ordine un ombrello poi un leone poi un gelato
7O,7OSU3,audio_3747,7,Tocca in ordine un ombrello poi un leone poi un paio di occhiali da sole
7O,7OSU3,audio_3748,7,Tocca in ordine un ombrello poi un leone poi una bicicletta
7O,7OSU3,audio_3749,7,Tocca in ordine un ombrello poi un leone poi un monopattino
7O,7OSU3,audio_3750,7,Tocca in ordine un ombrello poi un leone poi una bambina
7O,7OSU3,audio_3751,7,Tocca in ordine un ombrello poi una scimmia poi un leone
7O,7OSU3,audio_3752,7,Tocca in ordine un ombrello poi una scimmia poi un pappagallo
7O,7OSU3,audio_3753,7,Tocca in ordine un ombrello poi una scimmia poi un polipo
7O,7OSU3,audio_3754,7,Tocca in ordine un ombrello poi una scimmia poi un gelato
7O,7OSU3,audio_3755,7,Tocca in ordine un ombrello poi una scimmia poi un paio di occhiali da sole
7O,7OSU3,audio_3756,7,Tocca in ordine un ombrello poi una scimmia poi una bicicletta
7O,7OSU3,audio_3757,7,Tocca in ordine un ombrello poi una scimmia poi un monopattino
7O,7OSU3,audio_3758,7,Tocca in ordine un ombrello poi una scimmia poi una bambina
7O,7OSU3,audio_3759,7,Tocca in ordine un ombrello poi un pappagallo poi un leone
7O,7OSU3,audio_3760,7,Tocca in ordine un ombrello poi un pappagallo poi una scimmia
7O,7OSU3,audio_3761,7,Tocca in ordine un ombrello poi un pappagallo poi un polipo
7O,7OSU3,audio_3762,7,Tocca in ordine un ombrello poi un pappagallo poi un gelato
7O,7OSU3,audio_3763,7,Tocca in ordine un ombrello poi un pappagallo poi un paio di occhiali da sole
7O,7OSU3,audio_3764,7,Tocca in ordine un ombrello poi un pappagallo poi una bicicletta
7O,7OSU3,audio_3765,7,Tocca in ordine un ombrello poi un pappagallo poi un monopattino
7O,7OSU3,audio_3766,7,Tocca in ordine un ombrello poi un pappagallo poi una bambina
7O,7OSU3,audio_3767,7,Tocca in ordine un ombrello poi un polipo poi un leone
7O,7OSU3,audio_3768,7,Tocca in ordine un ombrello poi un polipo poi una scimmia
7O,7OSU3,audio_3769,7,Tocca in ordine un ombrello poi un polipo poi un pappagallo
7O,7OSU3,audio_3770,7,Tocca in ordine un ombrello poi un polipo poi un gelato
7O,7OSU3,audio_3771,7,Tocca in ordine un ombrello poi un polipo poi un paio di occhiali da sole
7O,7OSU3,audio_3772,7,Tocca in ordine un ombrello poi un polipo poi una bicicletta
7O,7OSU3,audio_3773,7,Tocca in ordine un ombrello poi un polipo poi un monopattino
7O,7OSU3,audio_3774,7,Tocca in ordine un ombrello poi un polipo poi una bambina
7O,7OSU3,audio_3775,7,Tocca in ordine un ombrello poi un gelato poi un leone
7O,7OSU3,audio_3776,7,Tocca in ordine un ombrello poi un gelato poi una scimmia
7O,7OSU3,audio_3777,7,Tocca in ordine un ombrello poi un gelato poi un pappagallo
7O,7OSU3,audio_3778,7,Tocca in ordine un ombrello poi un gelato poi un polipo
7O,7OSU3,audio_3779,7,Tocca in ordine un ombrello poi un gelato poi un paio di occhiali da sole
7O,7OSU3,audio_3780,7,Tocca in ordine un ombrello poi un gelato poi una bicicletta
7O,7OSU3,audio_3781,7,Tocca in ordine un ombrello poi un gelato poi un monopattino
7O,7OSU3,audio_3782,7,Tocca in ordine un ombrello poi un gelato poi una bambina
7O,7OSU3,audio_3783,7,Tocca in ordine un ombrello poi un paio di occhiali da sole poi un leone
7O,7OSU3,audio_3784,7,Tocca in ordine un ombrello poi un paio di occhiali da sole poi una scimmia
7O,7OSU3,audio_3785,7,Tocca in ordine un ombrello poi un paio di occhiali da sole poi un pappagallo
7O,7OSU3,audio_3786,7,Tocca in ordine un ombrello poi un paio di occhiali da sole poi un polipo
7O,7OSU3,audio_3787,7,Tocca in ordine un ombrello poi un paio di occhiali da sole poi un gelato
7O,7OSU3,audio_3788,7,Tocca in ordine un ombrello poi un paio di occhiali da sole poi una bicicletta
7O,7OSU3,audio_3789,7,Tocca in ordine un ombrello poi un paio di occhiali da sole poi un monopattino
7O,7OSU3,audio_3790,7,Tocca in ordine un ombrello poi un paio di occhiali da sole poi una bambina
7O,7OSU3,audio_3791,7,Tocca in ordine un ombrello poi una bicicletta poi un leone
7O,7OSU3,audio_3792,7,Tocca in ordine un ombrello poi una bicicletta poi una scimmia
7O,7OSU3,audio_3793,7,Tocca in ordine un ombrello poi una bicicletta poi un pappagallo
7O,7OSU3,audio_3794,7,Tocca in ordine un ombrello poi una bicicletta poi un polipo
7O,7OSU3,audio_3795,7,Tocca in ordine un ombrello poi una bicicletta poi un gelato
7O,7OSU3,audio_3796,7,Tocca in ordine un ombrello poi una bicicletta poi un paio di occhiali da sole
7O,7OSU3,audio_3797,7,Tocca in ordine un ombrello poi una bicicletta poi un monopattino
7O,7OSU3,audio_3798,7,Tocca in ordine un ombrello poi una bicicletta poi una bambina
7O,7OSU3,audio_3799,7,Tocca in ordine un ombrello poi un monopattino poi un leone
7O,7OSU3,audio_3800,7,Tocca in ordine un ombrello poi un monopattino poi una scimmia
7O,7OSU3,audio_3801,7,Tocca in ordine un ombrello poi un monopattino poi un pappagallo
7O,7OSU3,audio_3802,7,Tocca in ordine un ombrello poi un monopattino poi un polipo
7O,7OSU3,audio_3803,7,Tocca in ordine un ombrello poi un monopattino poi un gelato
7O,7OSU3,audio_3804,7,Tocca in ordine un ombrello poi un monopattino poi un paio di occhiali da sole
7O,7OSU3,audio_3805,7,Tocca in ordine un ombrello poi un monopattino poi una bicicletta
7O,7OSU3,audio_3806,7,Tocca in ordine un ombrello poi un monopattino poi una bambina
7O,7OSU3,audio_3807,7,Tocca in ordine un ombrello poi una bambina poi un leone
7O,7OSU3,audio_3808,7,Tocca in ordine un ombrello poi una bambina poi una scimmia
7O,7OSU3,audio_3809,7,Tocca in ordine un ombrello poi una bambina poi un pappagallo
7O,7OSU3,audio_3810,7,Tocca in ordine un ombrello poi una bambina poi un polipo
7O,7OSU3,audio_3811,7,Tocca in ordine un ombrello poi una bambina poi un gelato
7O,7OSU3,audio_3812,7,Tocca in ordine un ombrello poi una bambina poi un paio di occhiali da sole
7O,7OSU3,audio_3813,7,Tocca in ordine un ombrello poi una bambina poi una bicicletta
7O,7OSU3,audio_3814,7,Tocca in ordine un ombrello poi una bambina poi un monopattino
7O,7OSU4,audio_3815,8,Tocca nel seguente ordine il leone la scimmia il pappagallo il polipo
7O,7OSU4,audio_3816,8,Tocca nel seguente ordine il leone la scimmia il pappagallo il gelato
7O,7OSU4,audio_3817,8,Tocca nel seguente ordine il leone la scimmia il pappagallo gli occhiali da sole
7O,7OSU4,audio_3818,8,Tocca nel seguente ordine il leone la scimmia il pappagallo la bicicletta
7O,7OSU4,audio_3819,8,Tocca nel seguente ordine il leone la scimmia il pappagallo il monopattino
7O,7OSU4,audio_3820,8,Tocca nel seguente ordine il leone la scimmia il pappagallo la bambina
7O,7OSU4,audio_3821,8,Tocca nel seguente ordine il leone la scimmia il pappagallo l'ombrello
7O,7OSU4,audio_3822,8,Tocca nel seguente ordine il leone la scimmia il polipo il pappagallo
7O,7OSU4,audio_3823,8,Tocca nel seguente ordine il leone la scimmia il polipo il gelato
7O,7OSU4,audio_3824,8,Tocca nel seguente ordine il leone la scimmia il polipo gli occhiali da sole
7O,7OSU4,audio_3825,8,Tocca nel seguente ordine il leone la scimmia il polipo la bicicletta
7O,7OSU4,audio_3826,8,Tocca nel seguente ordine il leone la scimmia il polipo il monopattino
7O,7OSU4,audio_3827,8,Tocca nel seguente ordine il leone la scimmia il polipo la bambina
7O,7OSU4,audio_3828,8,Tocca nel seguente ordine il leone la scimmia il polipo l'ombrello
7O,7OSU4,audio_3829,8,Tocca nel seguente ordine il leone la scimmia il gelato il polipo
7O,7OSU4,audio_3830,8,Tocca nel seguente ordine il leone la scimmia il gelato il pappagallo
7O,7OSU4,audio_3831,8,Tocca nel seguente ordine il leone la scimmia il gelato gli occhiali da sole
7O,7OSU4,audio_3832,8,Tocca nel seguente ordine il leone la scimmia il gelato la bicicletta
7O,7OSU4,audio_3833,8,Tocca nel seguente ordine il leone la scimmia il gelato il monopattino
7O,7OSU4,audio_3834,8,Tocca nel seguente ordine il leone la scimmia il gelato la bambina
7O,7OSU4,audio_3835,8,Tocca nel seguente ordine il leone la scimmia il gelato l'ombrello
7O,7OSU4,audio_3836,8,Tocca nel seguente ordine il leone la scimmia gli occhiali da sole il gelato
7O,7OSU4,audio_3837,8,Tocca nel seguente ordine il leone la scimmia gli occhiali da sole il polipo
7O,7OSU4,audio_3838,8,Tocca nel seguente ordine il leone la scimmia gli occhiali da sole il pappagallo
7O,7OSU4,audio_3839,8,Tocca nel seguente ordine il leone la scimmia gli occhiali da sole la bicicletta
7O,7OSU4,audio_3840,8,Tocca nel seguente ordine il leone la scimmia gli occhiali da sole il monopattino
7O,7OSU4,audio_3841,8,Tocca nel seguente ordine il leone la scimmia gli occhiali da sole la bambina
7O,7OSU4,audio_3842,8,Tocca nel seguente ordine il leone la scimmia gli occhiali da sole l'ombrello
7O,7OSU4,audio_3843,8,Tocca nel seguente ordine il leone la scimmia la bicicletta gli occhiali da sole
7O,7OSU4,audio_3844,8,Tocca nel seguente ordine il leone la scimmia la bicicletta il polipo
7O,7OSU4,audio_3845,8,Tocca nel seguente ordine il leone la scimmia la bicicletta il pappagallo
7O,7OSU4,audio_3846,8,Tocca nel seguente ordine il leone la scimmia la bicicletta il gelato
7O,7OSU4,audio_3847,8,Tocca nel seguente ordine il leone la scimmia la bicicletta il monopattino
7O,7OSU4,audio_3848,8,Tocca nel seguente ordine il leone la scimmia la bicicletta la bambina
7O,7OSU4,audio_3849,8,Tocca nel seguente ordine il leone la scimmia la bicicletta l'ombrello
7O,7OSU4,audio_3850,8,Tocca nel seguente ordine il leone la scimmia il monopattino gli occhiali da sole
7O,7OSU4,audio_3851,8,Tocca nel seguente ordine il leone la scimmia il monopattino il polipo
7O,7OSU4,audio_3852,8,Tocca nel seguente ordine il leone la scimmia il monopattino il pappagallo
7O,7OSU4,audio_3853,8,Tocca nel seguente ordine il leone la scimmia il monopattino la bicicletta
7O,7OSU4,audio_3854,8,Tocca nel seguente ordine il leone la scimmia il monopattino il gelato
7O,7OSU4,audio_3855,8,Tocca nel seguente ordine il leone la scimmia il monopattino la bambina
7O,7OSU4,audio_3856,8,Tocca nel seguente ordine il leone la scimmia il monopattino l'ombrello
7O,7OSU4,audio_3857,8,Tocca nel seguente ordine il leone la scimmia la bambina gli occhiali da sole
7O,7OSU4,audio_3858,8,Tocca nel seguente ordine il leone la scimmia la bambina il polipo
7O,7OSU4,audio_3859,8,Tocca nel seguente ordine il leone la scimmia la bambina il pappagallo
7O,7OSU4,audio_3860,8,Tocca nel seguente ordine il leone la scimmia la bambina la bicicletta
7O,7OSU4,audio_3861,8,Tocca nel seguente ordine il leone la scimmia la bambina il monopattino
7O,7OSU4,audio_3862,8,Tocca nel seguente ordine il leone la scimmia la bambina il gelato
7O,7OSU4,audio_3863,8,Tocca nel seguente ordine il leone la scimmia la bambina l'ombrello
7O,7OSU4,audio_3864,8,Tocca nel seguente ordine il leone la scimmia l'ombrello gli occhiali da sole
7O,7OSU4,audio_3865,8,Tocca nel seguente ordine il leone la scimmia l'ombrello il polipo
7O,7OSU4,audio_3866,8,Tocca nel seguente ordine il leone la scimmia l'ombrello il pappagallo
7O,7OSU4,audio_3867,8,Tocca nel seguente ordine il leone la scimmia l'ombrello la bicicletta
7O,7OSU4,audio_3868,8,Tocca nel seguente ordine il leone la scimmia l'ombrello il monopattino
7O,7OSU4,audio_3869,8,Tocca nel seguente ordine il leone la scimmia l'ombrello la bambina
7O,7OSU4,audio_3870,8,Tocca nel seguente ordine il leone la scimmia l'ombrello il gelato
7O,7OSU4,audio_3871,8,Tocca nel seguente ordine il leone il pappagallo la scimmia gli occhiali da sole
7O,7OSU4,audio_3872,8,Tocca nel seguente ordine il leone il pappagallo la scimmia il polipo
7O,7OSU4,audio_3873,8,Tocca nel seguente ordine il leone il pappagallo la scimmia il gelato
7O,7OSU4,audio_3874,8,Tocca nel seguente ordine il leone il pappagallo la scimmia la bicicletta
7O,7OSU4,audio_3875,8,Tocca nel seguente ordine il leone il pappagallo la scimmia il monopattino
7O,7OSU4,audio_3876,8,Tocca nel seguente ordine il leone il pappagallo la scimmia la bambina
7O,7OSU4,audio_3877,8,Tocca nel seguente ordine il leone il pappagallo la scimmia l'ombrello
7O,7OSU4,audio_3878,8,Tocca nel seguente ordine il leone il pappagallo il polipo la scimmia
7O,7OSU4,audio_3879,8,Tocca nel seguente ordine il leone il pappagallo il polipo il gelato
7O,7OSU4,audio_3880,8,Tocca nel seguente ordine il leone il pappagallo il polipo gli occhiali da sole
7O,7OSU4,audio_3881,8,Tocca nel seguente ordine il leone il pappagallo il polipo la bicicletta
7O,7OSU4,audio_3882,8,Tocca nel seguente ordine il leone il pappagallo il polipo il monopattino
7O,7OSU4,audio_3883,8,Tocca nel seguente ordine il leone il pappagallo il polipo la bambina
7O,7OSU4,audio_3884,8,Tocca nel seguente ordine il leone il pappagallo il polipo l'ombrello
7O,7OSU4,audio_3885,8,Tocca nel seguente ordine il leone il pappagallo il gelato la scimmia
7O,7OSU4,audio_3886,8,Tocca nel seguente ordine il leone il pappagallo il gelato il polipo
7O,7OSU4,audio_3887,8,Tocca nel seguente ordine il leone il pappagallo il gelato gli occhiali da sole
7O,7OSU4,audio_3888,8,Tocca nel seguente ordine il leone il pappagallo il gelato la bicicletta
7O,7OSU4,audio_3889,8,Tocca nel seguente ordine il leone il pappagallo il gelato il monopattino
7O,7OSU4,audio_3890,8,Tocca nel seguente ordine il leone il pappagallo il gelato la bambina
7O,7OSU4,audio_3891,8,Tocca nel seguente ordine il leone il pappagallo il gelato l'ombrello
7O,7OSU4,audio_3892,8,Tocca nel seguente ordine il leone il pappagallo gli occhiali da sole la scimmia
7O,7OSU4,audio_3893,8,Tocca nel seguente ordine il leone il pappagallo gli occhiali da sole il polipo
7O,7OSU4,audio_3894,8,Tocca nel seguente ordine il leone il pappagallo gli occhiali da sole il gelato
7O,7OSU4,audio_3895,8,Tocca nel seguente ordine il leone il pappagallo gli occhiali da sole la bicicletta
7O,7OSU4,audio_3896,8,Tocca nel seguente ordine il leone il pappagallo gli occhiali da sole il monopattino
7O,7OSU4,audio_3897,8,Tocca nel seguente ordine il leone il pappagallo gli occhiali da sole la bambina
7O,7OSU4,audio_3898,8,Tocca nel seguente ordine il leone il pappagallo gli occhiali da sole l'ombrello
7O,7OSU4,audio_3899,8,Tocca nel seguente ordine il leone il pappagallo la bicicletta la scimmia
7O,7OSU4,audio_3900,8,Tocca nel seguente ordine il leone il pappagallo la bicicletta il polipo
7O,7OSU4,audio_3901,8,Tocca nel seguente ordine il leone il pappagallo la bicicletta gli occhiali da sole
7O,7OSU4,audio_3902,8,Tocca nel seguente ordine il leone il pappagallo la bicicletta il gelato
7O,7OSU4,audio_3903,8,Tocca nel seguente ordine il leone il pappagallo la bicicletta il monopattino
7O,7OSU4,audio_3904,8,Tocca nel seguente ordine il leone il pappagallo la bicicletta la bambina
7O,7OSU4,audio_3905,8,Tocca nel seguente ordine il leone il pappagallo la bicicletta l'ombrello
7O,7OSU4,audio_3906,8,Tocca nel seguente ordine il leone il pappagallo il monopattino la scimmia
7O,7OSU4,audio_3907,8,Tocca nel seguente ordine il leone il pappagallo il monopattino il polipo
7O,7OSU4,audio_3908,8,Tocca nel seguente ordine il leone il pappagallo il monopattino gli occhiali da sole
7O,7OSU4,audio_3909,8,Tocca nel seguente ordine il leone il pappagallo il monopattino la bicicletta
7O,7OSU4,audio_3910,8,Tocca nel seguente ordine il leone il pappagallo il monopattino il gelato
7O,7OSU4,audio_3911,8,Tocca nel seguente ordine il leone il pappagallo il monopattino la bambina
7O,7OSU4,audio_3912,8,Tocca nel seguente ordine il leone il pappagallo il monopattino l'ombrello
7O,7OSU4,audio_3913,8,Tocca nel seguente ordine il leone il pappagallo la bambina la scimmia
7O,7OSU4,audio_3914,8,Tocca nel seguente ordine il leone il pappagallo la bambina il polipo
7O,7OSU4,audio_3915,8,Tocca nel seguente ordine il leone il pappagallo la bambina gli occhiali da sole
7O,7OSU4,audio_3916,8,Tocca nel seguente ordine il leone il pappagallo la bambina la bicicletta
7O,7OSU4,audio_3917,8,Tocca nel seguente ordine il leone il pappagallo la bambina il monopattino
7O,7OSU4,audio_3918,8,Tocca nel seguente ordine il leone il pappagallo la bambina il gelato
7O,7OSU4,audio_3919,8,Tocca nel seguente ordine il leone il pappagallo la bambina l'ombrello
7O,7OSU4,audio_3920,8,Tocca nel seguente ordine il leone il pappagallo l'ombrello la scimmia
7O,7OSU4,audio_3921,8,Tocca nel seguente ordine il leone il pappagallo l'ombrello il polipo
7O,7OSU4,audio_3922,8,Tocca nel seguente ordine il leone il pappagallo l'ombrello gli occhiali da sole
7O,7OSU4,audio_3923,8,Tocca nel seguente ordine il leone il pappagallo l'ombrello la bicicletta
7O,7OSU4,audio_3924,8,Tocca nel seguente ordine il leone il pappagallo l'ombrello il monopattino
7O,7OSU4,audio_3925,8,Tocca nel seguente ordine il leone il pappagallo l'ombrello la bambina
7O,7OSU4,audio_3926,8,Tocca nel seguente ordine il leone il pappagallo l'ombrello il gelato
7O,7OSU4,audio_3927,8,Tocca nel seguente ordine il leone il polipo la scimmia il gelato
7O,7OSU4,audio_3928,8,Tocca nel seguente ordine il leone il polipo la scimmia il gli occhiali da sole
7O,7OSU4,audio_3929,8,Tocca nel seguente ordine il leone il polipo la scimmia il pappagallo
7O,7OSU4,audio_3930,8,Tocca nel seguente ordine il leone il polipo la scimmia la bicicletta
7O,7OSU4,audio_3931,8,Tocca nel seguente ordine il leone il polipo la scimmia il monopattino
7O,7OSU4,audio_3932,8,Tocca nel seguente ordine il leone il polipo la scimmia la bambina
7O,7OSU4,audio_3933,8,Tocca nel seguente ordine il leone il polipo la scimmia l'ombrello
7O,7OSU4,audio_3934,8,Tocca nel seguente ordine il leone il polipo il pappagallo la scimmia
7O,7OSU4,audio_3935,8,Tocca nel seguente ordine il leone il polipo il pappagallo gli occhiali da sole
7O,7OSU4,audio_3936,8,Tocca nel seguente ordine il leone il polipo il pappagallo il gelato
7O,7OSU4,audio_3937,8,Tocca nel seguente ordine il leone il polipo il pappagallo la bicicletta
7O,7OSU4,audio_3938,8,Tocca nel seguente ordine il leone il polipo il pappagallo il monopattino
7O,7OSU4,audio_3939,8,Tocca nel seguente ordine il leone il polipo il pappagallo la bambina
7O,7OSU4,audio_3940,8,Tocca nel seguente ordine il leone il polipo il pappagallo l'ombrello
7O,7OSU4,audio_3941,8,Tocca nel seguente ordine il leone il polipo il gelato la scimmia
7O,7OSU4,audio_3942,8,Tocca nel seguente ordine il leone il polipo il gelato gli occhiali da sole
7O,7OSU4,audio_3943,8,Tocca nel seguente ordine il leone il polipo il gelato il pappagallo
7O,7OSU4,audio_3944,8,Tocca nel seguente ordine il leone il polipo il gelato la bicicletta
7O,7OSU4,audio_3945,8,Tocca nel seguente ordine il leone il polipo il gelato il monopattino
7O,7OSU4,audio_3946,8,Tocca nel seguente ordine il leone il polipo il gelato la bambina
7O,7OSU4,audio_3947,8,Tocca nel seguente ordine il leone il polipo il gelato l'ombrello
7O,7OSU4,audio_3948,8,Tocca nel seguente ordine il leone il polipo gli occhiali da sole la scimmia
7O,7OSU4,audio_3949,8,Tocca nel seguente ordine il leone il polipo gli occhiali da sole il gelato
7O,7OSU4,audio_3950,8,Tocca nel seguente ordine il leone il polipo gli occhiali da sole il pappagallo
7O,7OSU4,audio_3951,8,Tocca nel seguente ordine il leone il polipo gli occhiali da sole la bicicletta
7O,7OSU4,audio_3952,8,Tocca nel seguente ordine il leone il polipo gli occhiali da sole il monopattino
7O,7OSU4,audio_3953,8,Tocca nel seguente ordine il leone il polipo gli occhiali da sole la bambina
7O,7OSU4,audio_3954,8,Tocca nel seguente ordine il leone il polipo gli occhiali da sole l'ombrello
7O,7OSU4,audio_3955,8,Tocca nel seguente ordine il leone il polipo la bicicletta la scimmia
7O,7OSU4,audio_3956,8,Tocca nel seguente ordine il leone il polipo la bicicletta gli occhiali da sole
7O,7OSU4,audio_3957,8,Tocca nel seguente ordine il leone il polipo la bicicletta il pappagallo
7O,7OSU4,audio_3958,8,Tocca nel seguente ordine il leone il polipo la bicicletta il gelato
7O,7OSU4,audio_3959,8,Tocca nel seguente ordine il leone il polipo la bicicletta il monopattino
7O,7OSU4,audio_3960,8,Tocca nel seguente ordine il leone il polipo la bicicletta la bambina
7O,7OSU4,audio_3961,8,Tocca nel seguente ordine il leone il polipo la bicicletta l'ombrello
7O,7OSU4,audio_3962,8,Tocca nel seguente ordine il leone il polipo il monopattino la scimmia
7O,7OSU4,audio_3963,8,Tocca nel seguente ordine il leone il polipo il monopattino gli occhiali da sole
7O,7OSU4,audio_3964,8,Tocca nel seguente ordine il leone il polipo il monopattino il pappagallo
7O,7OSU4,audio_3965,8,Tocca nel seguente ordine il leone il polipo il monopattino la bicicletta
7O,7OSU4,audio_3966,8,Tocca nel seguente ordine il leone il polipo il monopattino il gelato
7O,7OSU4,audio_3967,8,Tocca nel seguente ordine il leone il polipo il monopattino la bambina
7O,7OSU4,audio_3968,8,Tocca nel seguente ordine il leone il polipo il monopattino l'ombrello
7O,7OSU4,audio_3969,8,Tocca nel seguente ordine il leone il polipo la bambina la scimmia
7O,7OSU4,audio_3970,8,Tocca nel seguente ordine il leone il polipo la bambina gli occhiali da sole
7O,7OSU4,audio_3971,8,Tocca nel seguente ordine il leone il polipo la bambina il pappagallo
7O,7OSU4,audio_3972,8,Tocca nel seguente ordine il leone il polipo la bambina la bicicletta
7O,7OSU4,audio_3973,8,Tocca nel seguente ordine il leone il polipo la bambina il monopattino
7O,7OSU4,audio_3974,8,Tocca nel seguente ordine il leone il polipo la bambina il gelato
7O,7OSU4,audio_3975,8,Tocca nel seguente ordine il leone il polipo la bambina l'ombrello
7O,7OSU4,audio_3976,8,Tocca nel seguente ordine il leone il polipo l'ombrello la scimmia
7O,7OSU4,audio_3977,8,Tocca nel seguente ordine il leone il polipo l'ombrello gli occhiali da sole
7O,7OSU4,audio_3978,8,Tocca nel seguente ordine il leone il polipo l'ombrello il pappagallo
7O,7OSU4,audio_3979,8,Tocca nel seguente ordine il leone il polipo l'ombrello la bicicletta
7O,7OSU4,audio_3980,8,Tocca nel seguente ordine il leone il polipo l'ombrello il monopattino
7O,7OSU4,audio_3981,8,Tocca nel seguente ordine il leone il polipo l'ombrello la bambina
7O,7OSU4,audio_3982,8,Tocca nel seguente ordine il leone il polipo l'ombrello il gelato
7O,7OSU4,audio_3983,8,Tocca nel seguente ordine il leone il gelato la scimmia il polipo
7O,7OSU4,audio_3984,8,Tocca nel seguente ordine il leone il gelato la scimmia gli occhiali da sole
7O,7OSU4,audio_3985,8,Tocca nel seguente ordine il leone il gelato la scimmia il pappagallo
7O,7OSU4,audio_3986,8,Tocca nel seguente ordine il leone il gelato la scimmia la bicicletta
7O,7OSU4,audio_3987,8,Tocca nel seguente ordine il leone il gelato la scimmia il monopattino
7O,7OSU4,audio_3988,8,Tocca nel seguente ordine il leone il gelato la scimmia la bambina
7O,7OSU4,audio_3989,8,Tocca nel seguente ordine il leone il gelato la scimmia l'ombrello
7O,7OSU4,audio_3990,8,Tocca nel seguente ordine il leone il gelato il pappagallo la scimmia
7O,7OSU4,audio_3991,8,Tocca nel seguente ordine il leone il gelato il pappagallo il polipo
7O,7OSU4,audio_3992,8,Tocca nel seguente ordine il leone il gelato il pappagallo gli occhiali da sole
7O,7OSU4,audio_3993,8,Tocca nel seguente ordine il leone il gelato il pappagallo la bicicletta
7O,7OSU4,audio_3994,8,Tocca nel seguente ordine il leone il gelato il pappagallo il monopattino
7O,7OSU4,audio_3995,8,Tocca nel seguente ordine il leone il gelato il pappagallo la bambina
7O,7OSU4,audio_3996,8,Tocca nel seguente ordine il leone il gelato il pappagallo l'ombrello
7O,7OSU4,audio_3997,8,Tocca nel seguente ordine il leone il gelato il polipo la scimmia
7O,7OSU4,audio_3998,8,Tocca nel seguente ordine il leone il gelato il polipo gli occhiali da sole
7O,7OSU4,audio_3999,8,Tocca nel seguente ordine il leone il gelato il polipo il pappagallo
7O,7OSU4,audio_4000,8,Tocca nel seguente ordine il leone il gelato il polipo la bicicletta
7O,7OSU4,audio_4001,8,Tocca nel seguente ordine il leone il gelato il polipo il monopattino
7O,7OSU4,audio_4002,8,Tocca nel seguente ordine il leone il gelato il polipo la bambina
7O,7OSU4,audio_4003,8,Tocca nel seguente ordine il leone il gelato il polipo l'ombrello
7O,7OSU4,audio_4004,8,Tocca nel seguente ordine il leone il gelato gli occhiali da sole la scimmia
7O,7OSU4,audio_4005,8,Tocca nel seguente ordine il leone il gelato gli occhiali da sole il polipo
7O,7OSU4,audio_4006,8,Tocca nel seguente ordine il leone il gelato gli occhiali da sole il pappagallo
7O,7OSU4,audio_4007,8,Tocca nel seguente ordine il leone il gelato gli occhiali da sole la bicicletta
7O,7OSU4,audio_4008,8,Tocca nel seguente ordine il leone il gelato gli occhiali da sole il monopattino
7O,7OSU4,audio_4009,8,Tocca nel seguente ordine il leone il gelato gli occhiali da sole la bambina
7O,7OSU4,audio_4010,8,Tocca nel seguente ordine il leone il gelato gli occhiali da sole l'ombrello
7O,7OSU4,audio_4011,8,Tocca nel seguente ordine il leone il gelato la bicicletta la scimmia
7O,7OSU4,audio_4012,8,Tocca nel seguente ordine il leone il gelato la bicicletta il polipo
7O,7OSU4,audio_4013,8,Tocca nel seguente ordine il leone il gelato la bicicletta il pappagallo
7O,7OSU4,audio_4014,8,Tocca nel seguente ordine il leone il gelato la bicicletta gli occhiali da sole
7O,7OSU4,audio_4015,8,Tocca nel seguente ordine il leone il gelato la bicicletta il monopattino
7O,7OSU4,audio_4016,8,Tocca nel seguente ordine il leone il gelato la bicicletta la bambina
7O,7OSU4,audio_4017,8,Tocca nel seguente ordine il leone il gelato la bicicletta l'ombrello
7O,7OSU4,audio_4018,8,Tocca nel seguente ordine il leone il gelato il monopattino la scimmia
7O,7OSU4,audio_4019,8,Tocca nel seguente ordine il leone il gelato il monopattino il polipo
7O,7OSU4,audio_4020,8,Tocca nel seguente ordine il leone il gelato il monopattino il pappagallo
7O,7OSU4,audio_4021,8,Tocca nel seguente ordine il leone il gelato il monopattino la bicicletta
7O,7OSU4,audio_4022,8,Tocca nel seguente ordine il leone il gelato il monopattino gli occhiali da sole
7O,7OSU4,audio_4023,8,Tocca nel seguente ordine il leone il gelato il monopattino la bambina
7O,7OSU4,audio_4024,8,Tocca nel seguente ordine il leone il gelato il monopattino l'ombrello
7O,7OSU4,audio_4025,8,Tocca nel seguente ordine il leone il gelato la bambina la scimmia
7O,7OSU4,audio_4026,8,Tocca nel seguente ordine il leone il gelato la bambina il polipo
7O,7OSU4,audio_4027,8,Tocca nel seguente ordine il leone il gelato la bambina il pappagallo
7O,7OSU4,audio_4028,8,Tocca nel seguente ordine il leone il gelato la bambina la bicicletta
7O,7OSU4,audio_4029,8,Tocca nel seguente ordine il leone il gelato la bambina il monopattino
7O,7OSU4,audio_4030,8,Tocca nel seguente ordine il leone il gelato la bambina gli occhiali da sole
7O,7OSU4,audio_4031,8,Tocca nel seguente ordine il leone il gelato la bambina l'ombrello
7O,7OSU4,audio_4032,8,Tocca nel seguente ordine il leone il gelato l'ombrello la scimmia
7O,7OSU4,audio_4033,8,Tocca nel seguente ordine il leone il gelato l'ombrello il polipo
7O,7OSU4,audio_4034,8,Tocca nel seguente ordine il leone il gelato l'ombrello il pappagallo
7O,7OSU4,audio_4035,8,Tocca nel seguente ordine il leone il gelato l'ombrello la bicicletta
7O,7OSU4,audio_4036,8,Tocca nel seguente ordine il leone il gelato l'ombrello il monopattino
7O,7OSU4,audio_4037,8,Tocca nel seguente ordine il leone il gelato l'ombrello la bambina
7O,7OSU4,audio_4038,8,Tocca nel seguente ordine il leone il gelato l'ombrello gli occhiali da sole
7O,7OSU4,audio_4039,8,Tocca nel seguente ordine il leone gli occhiali da sole la scimmia il gelato
7O,7OSU4,audio_4040,8,Tocca nel seguente ordine il leone gli occhiali da sole la scimmia il polipo
7O,7OSU4,audio_4041,8,Tocca nel seguente ordine il leone gli occhiali da sole la scimmia il pappagallo
7O,7OSU4,audio_4042,8,Tocca nel seguente ordine il leone gli occhiali da sole la scimmia la bicicletta
7O,7OSU4,audio_4043,8,Tocca nel seguente ordine il leone gli occhiali da sole la scimmia il monopattino
7O,7OSU4,audio_4044,8,Tocca nel seguente ordine il leone gli occhiali da sole la scimmia la bambina
7O,7OSU4,audio_4045,8,Tocca nel seguente ordine il leone gli occhiali da sole la scimmia l'ombrello
7O,7OSU4,audio_4046,8,Tocca nel seguente ordine il leone gli occhiali da sole il pappagallo la scimmia
7O,7OSU4,audio_4047,8,Tocca nel seguente ordine il leone gli occhiali da sole il pappagallo il polipo
7O,7OSU4,audio_4048,8,Tocca nel seguente ordine il leone gli occhiali da sole il pappagallo il gelato
7O,7OSU4,audio_4049,8,Tocca nel seguente ordine il leone gli occhiali da sole il pappagallo la bicicletta
7O,7OSU4,audio_4050,8,Tocca nel seguente ordine il leone gli occhiali da sole il pappagallo il monopattino
7O,7OSU4,audio_4051,8,Tocca nel seguente ordine il leone gli occhiali da sole il pappagallo la bambina
7O,7OSU4,audio_4052,8,Tocca nel seguente ordine il leone gli occhiali da sole il pappagallo l'ombrello
7O,7OSU4,audio_4053,8,Tocca nel seguente ordine il leone gli occhiali da sole il polipo la scimmia
7O,7OSU4,audio_4054,8,Tocca nel seguente ordine il leone gli occhiali da sole il polipo il gelato
7O,7OSU4,audio_4055,8,Tocca nel seguente ordine il leone gli occhiali da sole il polipo il pappagallo
7O,7OSU4,audio_4056,8,Tocca nel seguente ordine il leone gli occhiali da sole il polipo la bicicletta
7O,7OSU4,audio_4057,8,Tocca nel seguente ordine il leone gli occhiali da sole il polipo il monopattino
7O,7OSU4,audio_4058,8,Tocca nel seguente ordine il leone gli occhiali da sole il polipo la bambina
7O,7OSU4,audio_4059,8,Tocca nel seguente ordine il leone gli occhiali da sole il polipo l'ombrello
7O,7OSU4,audio_4060,8,Tocca nel seguente ordine il leone gli occhiali da sole il gelato la scimmia
7O,7OSU4,audio_4061,8,Tocca nel seguente ordine il leone gli occhiali da sole il gelato il polipo
7O,7OSU4,audio_4062,8,Tocca nel seguente ordine il leone gli occhiali da sole il gelato il pappagallo
7O,7OSU4,audio_4063,8,Tocca nel seguente ordine il leone gli occhiali da sole il gelato la bicicletta
7O,7OSU4,audio_4064,8,Tocca nel seguente ordine il leone gli occhiali da sole il gelato il monopattino
7O,7OSU4,audio_4065,8,Tocca nel seguente ordine il leone gli occhiali da sole il gelato la bambina
7O,7OSU4,audio_4066,8,Tocca nel seguente ordine il leone gli occhiali da sole il gelato l'ombrello
7O,7OSU4,audio_4067,8,Tocca nel seguente ordine il leone gli occhiali da sole la bicicletta la scimmia
7O,7OSU4,audio_4068,8,Tocca nel seguente ordine il leone gli occhiali da sole la bicicletta il polipo
7O,7OSU4,audio_4069,8,Tocca nel seguente ordine il leone gli occhiali da sole la bicicletta il pappagallo
7O,7OSU4,audio_4070,8,Tocca nel seguente ordine il leone gli occhiali da sole la bicicletta il gelato
7O,7OSU4,audio_4071,8,Tocca nel seguente ordine il leone gli occhiali da sole la bicicletta il monopattino
7O,7OSU4,audio_4072,8,Tocca nel seguente ordine il leone gli occhiali da sole la bicicletta la bambina
7O,7OSU4,audio_4073,8,Tocca nel seguente ordine il leone gli occhiali da sole la bicicletta l'ombrello
7O,7OSU4,audio_4074,8,Tocca nel seguente ordine il leone gli occhiali da sole il monopattino la scimmia
7O,7OSU4,audio_4075,8,Tocca nel seguente ordine il leone gli occhiali da sole il monopattino il polipo
7O,7OSU4,audio_4076,8,Tocca nel seguente ordine il leone gli occhiali da sole il monopattino il pappagallo
7O,7OSU4,audio_4077,8,Tocca nel seguente ordine il leone gli occhiali da sole il monopattino la bicicletta
7O,7OSU4,audio_4078,8,Tocca nel seguente ordine il leone gli occhiali da sole il monopattino il gelato
7O,7OSU4,audio_4079,8,Tocca nel seguente ordine il leone gli occhiali da sole il monopattino la bambina
7O,7OSU4,audio_4080,8,Tocca nel seguente ordine il leone gli occhiali da sole il monopattino l'ombrello
7O,7OSU4,audio_4081,8,Tocca nel seguente ordine il leone gli occhiali da sole la bambina la scimmia
7O,7OSU4,audio_4082,8,Tocca nel seguente ordine il leone gli occhiali da sole la bambina il polipo
7O,7OSU4,audio_4083,8,Tocca nel seguente ordine il leone gli occhiali da sole la bambina il pappagallo
7O,7OSU4,audio_4084,8,Tocca nel seguente ordine il leone gli occhiali da sole la bambina la bicicletta
7O,7OSU4,audio_4085,8,Tocca nel seguente ordine il leone gli occhiali da sole la bambina il monopattino
7O,7OSU4,audio_4086,8,Tocca nel seguente ordine il leone gli occhiali da sole la bambina il gelato
7O,7OSU4,audio_4087,8,Tocca nel seguente ordine il leone gli occhiali da sole la bambina l'ombrello
7O,7OSU4,audio_4088,8,Tocca nel seguente ordine il leone gli occhiali da sole l'ombrello la scimmia
7O,7OSU4,audio_4089,8,Tocca nel seguente ordine il leone gli occhiali da sole l'ombrello il polipo
7O,7OSU4,audio_4090,8,Tocca nel seguente ordine il leone gli occhiali da sole l'ombrello il pappagallo
7O,7OSU4,audio_4091,8,Tocca nel seguente ordine il leone gli occhiali da sole l'ombrello la bicicletta
7O,7OSU4,audio_4092,8,Tocca nel seguente ordine il leone gli occhiali da sole l'ombrello il monopattino
7O,7OSU4,audio_4093,8,Tocca nel seguente ordine il leone gli occhiali da sole l'ombrello la bambina
7O,7OSU4,audio_4094,8,Tocca nel seguente ordine il leone gli occhiali da sole l'ombrello il gelato
7O,7OSU4,audio_4095,8,Tocca nel seguente ordine il leone la bicicletta la scimmia gli occhiali da sole
7O,7OSU4,audio_4096,8,Tocca nel seguente ordine il leone la bicicletta la scimmia il polipo
7O,7OSU4,audio_4097,8,Tocca nel seguente ordine il leone la bicicletta la scimmia il pappagallo
7O,7OSU4,audio_4098,8,Tocca nel seguente ordine il leone la bicicletta la scimmia il gelato
7O,7OSU4,audio_4099,8,Tocca nel seguente ordine il leone la bicicletta la scimmia il monopattino
7O,7OSU4,audio_4100,8,Tocca nel seguente ordine il leone la bicicletta la scimmia la bambina
7O,7OSU4,audio_4101,8,Tocca nel seguente ordine il leone la bicicletta la scimmia l'ombrello
7O,7OSU4,audio_4102,8,Tocca nel seguente ordine il leone la bicicletta il pappagallo la scimmia
7O,7OSU4,audio_4103,8,Tocca nel seguente ordine il leone la bicicletta il pappagallo il polipo
7O,7OSU4,audio_4104,8,Tocca nel seguente ordine il leone la bicicletta il pappagallo il gelato
7O,7OSU4,audio_4105,8,Tocca nel seguente ordine il leone la bicicletta il pappagallo gli occhiali da sole
7O,7OSU4,audio_4106,8,Tocca nel seguente ordine il leone la bicicletta il pappagallo il monopattino
7O,7OSU4,audio_4107,8,Tocca nel seguente ordine il leone la bicicletta il pappagallo la bambina
7O,7OSU4,audio_4108,8,Tocca nel seguente ordine il leone la bicicletta il pappagallo l'ombrello
7O,7OSU4,audio_4109,8,Tocca nel seguente ordine il leone la bicicletta il polipo la scimmia
7O,7OSU4,audio_4110,8,Tocca nel seguente ordine il leone la bicicletta il polipo il gelato
7O,7OSU4,audio_4111,8,Tocca nel seguente ordine il leone la bicicletta il polipo il pappagallo
7O,7OSU4,audio_4112,8,Tocca nel seguente ordine il leone la bicicletta il polipo glu occhiali da sole
7O,7OSU4,audio_4113,8,Tocca nel seguente ordine il leone la bicicletta il polipo il monopattino
7O,7OSU4,audio_4114,8,Tocca nel seguente ordine il leone la bicicletta il polipo la bambina
7O,7OSU4,audio_4115,8,Tocca nel seguente ordine il leone la bicicletta il polipo l'ombrello
7O,7OSU4,audio_4116,8,Tocca nel seguente ordine il leone la bicicletta il gelato la scimmia
7O,7OSU4,audio_4117,8,Tocca nel seguente ordine il leone la bicicletta il gelato il polipo
7O,7OSU4,audio_4118,8,Tocca nel seguente ordine il leone la bicicletta il gelato il pappagallo
7O,7OSU4,audio_4119,8,Tocca nel seguente ordine il leone la bicicletta il gelato gli occhiali da sole
7O,7OSU4,audio_4120,8,Tocca nel seguente ordine il leone la bicicletta il gelato il monopattino
7O,7OSU4,audio_4121,8,Tocca nel seguente ordine il leone la bicicletta il gelato la bambina
7O,7OSU4,audio_4122,8,Tocca nel seguente ordine il leone la bicicletta il gelato l'ombrello
7O,7OSU4,audio_4123,8,Tocca nel seguente ordine il leone la bicicletta gli occhiali da sole la scimmia
7O,7OSU4,audio_4124,8,Tocca nel seguente ordine il leone la bicicletta gli occhiali da sole il polipo
7O,7OSU4,audio_4125,8,Tocca nel seguente ordine il leone la bicicletta gli occhiali da sole il pappagallo
7O,7OSU4,audio_4126,8,Tocca nel seguente ordine il leone la bicicletta gli occhiali da sole il gelato
7O,7OSU4,audio_4127,8,Tocca nel seguente ordine il leone la bicicletta gli occhiali da sole il monopattino
7O,7OSU4,audio_4128,8,Tocca nel seguente ordine il leone la bicicletta gli occhiali da sole la bambina
7O,7OSU4,audio_4129,8,Tocca nel seguente ordine il leone la bicicletta gli occhiali da sole l'ombrello
7O,7OSU4,audio_4130,8,Tocca nel seguente ordine il leone la bicicletta il monopattino la scimmia
7O,7OSU4,audio_4131,8,Tocca nel seguente ordine il leone la bicicletta il monopattino il polipo
7O,7OSU4,audio_4132,8,Tocca nel seguente ordine il leone la bicicletta il monopattino il pappagallo
7O,7OSU4,audio_4133,8,Tocca nel seguente ordine il leone la bicicletta il monopattino gli occhiali da sole
7O,7OSU4,audio_4134,8,Tocca nel seguente ordine il leone la bicicletta il monopattino il gelato
7O,7OSU4,audio_4135,8,Tocca nel seguente ordine il leone la bicicletta il monopattino la bambina
7O,7OSU4,audio_4136,8,Tocca nel seguente ordine il leone la bicicletta il monopattino l'ombrello
7O,7OSU4,audio_4137,8,Tocca nel seguente ordine il leone la bicicletta la bambina la scimmia
7O,7OSU4,audio_4138,8,Tocca nel seguente ordine il leone la bicicletta la bambina il polipo
7O,7OSU4,audio_4139,8,Tocca nel seguente ordine il leone la bicicletta la bambina il pappagallo
7O,7OSU4,audio_4140,8,Tocca nel seguente ordine il leone la bicicletta la bambina gli occhiali da sole
7O,7OSU4,audio_4141,8,Tocca nel seguente ordine il leone la bicicletta la bambina il monopattino
7O,7OSU4,audio_4142,8,Tocca nel seguente ordine il leone la bicicletta la bambina il gelato
7O,7OSU4,audio_4143,8,Tocca nel seguente ordine il leone la bicicletta la bambina l'ombrello
7O,7OSU4,audio_4144,8,Tocca nel seguente ordine il leone la bicicletta l'ombrello la scimmia
7O,7OSU4,audio_4145,8,Tocca nel seguente ordine il leone la bicicletta l'ombrello il polipo
7O,7OSU4,audio_4146,8,Tocca nel seguente ordine il leone la bicicletta l'ombrello il pappagallo
7O,7OSU4,audio_4147,8,Tocca nel seguente ordine il leone la bicicletta l'ombrello gli occhiali da sole
7O,7OSU4,audio_4148,8,Tocca nel seguente ordine il leone la bicicletta l'ombrello il monopattino
7O,7OSU4,audio_4149,8,Tocca nel seguente ordine il leone la bicicletta l'ombrello la bambina
7O,7OSU4,audio_4150,8,Tocca nel seguente ordine il leone la bicicletta l'ombrello il gelato
7O,7OSU4,audio_4151,8,Tocca nel seguente ordine il leone il monopattino la scimmia il gelato
7O,7OSU4,audio_4152,8,Tocca nel seguente ordine il leone il monopattino la scimmia il polipo
7O,7OSU4,audio_4153,8,Tocca nel seguente ordine il leone il monopattino la scimmia il pappagallo
7O,7OSU4,audio_4154,8,Tocca nel seguente ordine il leone il monopattino la scimmia la bicicletta
7O,7OSU4,audio_4155,8,Tocca nel seguente ordine il leone il monopattino la scimmia gli occhiali da sole
7O,7OSU4,audio_4156,8,Tocca nel seguente ordine il leone il monopattino la scimmia la bambina
7O,7OSU4,audio_4157,8,Tocca nel seguente ordine il leone il monopattino la scimmia l'ombrello
7O,7OSU4,audio_4158,8,Tocca nel seguente ordine il leone il monopattino il pappagallo la scimmia
7O,7OSU4,audio_4159,8,Tocca nel seguente ordine il leone il monopattino il pappagallo il polipo
7O,7OSU4,audio_4160,8,Tocca nel seguente ordine il leone il monopattino il pappagallo il gelato
7O,7OSU4,audio_4161,8,Tocca nel seguente ordine il leone il monopattino il pappagallo la bicicletta
7O,7OSU4,audio_4162,8,Tocca nel seguente ordine il leone il monopattino il pappagallo gli occhiali da sole
7O,7OSU4,audio_4163,8,Tocca nel seguente ordine il leone il monopattino il pappagallo la bambina
7O,7OSU4,audio_4164,8,Tocca nel seguente ordine il leone il monopattino il pappagallo l'ombrello
7O,7OSU4,audio_4165,8,Tocca nel seguente ordine il leone il monopattino il polipo la scimmia
7O,7OSU4,audio_4166,8,Tocca nel seguente ordine il leone il monopattino il polipo gli occhiali da sole
7O,7OSU4,audio_4167,8,Tocca nel seguente ordine il leone il monopattino il polipo il pappagallo
7O,7OSU4,audio_4168,8,Tocca nel seguente ordine il leone il monopattino il polipo la bicicletta
7O,7OSU4,audio_4169,8,Tocca nel seguente ordine il leone il monopattino il polipo il gelato
7O,7OSU4,audio_4170,8,Tocca nel seguente ordine il leone il monopattino il polipo la bambina
7O,7OSU4,audio_4171,8,Tocca nel seguente ordine il leone il monopattino il polipo l'ombrello
7O,7OSU4,audio_4172,8,Tocca nel seguente ordine il leone il monopattino il gelato la scimmia
7O,7OSU4,audio_4173,8,Tocca nel seguente ordine il leone il monopattino il gelato il polipo
7O,7OSU4,audio_4174,8,Tocca nel seguente ordine il leone il monopattino il gelato il pappagallo
7O,7OSU4,audio_4175,8,Tocca nel seguente ordine il leone il monopattino il gelato la bicicletta
7O,7OSU4,audio_4176,8,Tocca nel seguente ordine il leone il monopattino il gelato il gelato
7O,7OSU4,audio_4177,8,Tocca nel seguente ordine il leone il monopattino il gelato la bambina
7O,7OSU4,audio_4178,8,Tocca nel seguente ordine il leone il monopattino il gelato l'ombrello
7O,7OSU4,audio_4179,8,Tocca nel seguente ordine il leone il monopattino gli occhiali da sole la scimmia
7O,7OSU4,audio_4180,8,Tocca nel seguente ordine il leone il monopattino gli occhiali da sole il polipo
7O,7OSU4,audio_4181,8,Tocca nel seguente ordine il leone il monopattino gli occhiali da sole il pappagallo
7O,7OSU4,audio_4182,8,Tocca nel seguente ordine il leone il monopattino gli occhiali da sole la bicicletta
7O,7OSU4,audio_4183,8,Tocca nel seguente ordine il leone il monopattino gli occhiali da sole il gelato
7O,7OSU4,audio_4184,8,Tocca nel seguente ordine il leone il monopattino gli occhiali da sole la bambina
7O,7OSU4,audio_4185,8,Tocca nel seguente ordine il leone il monopattino gli occhiali da sole l'ombrello
7O,7OSU4,audio_4186,8,Tocca nel seguente ordine il leone il monopattino la bicicletta la scimmia
7O,7OSU4,audio_4187,8,Tocca nel seguente ordine il leone il monopattino la bicicletta il polipo
7O,7OSU4,audio_4188,8,Tocca nel seguente ordine il leone il monopattino la bicicletta il pappagallo
7O,7OSU4,audio_4189,8,Tocca nel seguente ordine il leone il monopattino la bicicletta il gelato
7O,7OSU4,audio_4190,8,Tocca nel seguente ordine il leone il monopattino la bicicletta gli occhiali da sole
7O,7OSU4,audio_4191,8,Tocca nel seguente ordine il leone il monopattino la bicicletta la bambina
7O,7OSU4,audio_4192,8,Tocca nel seguente ordine il leone il monopattino la bicicletta l'ombrello
7O,7OSU4,audio_4193,8,Tocca nel seguente ordine il leone il monopattino la bambina la scimmia
7O,7OSU4,audio_4194,8,Tocca nel seguente ordine il leone il monopattino la bambina il polipo
7O,7OSU4,audio_4195,8,Tocca nel seguente ordine il leone il monopattino la bambina il pappagallo
7O,7OSU4,audio_4196,8,Tocca nel seguente ordine il leone il monopattino la bambina la bicicletta
7O,7OSU4,audio_4197,8,Tocca nel seguente ordine il leone il monopattino la bambina il gelato
7O,7OSU4,audio_4198,8,Tocca nel seguente ordine il leone il monopattino la bambina gli occhiali da sole
7O,7OSU4,audio_4199,8,Tocca nel seguente ordine il leone il monopattino la bambina l'ombrello
7O,7OSU4,audio_4200,8,Tocca nel seguente ordine il leone il monopattino l'ombrello la scimmia
7O,7OSU4,audio_4201,8,Tocca nel seguente ordine il leone il monopattino l'ombrello il polipo
7O,7OSU4,audio_4202,8,Tocca nel seguente ordine il leone il monopattino l'ombrello il pappagallo
7O,7OSU4,audio_4203,8,Tocca nel seguente ordine il leone il monopattino l'ombrello la bicicletta
7O,7OSU4,audio_4204,8,Tocca nel seguente ordine il leone il monopattino l'ombrello il gelato
7O,7OSU4,audio_4205,8,Tocca nel seguente ordine il leone il monopattino l'ombrello la bambina
7O,7OSU4,audio_4206,8,Tocca nel seguente ordine il leone il monopattino l'ombrello gli occhiali da sole
7O,7OSU4,audio_4207,8,Tocca nel seguente ordine il leone la bambina la scimmia il gelato
7O,7OSU4,audio_4208,8,Tocca nel seguente ordine il leone la bambina la scimmia il polipo
7O,7OSU4,audio_4209,8,Tocca nel seguente ordine il leone la bambina la scimmia il pappagallo
7O,7OSU4,audio_4210,8,Tocca nel seguente ordine il leone la bambina la scimmia la bicicletta
7O,7OSU4,audio_4211,8,Tocca nel seguente ordine il leone la bambina la scimmia il monopattino
7O,7OSU4,audio_4212,8,Tocca nel seguente ordine il leone la bambina la scimmia gli occhiali da sole
7O,7OSU4,audio_4213,8,Tocca nel seguente ordine il leone la bambina la scimmia l'ombrello
7O,7OSU4,audio_4214,8,Tocca nel seguente ordine il leone la bambina il pappagallo la scimmia
7O,7OSU4,audio_4215,8,Tocca nel seguente ordine il leone la bambina il pappagallo il polipo
7O,7OSU4,audio_4216,8,Tocca nel seguente ordine il leone la bambina il pappagallo gli occhiali da sole
7O,7OSU4,audio_4217,8,Tocca nel seguente ordine il leone la bambina il pappagallo la bicicletta
7O,7OSU4,audio_4218,8,Tocca nel seguente ordine il leone la bambina il pappagallo il monopattino
7O,7OSU4,audio_4219,8,Tocca nel seguente ordine il leone la bambina il pappagallo il gelato
7O,7OSU4,audio_4220,8,Tocca nel seguente ordine il leone la bambina il pappagallo l'ombrello
7O,7OSU4,audio_4221,8,Tocca nel seguente ordine il leone la bambina il polipo la scimmia
7O,7OSU4,audio_4222,8,Tocca nel seguente ordine il leone la bambina il polipo gli occhiali da sole
7O,7OSU4,audio_4223,8,Tocca nel seguente ordine il leone la bambina il polipo il pappagallo
7O,7OSU4,audio_4224,8,Tocca nel seguente ordine il leone la bambina il polipo la bicicletta
7O,7OSU4,audio_4225,8,Tocca nel seguente ordine il leone la bambina il polipo il monopattino
7O,7OSU4,audio_4226,8,Tocca nel seguente ordine il leone la bambina il polipo il gelato
7O,7OSU4,audio_4227,8,Tocca nel seguente ordine il leone la bambina il polipo l'ombrello
7O,7OSU4,audio_4228,8,Tocca nel seguente ordine il leone la bambina il gelato la scimmia
7O,7OSU4,audio_4229,8,Tocca nel seguente ordine il leone la bambina il gelato il polipo
7O,7OSU4,audio_4230,8,Tocca nel seguente ordine il leone la bambina il gelato il pappagallo
7O,7OSU4,audio_4231,8,Tocca nel seguente ordine il leone la bambina il gelato la bicicletta
7O,7OSU4,audio_4232,8,Tocca nel seguente ordine il leone la bambina il gelato il monopattino
7O,7OSU4,audio_4233,8,Tocca nel seguente ordine il leone la bambina il gelato gli occhiali da sole
7O,7OSU4,audio_4234,8,Tocca nel seguente ordine il leone la bambina il gelato l'ombrello
7O,7OSU4,audio_4235,8,Tocca nel seguente ordine il leone la bambina gli occhiali da sole la scimmia
7O,7OSU4,audio_4236,8,Tocca nel seguente ordine il leone la bambina gli occhiali da sole il polipo
7O,7OSU4,audio_4237,8,Tocca nel seguente ordine il leone la bambina gli occhiali da sole il pappagallo
7O,7OSU4,audio_4238,8,Tocca nel seguente ordine il leone la bambina gli occhiali da sole la bicicletta
7O,7OSU4,audio_4239,8,Tocca nel seguente ordine il leone la bambina gli occhiali da sole il monopattino
7O,7OSU4,audio_4240,8,Tocca nel seguente ordine il leone la bambina gli occhiali da sole il gelato
7O,7OSU4,audio_4241,8,Tocca nel seguente ordine il leone la bambina gli occhiali da sole l'ombrello
7O,7OSU4,audio_4242,8,Tocca nel seguente ordine il leone la bambina la bicicletta la scimmia
7O,7OSU4,audio_4243,8,Tocca nel seguente ordine il leone la bambina la bicicletta il polipo
7O,7OSU4,audio_4244,8,Tocca nel seguente ordine il leone la bambina la bicicletta il pappagallo
7O,7OSU4,audio_4245,8,Tocca nel seguente ordine il leone la bambina la bicicletta gli occhiali da sole
7O,7OSU4,audio_4246,8,Tocca nel seguente ordine il leone la bambina la bicicletta il monopattino
7O,7OSU4,audio_4247,8,Tocca nel seguente ordine il leone la bambina la bicicletta il gelato
7O,7OSU4,audio_4248,8,Tocca nel seguente ordine il leone la bambina la bicicletta l'ombrello
7O,7OSU4,audio_4249,8,Tocca nel seguente ordine il leone la bambina il monopattino la scimmia
7O,7OSU4,audio_4250,8,Tocca nel seguente ordine il leone la bambina il monopattino il polipo
7O,7OSU4,audio_4251,8,Tocca nel seguente ordine il leone la bambina il monopattino il pappagallo
7O,7OSU4,audio_4252,8,Tocca nel seguente ordine il leone la bambina il monopattino la bicicletta
7O,7OSU4,audio_4253,8,Tocca nel seguente ordine il leone la bambina il monopattino gli occhiali da sole
7O,7OSU4,audio_4254,8,Tocca nel seguente ordine il leone la bambina il monopattino il gelato
7O,7OSU4,audio_4255,8,Tocca nel seguente ordine il leone la bambina il monopattino l'ombrello
7O,7OSU4,audio_4256,8,Tocca nel seguente ordine il leone la bambina l'ombrello la scimmia
7O,7OSU4,audio_4257,8,Tocca nel seguente ordine il leone la bambina l'ombrello il polipo
7O,7OSU4,audio_4258,8,Tocca nel seguente ordine il leone la bambina l'ombrello il pappagallo
7O,7OSU4,audio_4259,8,Tocca nel seguente ordine il leone la bambina l'ombrello la bicicletta
7O,7OSU4,audio_4260,8,Tocca nel seguente ordine il leone la bambina l'ombrello il monopattino
7O,7OSU4,audio_4261,8,Tocca nel seguente ordine il leone la bambina l'ombrello gli occhiali da sole
7O,7OSU4,audio_4262,8,Tocca nel seguente ordine il leone la bambina l'ombrello il gelato
7O,7OSU4,audio_4263,8,Tocca nel seguente ordine il leone l'ombrello la scimmia il gelato
7O,7OSU4,audio_4264,8,Tocca nel seguente ordine il leone l'ombrello la scimmia il polipo
7O,7OSU4,audio_4265,8,Tocca nel seguente ordine il leone l'ombrello la scimmia il pappagallo
7O,7OSU4,audio_4266,8,Tocca nel seguente ordine il leone l'ombrello la scimmia la bicicletta
7O,7OSU4,audio_4267,8,Tocca nel seguente ordine il leone l'ombrello la scimmia il monopattino
7O,7OSU4,audio_4268,8,Tocca nel seguente ordine il leone l'ombrello la scimmia la bambina
7O,7OSU4,audio_4269,8,Tocca nel seguente ordine il leone l'ombrello la scimmia gli occhiali da sole
7O,7OSU4,audio_4270,8,Tocca nel seguente ordine il leone l'ombrello il pappagallo la scimmia
7O,7OSU4,audio_4271,8,Tocca nel seguente ordine il leone l'ombrello il pappagallo il polipo
7O,7OSU4,audio_4272,8,Tocca nel seguente ordine il leone l'ombrello il pappagallo il gelato
7O,7OSU4,audio_4273,8,Tocca nel seguente ordine il leone l'ombrello il pappagallo la bicicletta
7O,7OSU4,audio_4274,8,Tocca nel seguente ordine il leone l'ombrello il pappagallo il monopattino
7O,7OSU4,audio_4275,8,Tocca nel seguente ordine il leone l'ombrello il pappagallo la bambina
7O,7OSU4,audio_4276,8,Tocca nel seguente ordine il leone l'ombrello il pappagallo gli occhiali da sole
7O,7OSU4,audio_4277,8,Tocca nel seguente ordine il leone l'ombrello il polipo la scimmia
7O,7OSU4,audio_4278,8,Tocca nel seguente ordine il leone l'ombrello il polipo il gelato
7O,7OSU4,audio_4279,8,Tocca nel seguente ordine il leone l'ombrello il polipo il pappagallo
7O,7OSU4,audio_4280,8,Tocca nel seguente ordine il leone l'ombrello il polipo la bicicletta
7O,7OSU4,audio_4281,8,Tocca nel seguente ordine il leone l'ombrello il polipo il monopattino
7O,7OSU4,audio_4282,8,Tocca nel seguente ordine il leone l'ombrello il polipo la bambina
7O,7OSU4,audio_4283,8,Tocca nel seguente ordine il leone l'ombrello il polipo gli occhiali da sole
7O,7OSU4,audio_4284,8,Tocca nel seguente ordine il leone l'ombrello il gelato la scimmia
7O,7OSU4,audio_4285,8,Tocca nel seguente ordine il leone l'ombrello il gelato il polipo
7O,7OSU4,audio_4286,8,Tocca nel seguente ordine il leone l'ombrello il gelato il pappagallo
7O,7OSU4,audio_4287,8,Tocca nel seguente ordine il leone l'ombrello il gelato la bicicletta
7O,7OSU4,audio_4288,8,Tocca nel seguente ordine il leone l'ombrello il gelato il monopattino
7O,7OSU4,audio_4289,8,Tocca nel seguente ordine il leone l'ombrello il gelato la bambina
7O,7OSU4,audio_4290,8,Tocca nel seguente ordine il leone l'ombrello il gelato gli occhiali da sole
7O,7OSU4,audio_4291,8,Tocca nel seguente ordine il leone l'ombrello gli occhiali da sole la scimmia
7O,7OSU4,audio_4292,8,Tocca nel seguente ordine il leone l'ombrello gli occhiali da sole il polipo
7O,7OSU4,audio_4293,8,Tocca nel seguente ordine il leone l'ombrello gli occhiali da sole il pappagallo
7O,7OSU4,audio_4294,8,Tocca nel seguente ordine il leone l'ombrello gli occhiali da sole la bicicletta
7O,7OSU4,audio_4295,8,Tocca nel seguente ordine il leone l'ombrello gli occhiali da sole il monopattino
7O,7OSU4,audio_4296,8,Tocca nel seguente ordine il leone l'ombrello gli occhiali da sole la bambina
7O,7OSU4,audio_4297,8,Tocca nel seguente ordine il leone l'ombrello gli occhiali da sole il gelato
7O,7OSU4,audio_4298,8,Tocca nel seguente ordine il leone l'ombrello la bicicletta la scimmia
7O,7OSU4,audio_4299,8,Tocca nel seguente ordine il leone l'ombrello la bicicletta il polipo
7O,7OSU4,audio_4300,8,Tocca nel seguente ordine il leone l'ombrello la bicicletta il pappagallo
7O,7OSU4,audio_4301,8,Tocca nel seguente ordine il leone l'ombrello la bicicletta il gelato
7O,7OSU4,audio_4302,8,Tocca nel seguente ordine il leone l'ombrello la bicicletta il monopattino
7O,7OSU4,audio_4303,8,Tocca nel seguente ordine il leone l'ombrello la bicicletta la bambina
7O,7OSU4,audio_4304,8,Tocca nel seguente ordine il leone l'ombrello la bicicletta gli occhiali da sole
7O,7OSU4,audio_4305,8,Tocca nel seguente ordine il leone l'ombrello il monopattino la scimmia
7O,7OSU4,audio_4306,8,Tocca nel seguente ordine il leone l'ombrello il monopattino il polipo
7O,7OSU4,audio_4307,8,Tocca nel seguente ordine il leone l'ombrello il monopattino il pappagallo
7O,7OSU4,audio_4308,8,Tocca nel seguente ordine il leone l'ombrello il monopattino la bicicletta
7O,7OSU4,audio_4309,8,Tocca nel seguente ordine il leone l'ombrello il monopattino il gelato
7O,7OSU4,audio_4310,8,Tocca nel seguente ordine il leone l'ombrello il monopattino la bambina
7O,7OSU4,audio_4311,8,Tocca nel seguente ordine il leone l'ombrello il monopattino gli occhiali da sole
7O,7OSU4,audio_4312,8,Tocca nel seguente ordine il leone l'ombrello la bambina la scimmia
7O,7OSU4,audio_4313,8,Tocca nel seguente ordine il leone l'ombrello la bambina il polipo
7O,7OSU4,audio_4314,8,Tocca nel seguente ordine il leone l'ombrello la bambina il pappagallo
7O,7OSU4,audio_4315,8,Tocca nel seguente ordine il leone l'ombrello la bambina la bicicletta
7O,7OSU4,audio_4316,8,Tocca nel seguente ordine il leone l'ombrello la bambina il monopattino
7O,7OSU4,audio_4317,8,Tocca nel seguente ordine il leone l'ombrello la bambina il gelato
7O,7OSU4,audio_4318,8,Tocca nel seguente ordine il leone l'ombrello la bambina gli occhiali da sole
7O,7OSU4,audio_4319,8,Tocca nel seguente ordine la scimmia il leone il pappagallo il polipo
7O,7OSU4,audio_4320,8,Tocca nel seguente ordine la scimmia il leone il pappagallo il gelato
7O,7OSU4,audio_4321,8,Tocca nel seguente ordine la scimmia il leone il pappagallo gli occhiali da sole
7O,7OSU4,audio_4322,8,Tocca nel seguente ordine la scimmia il leone il pappagallo la bicicletta
7O,7OSU4,audio_4323,8,Tocca nel seguente ordine la scimmia il leone il pappagallo il monopattino
7O,7OSU4,audio_4324,8,Tocca nel seguente ordine la scimmia il leone il pappagallo la bambina
7O,7OSU4,audio_4325,8,Tocca nel seguente ordine la scimmia il leone il pappagallo l'ombrello
7O,7OSU4,audio_4326,8,Tocca nel seguente ordine la scimmia il leone il polipo il pappagallo
7O,7OSU4,audio_4327,8,Tocca nel seguente ordine la scimmia il leone il polipo il gelato
7O,7OSU4,audio_4328,8,Tocca nel seguente ordine la scimmia il leone il polipo gli occhiali da sole
7O,7OSU4,audio_4329,8,Tocca nel seguente ordine la scimmia il leone il polipo la bicicletta
7O,7OSU4,audio_4330,8,Tocca nel seguente ordine la scimmia il leone il polipo il monopattino
7O,7OSU4,audio_4331,8,Tocca nel seguente ordine la scimmia il leone il polipo la bambina
7O,7OSU4,audio_4332,8,Tocca nel seguente ordine la scimmia il leone il polipo l'ombrello
7O,7OSU4,audio_4333,8,Tocca nel seguente ordine la scimmia il leone il gelato il polipo
7O,7OSU4,audio_4334,8,Tocca nel seguente ordine la scimmia il leone il gelato il pappagallo
7O,7OSU4,audio_4335,8,Tocca nel seguente ordine la scimmia il leone il gelato gli occhiali da sole
7O,7OSU4,audio_4336,8,Tocca nel seguente ordine la scimmia il leone il gelato la bicicletta
7O,7OSU4,audio_4337,8,Tocca nel seguente ordine la scimmia il leone il gelato il monopattino
7O,7OSU4,audio_4338,8,Tocca nel seguente ordine la scimmia il leone il gelato la bambina
7O,7OSU4,audio_4339,8,Tocca nel seguente ordine la scimmia il leone il gelato l'ombrello
7O,7OSU4,audio_4340,8,Tocca nel seguente ordine la scimmia il leone gli occhiali da sole il polipo
7O,7OSU4,audio_4341,8,Tocca nel seguente ordine la scimmia il leone gli occhiali da sole il gelato
7O,7OSU4,audio_4342,8,Tocca nel seguente ordine la scimmia il leone gli occhiali da sole il pappagallo
7O,7OSU4,audio_4343,8,Tocca nel seguente ordine la scimmia il leone gli occhiali da sole la bicicletta
7O,7OSU4,audio_4344,8,Tocca nel seguente ordine la scimmia il leone gli occhiali da sole il monopattino
7O,7OSU4,audio_4345,8,Tocca nel seguente ordine la scimmia il leone gli occhiali da sole la bambina
7O,7OSU4,audio_4346,8,Tocca nel seguente ordine la scimmia il leone gli occhiali da sole l'ombrello
7O,7OSU4,audio_4347,8,Tocca nel seguente ordine la scimmia il leone la bicicletta il polipo
7O,7OSU4,audio_4348,8,Tocca nel seguente ordine la scimmia il leone la bicicletta il gelato
7O,7OSU4,audio_4349,8,Tocca nel seguente ordine la scimmia il leone la bicicletta gli occhiali da sole
7O,7OSU4,audio_4350,8,Tocca nel seguente ordine la scimmia il leone la bicicletta il pappagallo
7O,7OSU4,audio_4351,8,Tocca nel seguente ordine la scimmia il leone la bicicletta il monopattino
7O,7OSU4,audio_4352,8,Tocca nel seguente ordine la scimmia il leone la bicicletta la bambina
7O,7OSU4,audio_4353,8,Tocca nel seguente ordine la scimmia il leone la bicicletta l'ombrello
7O,7OSU4,audio_4354,8,Tocca nel seguente ordine la scimmia il leone il monopattino il polipo
7O,7OSU4,audio_4355,8,Tocca nel seguente ordine la scimmia il leone il monopattino il gelato
7O,7OSU4,audio_4356,8,Tocca nel seguente ordine la scimmia il leone il monopattino gli occhiali da sole
7O,7OSU4,audio_4357,8,Tocca nel seguente ordine la scimmia il leone il monopattino la bicicletta
7O,7OSU4,audio_4358,8,Tocca nel seguente ordine la scimmia il leone il monopattino il pappagallo
7O,7OSU4,audio_4359,8,Tocca nel seguente ordine la scimmia il leone il monopattino la bambina
7O,7OSU4,audio_4360,8,Tocca nel seguente ordine la scimmia il leone il monopattino l'ombrello
7O,7OSU4,audio_4361,8,Tocca nel seguente ordine la scimmia il leone la bambina il polipo
7O,7OSU4,audio_4362,8,Tocca nel seguente ordine la scimmia il leone la bambina il gelato
7O,7OSU4,audio_4363,8,Tocca nel seguente ordine la scimmia il leone la bambina gli occhiali da sole
7O,7OSU4,audio_4364,8,Tocca nel seguente ordine la scimmia il leone la bambina la bicicletta
7O,7OSU4,audio_4365,8,Tocca nel seguente ordine la scimmia il leone la bambina il monopattino
7O,7OSU4,audio_4366,8,Tocca nel seguente ordine la scimmia il leone la bambina il pappagallo
7O,7OSU4,audio_4367,8,Tocca nel seguente ordine la scimmia il leone la bambina l'ombrello
7O,7OSU4,audio_4368,8,Tocca nel seguente ordine la scimmia il leone l'ombrello il polipo
7O,7OSU4,audio_4369,8,Tocca nel seguente ordine la scimmia il leone l'ombrello il gelato
7O,7OSU4,audio_4370,8,Tocca nel seguente ordine la scimmia il leone l'ombrello gli occhiali da sole
7O,7OSU4,audio_4371,8,Tocca nel seguente ordine la scimmia il leone l'ombrello la bicicletta
7O,7OSU4,audio_4372,8,Tocca nel seguente ordine la scimmia il leone l'ombrello il monopattino
7O,7OSU4,audio_4373,8,Tocca nel seguente ordine la scimmia il leone l'ombrello la bambina
7O,7OSU4,audio_4374,8,Tocca nel seguente ordine la scimmia il leone l'ombrello il pappagallo
7O,7OSU4,audio_4375,8,Tocca nel seguente ordine la scimmia il pappagallo il leone il polipo
7O,7OSU4,audio_4376,8,Tocca nel seguente ordine la scimmia il pappagallo il leone il gelato
7O,7OSU4,audio_4377,8,Tocca nel seguente ordine la scimmia il pappagallo il leone gli occhiali da sole
7O,7OSU4,audio_4378,8,Tocca nel seguente ordine la scimmia il pappagallo il leone la bicicletta
7O,7OSU4,audio_4379,8,Tocca nel seguente ordine la scimmia il pappagallo il leone il monopattino
7O,7OSU4,audio_4380,8,Tocca nel seguente ordine la scimmia il pappagallo il leone la bambina
7O,7OSU4,audio_4381,8,Tocca nel seguente ordine la scimmia il pappagallo il leone l'ombrello
7O,7OSU4,audio_4382,8,Tocca nel seguente ordine la scimmia il pappagallo il polipo il leone
7O,7OSU4,audio_4383,8,Tocca nel seguente ordine la scimmia il pappagallo il polipo il gelato
7O,7OSU4,audio_4384,8,Tocca nel seguente ordine la scimmia il pappagallo il polipo gli occhiali da sole
7O,7OSU4,audio_4385,8,Tocca nel seguente ordine la scimmia il pappagallo il polipo la bicicletta
7O,7OSU4,audio_4386,8,Tocca nel seguente ordine la scimmia il pappagallo il polipo il monopattino
7O,7OSU4,audio_4387,8,Tocca nel seguente ordine la scimmia il pappagallo il polipo la bambina
7O,7OSU4,audio_4388,8,Tocca nel seguente ordine la scimmia il pappagallo il polipo l'ombrello
7O,7OSU4,audio_4389,8,Tocca nel seguente ordine la scimmia il pappagallo il gelato il polipo
7O,7OSU4,audio_4390,8,Tocca nel seguente ordine la scimmia il pappagallo il gelato il leone
7O,7OSU4,audio_4391,8,Tocca nel seguente ordine la scimmia il pappagallo il gelato gli occhiali da sole
7O,7OSU4,audio_4392,8,Tocca nel seguente ordine la scimmia il pappagallo il gelato la bicicletta
7O,7OSU4,audio_4393,8,Tocca nel seguente ordine la scimmia il pappagallo il gelato il monopattino
7O,7OSU4,audio_4394,8,Tocca nel seguente ordine la scimmia il pappagallo il gelato la bambina
7O,7OSU4,audio_4395,8,Tocca nel seguente ordine la scimmia il pappagallo il gelato l'ombrello
7O,7OSU4,audio_4396,8,Tocca nel seguente ordine la scimmia il pappagallo gli occhiali da sole il polipo
7O,7OSU4,audio_4397,8,Tocca nel seguente ordine la scimmia il pappagallo gli occhiali da sole il gelato
7O,7OSU4,audio_4398,8,Tocca nel seguente ordine la scimmia il pappagallo gli occhiali da sole il leone
7O,7OSU4,audio_4399,8,Tocca nel seguente ordine la scimmia il pappagallo gli occhiali da sole la bicicletta
7O,7OSU4,audio_4400,8,Tocca nel seguente ordine la scimmia il pappagallo gli occhiali da sole il monopattino
7O,7OSU4,audio_4401,8,Tocca nel seguente ordine la scimmia il pappagallo gli occhiali da sole la bambina
7O,7OSU4,audio_4402,8,Tocca nel seguente ordine la scimmia il pappagallo gli occhiali da sole l'ombrello
7O,7OSU4,audio_4403,8,Tocca nel seguente ordine la scimmia il pappagallo la bicicletta il polipo
7O,7OSU4,audio_4404,8,Tocca nel seguente ordine la scimmia il pappagallo la bicicletta il gelato
7O,7OSU4,audio_4405,8,Tocca nel seguente ordine la scimmia il pappagallo la bicicletta gli occhiali da sole
7O,7OSU4,audio_4406,8,Tocca nel seguente ordine la scimmia il pappagallo la bicicletta il leone
7O,7OSU4,audio_4407,8,Tocca nel seguente ordine la scimmia il pappagallo la bicicletta il monopattino
7O,7OSU4,audio_4408,8,Tocca nel seguente ordine la scimmia il pappagallo la bicicletta la bambina
7O,7OSU4,audio_4409,8,Tocca nel seguente ordine la scimmia il pappagallo la bicicletta l'ombrello
7O,7OSU4,audio_4410,8,Tocca nel seguente ordine la scimmia il pappagallo il monopattino il polipo
7O,7OSU4,audio_4411,8,Tocca nel seguente ordine la scimmia il pappagallo il monopattino il gelato
7O,7OSU4,audio_4412,8,Tocca nel seguente ordine la scimmia il pappagallo il monopattino gli occhiali da sole
7O,7OSU4,audio_4413,8,Tocca nel seguente ordine la scimmia il pappagallo il monopattino la bicicletta
7O,7OSU4,audio_4414,8,Tocca nel seguente ordine la scimmia il pappagallo il monopattino il leone
7O,7OSU4,audio_4415,8,Tocca nel seguente ordine la scimmia il pappagallo il monopattino la bambina
7O,7OSU4,audio_4416,8,Tocca nel seguente ordine la scimmia il pappagallo il monopattino l'ombrello
7O,7OSU4,audio_4417,8,Tocca nel seguente ordine la scimmia il pappagallo la bambina il polipo
7O,7OSU4,audio_4418,8,Tocca nel seguente ordine la scimmia il pappagallo la bambina il gelato
7O,7OSU4,audio_4419,8,Tocca nel seguente ordine la scimmia il pappagallo la bambina gli occhiali da sole
7O,7OSU4,audio_4420,8,Tocca nel seguente ordine la scimmia il pappagallo la bambina la bicicletta
7O,7OSU4,audio_4421,8,Tocca nel seguente ordine la scimmia il pappagallo la bambina il monopattino
7O,7OSU4,audio_4422,8,Tocca nel seguente ordine la scimmia il pappagallo la bambina il leone
7O,7OSU4,audio_4423,8,Tocca nel seguente ordine la scimmia il pappagallo la bambina l'ombrello
7O,7OSU4,audio_4424,8,Tocca nel seguente ordine la scimmia il pappagallo l'ombrello il polipo
7O,7OSU4,audio_4425,8,Tocca nel seguente ordine la scimmia il pappagallo l'ombrello il gelato
7O,7OSU4,audio_4426,8,Tocca nel seguente ordine la scimmia il pappagallo l'ombrello gli occhiali da sole
7O,7OSU4,audio_4427,8,Tocca nel seguente ordine la scimmia il pappagallo l'ombrello la bicicletta
7O,7OSU4,audio_4428,8,Tocca nel seguente ordine la scimmia il pappagallo l'ombrello il monopattino
7O,7OSU4,audio_4429,8,Tocca nel seguente ordine la scimmia il pappagallo l'ombrello la bambina
7O,7OSU4,audio_4430,8,Tocca nel seguente ordine la scimmia il pappagallo l'ombrello il leone
7O,7OSU4,audio_4431,8,Tocca nel seguente ordine la scimmia il polipo il leone il pappagallo
7O,7OSU4,audio_4432,8,Tocca nel seguente ordine la scimmia il polipo il leone il gelato
7O,7OSU4,audio_4433,8,Tocca nel seguente ordine la scimmia il polipo il leone gli occhiali da sole
7O,7OSU4,audio_4434,8,Tocca nel seguente ordine la scimmia il polipo il leone la bicicletta
7O,7OSU4,audio_4435,8,Tocca nel seguente ordine la scimmia il polipo il leone il monopattino
7O,7OSU4,audio_4436,8,Tocca nel seguente ordine la scimmia il polipo il leone la bambina
7O,7OSU4,audio_4437,8,Tocca nel seguente ordine la scimmia il polipo il leone l'ombrello
7O,7OSU4,audio_4438,8,Tocca nel seguente ordine la scimmia il polipo il pappagallo il leone
7O,7OSU4,audio_4439,8,Tocca nel seguente ordine la scimmia il polipo il pappagallo il gelato
7O,7OSU4,audio_4440,8,Tocca nel seguente ordine la scimmia il polipo il pappagallo gli occhiali da sole
7O,7OSU4,audio_4441,8,Tocca nel seguente ordine la scimmia il polipo il pappagallo la bicicletta
7O,7OSU4,audio_4442,8,Tocca nel seguente ordine la scimmia il polipo il pappagallo il monopattino
7O,7OSU4,audio_4443,8,Tocca nel seguente ordine la scimmia il polipo il pappagallo la bambina
7O,7OSU4,audio_4444,8,Tocca nel seguente ordine la scimmia il polipo il pappagallo l'ombrello
7O,7OSU4,audio_4445,8,Tocca nel seguente ordine la scimmia il polipo il gelato il leone
7O,7OSU4,audio_4446,8,Tocca nel seguente ordine la scimmia il polipo il gelato il pappagallo
7O,7OSU4,audio_4447,8,Tocca nel seguente ordine la scimmia il polipo il gelato gli occhiali da sole
7O,7OSU4,audio_4448,8,Tocca nel seguente ordine la scimmia il polipo il gelato la bicicletta
7O,7OSU4,audio_4449,8,Tocca nel seguente ordine la scimmia il polipo il gelato il monopattino
7O,7OSU4,audio_4450,8,Tocca nel seguente ordine la scimmia il polipo il gelato la bambina
7O,7OSU4,audio_4451,8,Tocca nel seguente ordine la scimmia il polipo il gelato l'ombrello
7O,7OSU4,audio_4452,8,Tocca nel seguente ordine la scimmia il polipo gli occhiali da sole il leone
7O,7OSU4,audio_4453,8,Tocca nel seguente ordine la scimmia il polipo gli occhiali da sole il gelato
7O,7OSU4,audio_4454,8,Tocca nel seguente ordine la scimmia il polipo gli occhiali da sole il pappagallo
7O,7OSU4,audio_4455,8,Tocca nel seguente ordine la scimmia il polipo gli occhiali da sole la bicicletta
7O,7OSU4,audio_4456,8,Tocca nel seguente ordine la scimmia il polipo gli occhiali da sole il monopattino
7O,7OSU4,audio_4457,8,Tocca nel seguente ordine la scimmia il polipo gli occhiali da sole la bambina
7O,7OSU4,audio_4458,8,Tocca nel seguente ordine la scimmia il polipo gli occhiali da sole l'ombrello
7O,7OSU4,audio_4459,8,Tocca nel seguente ordine la scimmia il polipo la bicicletta il leone
7O,7OSU4,audio_4460,8,Tocca nel seguente ordine la scimmia il polipo la bicicletta il gelato
7O,7OSU4,audio_4461,8,Tocca nel seguente ordine la scimmia il polipo la bicicletta gli occhiali da sole
7O,7OSU4,audio_4462,8,Tocca nel seguente ordine la scimmia il polipo la bicicletta il pappagallo
7O,7OSU4,audio_4463,8,Tocca nel seguente ordine la scimmia il polipo la bicicletta il monopattino
7O,7OSU4,audio_4464,8,Tocca nel seguente ordine la scimmia il polipo la bicicletta la bambina
7O,7OSU4,audio_4465,8,Tocca nel seguente ordine la scimmia il polipo la bicicletta l'ombrello
7O,7OSU4,audio_4466,8,Tocca nel seguente ordine la scimmia il polipo il monopattino il leone
7O,7OSU4,audio_4467,8,Tocca nel seguente ordine la scimmia il polipo il monopattino il gelato
7O,7OSU4,audio_4468,8,Tocca nel seguente ordine la scimmia il polipo il monopattino gli occhiali da sole
7O,7OSU4,audio_4469,8,Tocca nel seguente ordine la scimmia il polipo il monopattino la bicicletta
7O,7OSU4,audio_4470,8,Tocca nel seguente ordine la scimmia il polipo il monopattino il pappagallo
7O,7OSU4,audio_4471,8,Tocca nel seguente ordine la scimmia il polipo il monopattino la bambina
7O,7OSU4,audio_4472,8,Tocca nel seguente ordine la scimmia il polipo il monopattino l'ombrello
7O,7OSU4,audio_4473,8,Tocca nel seguente ordine la scimmia il polipo la bambina il leone
7O,7OSU4,audio_4474,8,Tocca nel seguente ordine la scimmia il polipo la bambina il gelato
7O,7OSU4,audio_4475,8,Tocca nel seguente ordine la scimmia il polipo la bambina gli occhiali da sole
7O,7OSU4,audio_4476,8,Tocca nel seguente ordine la scimmia il polipo la bambina la bicicletta
7O,7OSU4,audio_4477,8,Tocca nel seguente ordine la scimmia il polipo la bambina il monopattino
7O,7OSU4,audio_4478,8,Tocca nel seguente ordine la scimmia il polipo la bambina il pappagallo
7O,7OSU4,audio_4479,8,Tocca nel seguente ordine la scimmia il polipo la bambina l'ombrello
7O,7OSU4,audio_4480,8,Tocca nel seguente ordine la scimmia il polipo l'ombrello il leone
7O,7OSU4,audio_4481,8,Tocca nel seguente ordine la scimmia il polipo l'ombrello il gelato
7O,7OSU4,audio_4482,8,Tocca nel seguente ordine la scimmia il polipo l'ombrello gli occhiali da sole
7O,7OSU4,audio_4483,8,Tocca nel seguente ordine la scimmia il polipo l'ombrello la bicicletta
7O,7OSU4,audio_4484,8,Tocca nel seguente ordine la scimmia il polipo l'ombrello il monopattino
7O,7OSU4,audio_4485,8,Tocca nel seguente ordine la scimmia il polipo l'ombrello la bambina
7O,7OSU4,audio_4486,8,Tocca nel seguente ordine la scimmia il polipo l'ombrello il pappagallo
7O,7OSU4,audio_4487,8,Tocca nel seguente ordine la scimmia il gelato il leone il polipo
7O,7OSU4,audio_4488,8,Tocca nel seguente ordine la scimmia il gelato il leone il pappagallo
7O,7OSU4,audio_4489,8,Tocca nel seguente ordine la scimmia il gelato il leone gli occhiali da sole
7O,7OSU4,audio_4490,8,Tocca nel seguente ordine la scimmia il gelato il leone la bicicletta
7O,7OSU4,audio_4491,8,Tocca nel seguente ordine la scimmia il gelato il leone il monopattino
7O,7OSU4,audio_4492,8,Tocca nel seguente ordine la scimmia il gelato il leone la bambina
7O,7OSU4,audio_4493,8,Tocca nel seguente ordine la scimmia il gelato il leone l'ombrello
7O,7OSU4,audio_4494,8,Tocca nel seguente ordine la scimmia il gelato il pappagallo il polipo
7O,7OSU4,audio_4495,8,Tocca nel seguente ordine la scimmia il gelato il pappagallo il leone
7O,7OSU4,audio_4496,8,Tocca nel seguente ordine la scimmia il gelato il pappagallo gli occhiali da sole
7O,7OSU4,audio_4497,8,Tocca nel seguente ordine la scimmia il gelato il pappagallo la bicicletta
7O,7OSU4,audio_4498,8,Tocca nel seguente ordine la scimmia il gelato il pappagallo il monopattino
7O,7OSU4,audio_4499,8,Tocca nel seguente ordine la scimmia il gelato il pappagallo la bambina
7O,7OSU4,audio_4500,8,Tocca nel seguente ordine la scimmia il gelato il pappagallo l'ombrello
7O,7OSU4,audio_4501,8,Tocca nel seguente ordine la scimmia il gelato il polipo il pappagallo
7O,7OSU4,audio_4502,8,Tocca nel seguente ordine la scimmia il gelato il polipo il leone
7O,7OSU4,audio_4503,8,Tocca nel seguente ordine la scimmia il gelato il polipo gli occhiali da sole
7O,7OSU4,audio_4504,8,Tocca nel seguente ordine la scimmia il gelato il polipo la bicicletta
7O,7OSU4,audio_4505,8,Tocca nel seguente ordine la scimmia il gelato il polipo il monopattino
7O,7OSU4,audio_4506,8,Tocca nel seguente ordine la scimmia il gelato il polipo la bambina
7O,7OSU4,audio_4507,8,Tocca nel seguente ordine la scimmia il gelato il polipo l'ombrello
7O,7OSU4,audio_4508,8,Tocca nel seguente ordine la scimmia il gelato gli occhiali da sole il polipo
7O,7OSU4,audio_4509,8,Tocca nel seguente ordine la scimmia il gelato gli occhiali da sole il leone
7O,7OSU4,audio_4510,8,Tocca nel seguente ordine la scimmia il gelato gli occhiali da sole il pappagallo
7O,7OSU4,audio_4511,8,Tocca nel seguente ordine la scimmia il gelato gli occhiali da sole la bicicletta
7O,7OSU4,audio_4512,8,Tocca nel seguente ordine la scimmia il gelato gli occhiali da sole il monopattino
7O,7OSU4,audio_4513,8,Tocca nel seguente ordine la scimmia il gelato gli occhiali da sole la bambina
7O,7OSU4,audio_4514,8,Tocca nel seguente ordine la scimmia il gelato gli occhiali da sole l'ombrello
7O,7OSU4,audio_4515,8,Tocca nel seguente ordine la scimmia il gelato la bicicletta il polipo
7O,7OSU4,audio_4516,8,Tocca nel seguente ordine la scimmia il gelato la bicicletta il leone
7O,7OSU4,audio_4517,8,Tocca nel seguente ordine la scimmia il gelato la bicicletta gli occhiali da sole
7O,7OSU4,audio_4518,8,Tocca nel seguente ordine la scimmia il gelato la bicicletta il pappagallo
7O,7OSU4,audio_4519,8,Tocca nel seguente ordine la scimmia il gelato la bicicletta il monopattino
7O,7OSU4,audio_4520,8,Tocca nel seguente ordine la scimmia il gelato la bicicletta la bambina
7O,7OSU4,audio_4521,8,Tocca nel seguente ordine la scimmia il gelato la bicicletta l'ombrello
7O,7OSU4,audio_4522,8,Tocca nel seguente ordine la scimmia il gelato il monopattino il polipo
7O,7OSU4,audio_4523,8,Tocca nel seguente ordine la scimmia il gelato il monopattino il leone
7O,7OSU4,audio_4524,8,Tocca nel seguente ordine la scimmia il gelato il monopattino gli occhiali da sole
7O,7OSU4,audio_4525,8,Tocca nel seguente ordine la scimmia il gelato il monopattino la bicicletta
7O,7OSU4,audio_4526,8,Tocca nel seguente ordine la scimmia il gelato il monopattino il pappagallo
7O,7OSU4,audio_4527,8,Tocca nel seguente ordine la scimmia il gelato il monopattino la bambina
7O,7OSU4,audio_4528,8,Tocca nel seguente ordine la scimmia il gelato il monopattino l'ombrello
7O,7OSU4,audio_4529,8,Tocca nel seguente ordine la scimmia il gelato la bambina il polipo
7O,7OSU4,audio_4530,8,Tocca nel seguente ordine la scimmia il gelato la bambina il leone
7O,7OSU4,audio_4531,8,Tocca nel seguente ordine la scimmia il gelato la bambina gli occhiali da sole
7O,7OSU4,audio_4532,8,Tocca nel seguente ordine la scimmia il gelato la bambina la bicicletta
7O,7OSU4,audio_4533,8,Tocca nel seguente ordine la scimmia il gelato la bambina il monopattino
7O,7OSU4,audio_4534,8,Tocca nel seguente ordine la scimmia il gelato la bambina il pappagallo
7O,7OSU4,audio_4535,8,Tocca nel seguente ordine la scimmia il gelato la bambina l'ombrello
7O,7OSU4,audio_4536,8,Tocca nel seguente ordine la scimmia il gelato l'ombrello il polipo
7O,7OSU4,audio_4537,8,Tocca nel seguente ordine la scimmia il gelato l'ombrello il leone
7O,7OSU4,audio_4538,8,Tocca nel seguente ordine la scimmia il gelato l'ombrello gli occhiali da sole
7O,7OSU4,audio_4539,8,Tocca nel seguente ordine la scimmia il gelato l'ombrello la bicicletta
7O,7OSU4,audio_4540,8,Tocca nel seguente ordine la scimmia il gelato l'ombrello il monopattino
7O,7OSU4,audio_4541,8,Tocca nel seguente ordine la scimmia il gelato l'ombrello la bambina
7O,7OSU4,audio_4542,8,Tocca nel seguente ordine la scimmia il gelato l'ombrello il pappagallo
7O,7OSU4,audio_4543,8,Tocca nel seguente ordine la scimmia gli occhiali da sole il leone il polipo
7O,7OSU4,audio_4544,8,Tocca nel seguente ordine la scimmia gli occhiali da sole il leone il gelato
7O,7OSU4,audio_4545,8,Tocca nel seguente ordine la scimmia gli occhiali da sole il leone il pappagallo
7O,7OSU4,audio_4546,8,Tocca nel seguente ordine la scimmia gli occhiali da sole il leone la bicicletta
7O,7OSU4,audio_4547,8,Tocca nel seguente ordine la scimmia gli occhiali da sole il leone il monopattino
7O,7OSU4,audio_4548,8,Tocca nel seguente ordine la scimmia gli occhiali da sole il leone la bambina
7O,7OSU4,audio_4549,8,Tocca nel seguente ordine la scimmia gli occhiali da sole il leone l'ombrello
7O,7OSU4,audio_4550,8,Tocca nel seguente ordine la scimmia gli occhiali da sole il pappagallo il polipo
7O,7OSU4,audio_4551,8,Tocca nel seguente ordine la scimmia gli occhiali da sole il pappagallo il gelato
7O,7OSU4,audio_4552,8,Tocca nel seguente ordine la scimmia gli occhiali da sole il pappagallo il leone
7O,7OSU4,audio_4553,8,Tocca nel seguente ordine la scimmia gli occhiali da sole il pappagallo la bicicletta
7O,7OSU4,audio_4554,8,Tocca nel seguente ordine la scimmia gli occhiali da sole il pappagallo il monopattino
7O,7OSU4,audio_4555,8,Tocca nel seguente ordine la scimmia gli occhiali da sole il pappagallo la bambina
7O,7OSU4,audio_4556,8,Tocca nel seguente ordine la scimmia gli occhiali da sole il pappagallo l'ombrello
7O,7OSU4,audio_4557,8,Tocca nel seguente ordine la scimmia gli occhiali da sole il polipo il leone
7O,7OSU4,audio_4558,8,Tocca nel seguente ordine la scimmia gli occhiali da sole il polipo il gelato
7O,7OSU4,audio_4559,8,Tocca nel seguente ordine la scimmia gli occhiali da sole il polipo il pappagallo
7O,7OSU4,audio_4560,8,Tocca nel seguente ordine la scimmia gli occhiali da sole il polipo la bicicletta
7O,7OSU4,audio_4561,8,Tocca nel seguente ordine la scimmia gli occhiali da sole il polipo il monopattino
7O,7OSU4,audio_4562,8,Tocca nel seguente ordine la scimmia gli occhiali da sole il polipo la bambina
7O,7OSU4,audio_4563,8,Tocca nel seguente ordine la scimmia gli occhiali da sole il polipo l'ombrello
7O,7OSU4,audio_4564,8,Tocca nel seguente ordine la scimmia gli occhiali da sole il gelato il polipo
7O,7OSU4,audio_4565,8,Tocca nel seguente ordine la scimmia gli occhiali da sole il gelato il leone
7O,7OSU4,audio_4566,8,Tocca nel seguente ordine la scimmia gli occhiali da sole il gelato il pappagallo
7O,7OSU4,audio_4567,8,Tocca nel seguente ordine la scimmia gli occhiali da sole il gelato la bicicletta
7O,7OSU4,audio_4568,8,Tocca nel seguente ordine la scimmia gli occhiali da sole il gelato il monopattino
7O,7OSU4,audio_4569,8,Tocca nel seguente ordine la scimmia gli occhiali da sole il gelato la bambina
7O,7OSU4,audio_4570,8,Tocca nel seguente ordine la scimmia gli occhiali da sole il gelato l'ombrello
7O,7OSU4,audio_4571,8,Tocca nel seguente ordine la scimmia gli occhiali da sole la bicicletta il polipo
7O,7OSU4,audio_4572,8,Tocca nel seguente ordine la scimmia gli occhiali da sole la bicicletta il gelato
7O,7OSU4,audio_4573,8,Tocca nel seguente ordine la scimmia gli occhiali da sole la bicicletta il pappagallo
7O,7OSU4,audio_4574,8,Tocca nel seguente ordine la scimmia gli occhiali da sole la bicicletta il leone
7O,7OSU4,audio_4575,8,Tocca nel seguente ordine la scimmia gli occhiali da sole la bicicletta il monopattino
7O,7OSU4,audio_4576,8,Tocca nel seguente ordine la scimmia gli occhiali da sole la bicicletta la bambina
7O,7OSU4,audio_4577,8,Tocca nel seguente ordine la scimmia gli occhiali da sole la bicicletta l'ombrello
7O,7OSU4,audio_4578,8,Tocca nel seguente ordine la scimmia gli occhiali da sole il monopattino il polipo
7O,7OSU4,audio_4579,8,Tocca nel seguente ordine la scimmia gli occhiali da sole il monopattino il gelato
7O,7OSU4,audio_4580,8,Tocca nel seguente ordine la scimmia gli occhiali da sole il monopattino il pappagallo
7O,7OSU4,audio_4581,8,Tocca nel seguente ordine la scimmia gli occhiali da sole il monopattino la bicicletta
7O,7OSU4,audio_4582,8,Tocca nel seguente ordine la scimmia gli occhiali da sole il monopattino il leone
7O,7OSU4,audio_4583,8,Tocca nel seguente ordine la scimmia gli occhiali da sole il monopattino la bambina
7O,7OSU4,audio_4584,8,Tocca nel seguente ordine la scimmia gli occhiali da sole il monopattino l'ombrello
7O,7OSU4,audio_4585,8,Tocca nel seguente ordine la scimmia gli occhiali da sole la bambina il polipo
7O,7OSU4,audio_4586,8,Tocca nel seguente ordine la scimmia gli occhiali da sole la bambina il gelato
7O,7OSU4,audio_4587,8,Tocca nel seguente ordine la scimmia gli occhiali da sole la bambina il pappagallo
7O,7OSU4,audio_4588,8,Tocca nel seguente ordine la scimmia gli occhiali da sole la bambina la bicicletta
7O,7OSU4,audio_4589,8,Tocca nel seguente ordine la scimmia gli occhiali da sole la bambina il monopattino
7O,7OSU4,audio_4590,8,Tocca nel seguente ordine la scimmia gli occhiali da sole la bambina il leone
7O,7OSU4,audio_4591,8,Tocca nel seguente ordine la scimmia gli occhiali da sole la bambina l'ombrello
7O,7OSU4,audio_4592,8,Tocca nel seguente ordine la scimmia gli occhiali da sole l'ombrello il polipo
7O,7OSU4,audio_4593,8,Tocca nel seguente ordine la scimmia gli occhiali da sole l'ombrello il gelato
7O,7OSU4,audio_4594,8,Tocca nel seguente ordine la scimmia gli occhiali da sole l'ombrello il pappagallo
7O,7OSU4,audio_4595,8,Tocca nel seguente ordine la scimmia gli occhiali da sole l'ombrello la bicicletta
7O,7OSU4,audio_4596,8,Tocca nel seguente ordine la scimmia gli occhiali da sole l'ombrello il monopattino
7O,7OSU4,audio_4597,8,Tocca nel seguente ordine la scimmia gli occhiali da sole l'ombrello la bambina
7O,7OSU4,audio_4598,8,Tocca nel seguente ordine la scimmia gli occhiali da sole l'ombrello il leone
7O,7OSU4,audio_4599,8,Tocca nel seguente ordine la scimmia la bicicletta il leone il polipo
7O,7OSU4,audio_4600,8,Tocca nel seguente ordine la scimmia la bicicletta il leone il gelato
7O,7OSU4,audio_4601,8,Tocca nel seguente ordine la scimmia la bicicletta il leone gli occhiali da sole
7O,7OSU4,audio_4602,8,Tocca nel seguente ordine la scimmia la bicicletta il leone il pappagallo
7O,7OSU4,audio_4603,8,Tocca nel seguente ordine la scimmia la bicicletta il leone il monopattino
7O,7OSU4,audio_4604,8,Tocca nel seguente ordine la scimmia la bicicletta il leone la bambina
7O,7OSU4,audio_4605,8,Tocca nel seguente ordine la scimmia la bicicletta il leone l'ombrello
7O,7OSU4,audio_4606,8,Tocca nel seguente ordine la scimmia la bicicletta il pappagallo il polipo
7O,7OSU4,audio_4607,8,Tocca nel seguente ordine la scimmia la bicicletta il pappagallo il gelato
7O,7OSU4,audio_4608,8,Tocca nel seguente ordine la scimmia la bicicletta il pappagallo gli occhiali da sole
7O,7OSU4,audio_4609,8,Tocca nel seguente ordine la scimmia la bicicletta il pappagallo il leone
7O,7OSU4,audio_4610,8,Tocca nel seguente ordine la scimmia la bicicletta il pappagallo il monopattino
7O,7OSU4,audio_4611,8,Tocca nel seguente ordine la scimmia la bicicletta il pappagallo la bambina
7O,7OSU4,audio_4612,8,Tocca nel seguente ordine la scimmia la bicicletta il pappagallo l'ombrello
7O,7OSU4,audio_4613,8,Tocca nel seguente ordine la scimmia la bicicletta il polipo il leone
7O,7OSU4,audio_4614,8,Tocca nel seguente ordine la scimmia la bicicletta il polipo il gelato
7O,7OSU4,audio_4615,8,Tocca nel seguente ordine la scimmia la bicicletta il polipo gli occhiali da sole
7O,7OSU4,audio_4616,8,Tocca nel seguente ordine la scimmia la bicicletta il polipo il pappagallo
7O,7OSU4,audio_4617,8,Tocca nel seguente ordine la scimmia la bicicletta il polipo il monopattino
7O,7OSU4,audio_4618,8,Tocca nel seguente ordine la scimmia la bicicletta il polipo la bambina
7O,7OSU4,audio_4619,8,Tocca nel seguente ordine la scimmia la bicicletta il polipo l'ombrello
7O,7OSU4,audio_4620,8,Tocca nel seguente ordine la scimmia la bicicletta il gelato il polipo
7O,7OSU4,audio_4621,8,Tocca nel seguente ordine la scimmia la bicicletta il gelato il pappagallo
7O,7OSU4,audio_4622,8,Tocca nel seguente ordine la scimmia la bicicletta il gelato gli occhiali da sole
7O,7OSU4,audio_4623,8,Tocca nel seguente ordine la scimmia la bicicletta il gelato il leone
7O,7OSU4,audio_4624,8,Tocca nel seguente ordine la scimmia la bicicletta il gelato il monopattino
7O,7OSU4,audio_4625,8,Tocca nel seguente ordine la scimmia la bicicletta il gelato la bambina
7O,7OSU4,audio_4626,8,Tocca nel seguente ordine la scimmia la bicicletta il gelato l'ombrello
7O,7OSU4,audio_4627,8,Tocca nel seguente ordine la scimmia la bicicletta gli occhiali da sole il polipo
7O,7OSU4,audio_4628,8,Tocca nel seguente ordine la scimmia la bicicletta gli occhiali da sole il gelato
7O,7OSU4,audio_4629,8,Tocca nel seguente ordine la scimmia la bicicletta gli occhiali da sole il pappagallo
7O,7OSU4,audio_4630,8,Tocca nel seguente ordine la scimmia la bicicletta gli occhiali da sole il leone
7O,7OSU4,audio_4631,8,Tocca nel seguente ordine la scimmia la bicicletta gli occhiali da sole il monopattino
7O,7OSU4,audio_4632,8,Tocca nel seguente ordine la scimmia la bicicletta gli occhiali da sole la bambina
7O,7OSU4,audio_4633,8,Tocca nel seguente ordine la scimmia la bicicletta gli occhiali da sole l'ombrello
7O,7OSU4,audio_4634,8,Tocca nel seguente ordine la scimmia la bicicletta il monopattino il polipo
7O,7OSU4,audio_4635,8,Tocca nel seguente ordine la scimmia la bicicletta il monopattino il gelato
7O,7OSU4,audio_4636,8,Tocca nel seguente ordine la scimmia la bicicletta il monopattino gli occhiali da sole
7O,7OSU4,audio_4637,8,Tocca nel seguente ordine la scimmia la bicicletta il monopattino il leone
7O,7OSU4,audio_4638,8,Tocca nel seguente ordine la scimmia la bicicletta il monopattino il pappagallo
7O,7OSU4,audio_4639,8,Tocca nel seguente ordine la scimmia la bicicletta il monopattino la bambina
7O,7OSU4,audio_4640,8,Tocca nel seguente ordine la scimmia la bicicletta il monopattino l'ombrello
7O,7OSU4,audio_4641,8,Tocca nel seguente ordine la scimmia la bicicletta la bambina il polipo
7O,7OSU4,audio_4642,8,Tocca nel seguente ordine la scimmia la bicicletta la bambina il gelato
7O,7OSU4,audio_4643,8,Tocca nel seguente ordine la scimmia la bicicletta la bambina gli occhiali da sole
7O,7OSU4,audio_4644,8,Tocca nel seguente ordine la scimmia la bicicletta la bambina il leone
7O,7OSU4,audio_4645,8,Tocca nel seguente ordine la scimmia la bicicletta la bambina il monopattino
7O,7OSU4,audio_4646,8,Tocca nel seguente ordine la scimmia la bicicletta la bambina il pappagallo
7O,7OSU4,audio_4647,8,Tocca nel seguente ordine la scimmia la bicicletta la bambina l'ombrello
7O,7OSU4,audio_4648,8,Tocca nel seguente ordine la scimmia la bicicletta l'ombrello il polipo
7O,7OSU4,audio_4649,8,Tocca nel seguente ordine la scimmia la bicicletta l'ombrello il gelato
7O,7OSU4,audio_4650,8,Tocca nel seguente ordine la scimmia la bicicletta l'ombrello gli occhiali da sole
7O,7OSU4,audio_4651,8,Tocca nel seguente ordine la scimmia la bicicletta l'ombrello il pappagallo
7O,7OSU4,audio_4652,8,Tocca nel seguente ordine la scimmia la bicicletta l'ombrello il monopattino
7O,7OSU4,audio_4653,8,Tocca nel seguente ordine la scimmia la bicicletta l'ombrello la bambina
7O,7OSU4,audio_4654,8,Tocca nel seguente ordine la scimmia la bicicletta l'ombrello il leone
7O,7OSU4,audio_4655,8,Tocca nel seguente ordine la scimmia il monopattino il leone il polipo
7O,7OSU4,audio_4656,8,Tocca nel seguente ordine la scimmia il monopattino il leone il gelato
7O,7OSU4,audio_4657,8,Tocca nel seguente ordine la scimmia il monopattino il leone gli occhiali da sole
7O,7OSU4,audio_4658,8,Tocca nel seguente ordine la scimmia il monopattino il leone la bicicletta
7O,7OSU4,audio_4659,8,Tocca nel seguente ordine la scimmia il monopattino il leone il pappagallo
7O,7OSU4,audio_4660,8,Tocca nel seguente ordine la scimmia il monopattino il leone la bambina
7O,7OSU4,audio_4661,8,Tocca nel seguente ordine la scimmia il monopattino il leone l'ombrello
7O,7OSU4,audio_4662,8,Tocca nel seguente ordine la scimmia il monopattino il pappagallo il polipo
7O,7OSU4,audio_4663,8,Tocca nel seguente ordine la scimmia il monopattino il pappagallo il gelato
7O,7OSU4,audio_4664,8,Tocca nel seguente ordine la scimmia il monopattino il pappagallo gli occhiali da sole
7O,7OSU4,audio_4665,8,Tocca nel seguente ordine la scimmia il monopattino il pappagallo la bicicletta
7O,7OSU4,audio_4666,8,Tocca nel seguente ordine la scimmia il monopattino il pappagallo il leone
7O,7OSU4,audio_4667,8,Tocca nel seguente ordine la scimmia il monopattino il pappagallo la bambina
7O,7OSU4,audio_4668,8,Tocca nel seguente ordine la scimmia il monopattino il pappagallo l'ombrello
7O,7OSU4,audio_4669,8,Tocca nel seguente ordine la scimmia il monopattino il polipo il pappagallo
7O,7OSU4,audio_4670,8,Tocca nel seguente ordine la scimmia il monopattino il polipo il gelato
7O,7OSU4,audio_4671,8,Tocca nel seguente ordine la scimmia il monopattino il polipo gli occhiali da sole
7O,7OSU4,audio_4672,8,Tocca nel seguente ordine la scimmia il monopattino il polipo la bicicletta
7O,7OSU4,audio_4673,8,Tocca nel seguente ordine la scimmia il monopattino il polipo il leone
7O,7OSU4,audio_4674,8,Tocca nel seguente ordine la scimmia il monopattino il polipo la bambina
7O,7OSU4,audio_4675,8,Tocca nel seguente ordine la scimmia il monopattino il polipo l'ombrello
7O,7OSU4,audio_4676,8,Tocca nel seguente ordine la scimmia il monopattino il gelato il polipo
7O,7OSU4,audio_4677,8,Tocca nel seguente ordine la scimmia il monopattino il gelato il pappagallo
7O,7OSU4,audio_4678,8,Tocca nel seguente ordine la scimmia il monopattino il gelato gli occhiali da sole
7O,7OSU4,audio_4679,8,Tocca nel seguente ordine la scimmia il monopattino il gelato la bicicletta
7O,7OSU4,audio_4680,8,Tocca nel seguente ordine la scimmia il monopattino il gelato il leone
7O,7OSU4,audio_4681,8,Tocca nel seguente ordine la scimmia il monopattino il gelato la bambina
7O,7OSU4,audio_4682,8,Tocca nel seguente ordine la scimmia il monopattino il gelato l'ombrello
7O,7OSU4,audio_4683,8,Tocca nel seguente ordine la scimmia il monopattino gli occhiali da sole il polipo
7O,7OSU4,audio_4684,8,Tocca nel seguente ordine la scimmia il monopattino gli occhiali da sole il gelato
7O,7OSU4,audio_4685,8,Tocca nel seguente ordine la scimmia il monopattino gli occhiali da sole il leone
7O,7OSU4,audio_4686,8,Tocca nel seguente ordine la scimmia il monopattino gli occhiali da sole la bicicletta
7O,7OSU4,audio_4687,8,Tocca nel seguente ordine la scimmia il monopattino gli occhiali da sole il pappagallo
7O,7OSU4,audio_4688,8,Tocca nel seguente ordine la scimmia il monopattino gli occhiali da sole la bambina
7O,7OSU4,audio_4689,8,Tocca nel seguente ordine la scimmia il monopattino gli occhiali da sole l'ombrello
7O,7OSU4,audio_4690,8,Tocca nel seguente ordine la scimmia il monopattino la bicicletta il polipo
7O,7OSU4,audio_4691,8,Tocca nel seguente ordine la scimmia il monopattino la bicicletta il gelato
7O,7OSU4,audio_4692,8,Tocca nel seguente ordine la scimmia il monopattino la bicicletta gli occhiali da sole
7O,7OSU4,audio_4693,8,Tocca nel seguente ordine la scimmia il monopattino la bicicletta il leone
7O,7OSU4,audio_4694,8,Tocca nel seguente ordine la scimmia il monopattino la bicicletta il pappagallo
7O,7OSU4,audio_4695,8,Tocca nel seguente ordine la scimmia il monopattino la bicicletta la bambina
7O,7OSU4,audio_4696,8,Tocca nel seguente ordine la scimmia il monopattino la bicicletta l'ombrello
7O,7OSU4,audio_4697,8,Tocca nel seguente ordine la scimmia il monopattino la bambina il polipo
7O,7OSU4,audio_4698,8,Tocca nel seguente ordine la scimmia il monopattino la bambina il gelato
7O,7OSU4,audio_4699,8,Tocca nel seguente ordine la scimmia il monopattino la bambina gli occhiali da sole
7O,7OSU4,audio_4700,8,Tocca nel seguente ordine la scimmia il monopattino la bambina il leone
7O,7OSU4,audio_4701,8,Tocca nel seguente ordine la scimmia il monopattino la bambina la bicicletta
7O,7OSU4,audio_4702,8,Tocca nel seguente ordine la scimmia il monopattino la bambina il pappagallo
7O,7OSU4,audio_4703,8,Tocca nel seguente ordine la scimmia il monopattino la bambina l'ombrello
7O,7OSU4,audio_4704,8,Tocca nel seguente ordine la scimmia il monopattino l'ombrello il polipo
7O,7OSU4,audio_4705,8,Tocca nel seguente ordine la scimmia il monopattino l'ombrello il gelato
7O,7OSU4,audio_4706,8,Tocca nel seguente ordine la scimmia il monopattino l'ombrello gli occhiali da sole
7O,7OSU4,audio_4707,8,Tocca nel seguente ordine la scimmia il monopattino l'ombrello la bicicletta
7O,7OSU4,audio_4708,8,Tocca nel seguente ordine la scimmia il monopattino l'ombrello il leone
7O,7OSU4,audio_4709,8,Tocca nel seguente ordine la scimmia il monopattino l'ombrello la bambina
7O,7OSU4,audio_4710,8,Tocca nel seguente ordine la scimmia il monopattino l'ombrello il pappagallo
7O,7OSU4,audio_4711,8,Tocca nel seguente ordine la scimmia la bambina il leone il polipo
7O,7OSU4,audio_4712,8,Tocca nel seguente ordine la scimmia la bambina il leone il gelato
7O,7OSU4,audio_4713,8,Tocca nel seguente ordine la scimmia la bambina il leone gli occhiali da sole
7O,7OSU4,audio_4714,8,Tocca nel seguente ordine la scimmia la bambina il leone la bicicletta
7O,7OSU4,audio_4715,8,Tocca nel seguente ordine la scimmia la bambina il leone il monopattino
7O,7OSU4,audio_4716,8,Tocca nel seguente ordine la scimmia la bambina il leone il pappagallo
7O,7OSU4,audio_4717,8,Tocca nel seguente ordine la scimmia la bambina il leone l'ombrello
7O,7OSU4,audio_4718,8,Tocca nel seguente ordine la scimmia la bambina il pappagallo il polipo
7O,7OSU4,audio_4719,8,Tocca nel seguente ordine la scimmia la bambina il pappagallo il gelato
7O,7OSU4,audio_4720,8,Tocca nel seguente ordine la scimmia la bambina il pappagallo gli occhiali da sole
7O,7OSU4,audio_4721,8,Tocca nel seguente ordine la scimmia la bambina il pappagallo la bicicletta
7O,7OSU4,audio_4722,8,Tocca nel seguente ordine la scimmia la bambina il pappagallo il monopattino
7O,7OSU4,audio_4723,8,Tocca nel seguente ordine la scimmia la bambina il pappagallo il leone
7O,7OSU4,audio_4724,8,Tocca nel seguente ordine la scimmia la bambina il pappagallo l'ombrello
7O,7OSU4,audio_4725,8,Tocca nel seguente ordine la scimmia la bambina il polipo il pappagallo
7O,7OSU4,audio_4726,8,Tocca nel seguente ordine la scimmia la bambina il polipo il gelato
7O,7OSU4,audio_4727,8,Tocca nel seguente ordine la scimmia la bambina il polipo gli occhiali da sole
7O,7OSU4,audio_4728,8,Tocca nel seguente ordine la scimmia la bambina il polipo la bicicletta
7O,7OSU4,audio_4729,8,Tocca nel seguente ordine la scimmia la bambina il polipo il monopattino
7O,7OSU4,audio_4730,8,Tocca nel seguente ordine la scimmia la bambina il polipo il leone
7O,7OSU4,audio_4731,8,Tocca nel seguente ordine la scimmia la bambina il polipo l'ombrello
7O,7OSU4,audio_4732,8,Tocca nel seguente ordine la scimmia la bambina il gelato il polipo
7O,7OSU4,audio_4733,8,Tocca nel seguente ordine la scimmia la bambina il gelato il pappagallo
7O,7OSU4,audio_4734,8,Tocca nel seguente ordine la scimmia la bambina il gelato gli occhiali da sole
7O,7OSU4,audio_4735,8,Tocca nel seguente ordine la scimmia la bambina il gelato la bicicletta
7O,7OSU4,audio_4736,8,Tocca nel seguente ordine la scimmia la bambina il gelato il monopattino
7O,7OSU4,audio_4737,8,Tocca nel seguente ordine la scimmia la bambina il gelato il leone
7O,7OSU4,audio_4738,8,Tocca nel seguente ordine la scimmia la bambina il gelato l'ombrello
7O,7OSU4,audio_4739,8,Tocca nel seguente ordine la scimmia la bambina gli occhiali da sole il polipo
7O,7OSU4,audio_4740,8,Tocca nel seguente ordine la scimmia la bambina gli occhiali da sole il gelato
7O,7OSU4,audio_4741,8,Tocca nel seguente ordine la scimmia la bambina gli occhiali da sole il pappagallo
7O,7OSU4,audio_4742,8,Tocca nel seguente ordine la scimmia la bambina gli occhiali da sole la bicicletta
7O,7OSU4,audio_4743,8,Tocca nel seguente ordine la scimmia la bambina gli occhiali da sole il monopattino
7O,7OSU4,audio_4744,8,Tocca nel seguente ordine la scimmia la bambina gli occhiali da sole il leone
7O,7OSU4,audio_4745,8,Tocca nel seguente ordine la scimmia la bambina gli occhiali da sole l'ombrello
7O,7OSU4,audio_4746,8,Tocca nel seguente ordine la scimmia la bambina la bicicletta il polipo
7O,7OSU4,audio_4747,8,Tocca nel seguente ordine la scimmia la bambina la bicicletta il gelato
7O,7OSU4,audio_4748,8,Tocca nel seguente ordine la scimmia la bambina la bicicletta gli occhiali da sole
7O,7OSU4,audio_4749,8,Tocca nel seguente ordine la scimmia la bambina la bicicletta il pappagallo
7O,7OSU4,audio_4750,8,Tocca nel seguente ordine la scimmia la bambina la bicicletta il monopattino
7O,7OSU4,audio_4751,8,Tocca nel seguente ordine la scimmia la bambina la bicicletta il leone
7O,7OSU4,audio_4752,8,Tocca nel seguente ordine la scimmia la bambina la bicicletta l'ombrello
7O,7OSU4,audio_4753,8,Tocca nel seguente ordine la scimmia la bambina il monopattino il polipo
7O,7OSU4,audio_4754,8,Tocca nel seguente ordine la scimmia la bambina il monopattino il gelato
7O,7OSU4,audio_4755,8,Tocca nel seguente ordine la scimmia la bambina il monopattino gli occhiali da sole
7O,7OSU4,audio_4756,8,Tocca nel seguente ordine la scimmia la bambina il monopattino la bicicletta
7O,7OSU4,audio_4757,8,Tocca nel seguente ordine la scimmia la bambina il monopattino il leone
7O,7OSU4,audio_4758,8,Tocca nel seguente ordine la scimmia la bambina il monopattino il pappagallo
7O,7OSU4,audio_4759,8,Tocca nel seguente ordine la scimmia la bambina il monopattino l'ombrello
7O,7OSU4,audio_4760,8,Tocca nel seguente ordine la scimmia la bambina l'ombrello il polipo
7O,7OSU4,audio_4761,8,Tocca nel seguente ordine la scimmia la bambina l'ombrello il gelato
7O,7OSU4,audio_4762,8,Tocca nel seguente ordine la scimmia la bambina l'ombrello gli occhiali da sole
7O,7OSU4,audio_4763,8,Tocca nel seguente ordine la scimmia la bambina l'ombrello la bicicletta
7O,7OSU4,audio_4764,8,Tocca nel seguente ordine la scimmia la bambina l'ombrello il monopattino
7O,7OSU4,audio_4765,8,Tocca nel seguente ordine la scimmia la bambina l'ombrello il leone
7O,7OSU4,audio_4766,8,Tocca nel seguente ordine la scimmia la bambina l'ombrello il pappagallo
7O,7OSU4,audio_4767,8,Tocca nel seguente ordine la scimmia l'ombrello il leone il polipo
7O,7OSU4,audio_4768,8,Tocca nel seguente ordine la scimmia l'ombrello il leone il gelato
7O,7OSU4,audio_4769,8,Tocca nel seguente ordine la scimmia l'ombrello il leone gli occhiali da sole
7O,7OSU4,audio_4770,8,Tocca nel seguente ordine la scimmia l'ombrello il leone la bicicletta
7O,7OSU4,audio_4771,8,Tocca nel seguente ordine la scimmia l'ombrello il leone il monopattino
7O,7OSU4,audio_4772,8,Tocca nel seguente ordine la scimmia l'ombrello il leone la bambina
7O,7OSU4,audio_4773,8,Tocca nel seguente ordine la scimmia l'ombrello il leone il pappagallo
7O,7OSU4,audio_4774,8,Tocca nel seguente ordine la scimmia l'ombrello il pappagallo il polipo
7O,7OSU4,audio_4775,8,Tocca nel seguente ordine la scimmia l'ombrello il pappagallo il gelato
7O,7OSU4,audio_4776,8,Tocca nel seguente ordine la scimmia l'ombrello il pappagallo gli occhiali da sole
7O,7OSU4,audio_4777,8,Tocca nel seguente ordine la scimmia l'ombrello il pappagallo la bicicletta
7O,7OSU4,audio_4778,8,Tocca nel seguente ordine la scimmia l'ombrello il pappagallo il monopattino
7O,7OSU4,audio_4779,8,Tocca nel seguente ordine la scimmia l'ombrello il pappagallo la bambina
7O,7OSU4,audio_4780,8,Tocca nel seguente ordine la scimmia l'ombrello il pappagallo il leone
7O,7OSU4,audio_4781,8,Tocca nel seguente ordine la scimmia l'ombrello il polipo il leone
7O,7OSU4,audio_4782,8,Tocca nel seguente ordine la scimmia l'ombrello il polipo il gelato
7O,7OSU4,audio_4783,8,Tocca nel seguente ordine la scimmia l'ombrello il polipo gli occhiali da sole
7O,7OSU4,audio_4784,8,Tocca nel seguente ordine la scimmia l'ombrello il polipo la bicicletta
7O,7OSU4,audio_4785,8,Tocca nel seguente ordine la scimmia l'ombrello il polipo il monopattino
7O,7OSU4,audio_4786,8,Tocca nel seguente ordine la scimmia l'ombrello il polipo la bambina
7O,7OSU4,audio_4787,8,Tocca nel seguente ordine la scimmia l'ombrello il polipo il pappagallo
7O,7OSU4,audio_4788,8,Tocca nel seguente ordine la scimmia l'ombrello il gelato il polipo
7O,7OSU4,audio_4789,8,Tocca nel seguente ordine la scimmia l'ombrello il gelato il leone
7O,7OSU4,audio_4790,8,Tocca nel seguente ordine la scimmia l'ombrello il gelato gli occhiali da sole
7O,7OSU4,audio_4791,8,Tocca nel seguente ordine la scimmia l'ombrello il gelato la bicicletta
7O,7OSU4,audio_4792,8,Tocca nel seguente ordine la scimmia l'ombrello il gelato il monopattino
7O,7OSU4,audio_4793,8,Tocca nel seguente ordine la scimmia l'ombrello il gelato la bambina
7O,7OSU4,audio_4794,8,Tocca nel seguente ordine la scimmia l'ombrello il gelato il pappagallo
7O,7OSU4,audio_4795,8,Tocca nel seguente ordine la scimmia l'ombrello gli occhiali da sole il polipo
7O,7OSU4,audio_4796,8,Tocca nel seguente ordine la scimmia l'ombrello gli occhiali da sole il gelato
7O,7OSU4,audio_4797,8,Tocca nel seguente ordine la scimmia l'ombrello gli occhiali da sole il leone
7O,7OSU4,audio_4798,8,Tocca nel seguente ordine la scimmia l'ombrello gli occhiali da sole la bicicletta
7O,7OSU4,audio_4799,8,Tocca nel seguente ordine la scimmia l'ombrello gli occhiali da sole il monopattino
7O,7OSU4,audio_4800,8,Tocca nel seguente ordine la scimmia l'ombrello gli occhiali da sole la bambina
7O,7OSU4,audio_4801,8,Tocca nel seguente ordine la scimmia l'ombrello gli occhiali da sole il pappagallo
7O,7OSU4,audio_4802,8,Tocca nel seguente ordine la scimmia l'ombrello la bicicletta il polipo
7O,7OSU4,audio_4803,8,Tocca nel seguente ordine la scimmia l'ombrello la bicicletta il gelato
7O,7OSU4,audio_4804,8,Tocca nel seguente ordine la scimmia l'ombrello la bicicletta gli occhiali da sole
7O,7OSU4,audio_4805,8,Tocca nel seguente ordine la scimmia l'ombrello la bicicletta il leone
7O,7OSU4,audio_4806,8,Tocca nel seguente ordine la scimmia l'ombrello la bicicletta il monopattino
7O,7OSU4,audio_4807,8,Tocca nel seguente ordine la scimmia l'ombrello la bicicletta la bambina
7O,7OSU4,audio_4808,8,Tocca nel seguente ordine la scimmia l'ombrello la bicicletta il pappagallo
7O,7OSU4,audio_4809,8,Tocca nel seguente ordine la scimmia l'ombrello il monopattino il polipo
7O,7OSU4,audio_4810,8,Tocca nel seguente ordine la scimmia l'ombrello il monopattino il gelato
7O,7OSU4,audio_4811,8,Tocca nel seguente ordine la scimmia l'ombrello il monopattino gli occhiali da sole
7O,7OSU4,audio_4812,8,Tocca nel seguente ordine la scimmia l'ombrello il monopattino la bicicletta
7O,7OSU4,audio_4813,8,Tocca nel seguente ordine la scimmia l'ombrello il monopattino il leone
7O,7OSU4,audio_4814,8,Tocca nel seguente ordine la scimmia l'ombrello il monopattino la bambina
7O,7OSU4,audio_4815,8,Tocca nel seguente ordine la scimmia l'ombrello il monopattino il pappagallo
7O,7OSU4,audio_4816,8,Tocca nel seguente ordine la scimmia l'ombrello la bambina il polipo
7O,7OSU4,audio_4817,8,Tocca nel seguente ordine la scimmia l'ombrello la bambina il gelato
7O,7OSU4,audio_4818,8,Tocca nel seguente ordine la scimmia l'ombrello la bambina gli occhiali da sole
7O,7OSU4,audio_4819,8,Tocca nel seguente ordine la scimmia l'ombrello la bambina la bicicletta
7O,7OSU4,audio_4820,8,Tocca nel seguente ordine la scimmia l'ombrello la bambina il monopattino
7O,7OSU4,audio_4821,8,Tocca nel seguente ordine la scimmia l'ombrello la bambina il leone
7O,7OSU4,audio_4822,8,Tocca nel seguente ordine la scimmia l'ombrello la bambina il pappagallo
7O,7OSU4,audio_4823,8,Tocca nel seguente ordine il pappagallo il leone la scimmia il polipo
7O,7OSU4,audio_4824,8,Tocca nel seguente ordine il pappagallo il leone la scimmia il gelato
7O,7OSU4,audio_4825,8,Tocca nel seguente ordine il pappagallo il leone la scimmia gli occhiali da sole
7O,7OSU4,audio_4826,8,Tocca nel seguente ordine il pappagallo il leone la scimmia la bicicletta
7O,7OSU4,audio_4827,8,Tocca nel seguente ordine il pappagallo il leone la scimmia il monopattino
7O,7OSU4,audio_4828,8,Tocca nel seguente ordine il pappagallo il leone la scimmia la bambina
7O,7OSU4,audio_4829,8,Tocca nel seguente ordine il pappagallo il leone la scimmia l'ombrello
7O,7OSU4,audio_4830,8,Tocca nel seguente ordine il pappagallo il leone il polipo la scimmia
7O,7OSU4,audio_4831,8,Tocca nel seguente ordine il pappagallo il leone il polipo il gelato
7O,7OSU4,audio_4832,8,Tocca nel seguente ordine il pappagallo il leone il polipo gli occhiali da sole
7O,7OSU4,audio_4833,8,Tocca nel seguente ordine il pappagallo il leone il polipo la bicicletta
7O,7OSU4,audio_4834,8,Tocca nel seguente ordine il pappagallo il leone il polipo il monopattino
7O,7OSU4,audio_4835,8,Tocca nel seguente ordine il pappagallo il leone il polipo la bambina
7O,7OSU4,audio_4836,8,Tocca nel seguente ordine il pappagallo il leone il polipo l'ombrello
7O,7OSU4,audio_4837,8,Tocca nel seguente ordine il pappagallo il leone il gelato il polipo
7O,7OSU4,audio_4838,8,Tocca nel seguente ordine il pappagallo il leone il gelato la scimmia
7O,7OSU4,audio_4839,8,Tocca nel seguente ordine il pappagallo il leone il gelato gli occhiali da sole
7O,7OSU4,audio_4840,8,Tocca nel seguente ordine il pappagallo il leone il gelato la bicicletta
7O,7OSU4,audio_4841,8,Tocca nel seguente ordine il pappagallo il leone il gelato il monopattino
7O,7OSU4,audio_4842,8,Tocca nel seguente ordine il pappagallo il leone il gelato la bambina
7O,7OSU4,audio_4843,8,Tocca nel seguente ordine il pappagallo il leone il gelato l'ombrello
7O,7OSU4,audio_4844,8,Tocca nel seguente ordine il pappagallo il leone gli occhiali da sole il polipo
7O,7OSU4,audio_4845,8,Tocca nel seguente ordine il pappagallo il leone gli occhiali da sole il gelato
7O,7OSU4,audio_4846,8,Tocca nel seguente ordine il pappagallo il leone gli occhiali da sole la scimmia
7O,7OSU4,audio_4847,8,Tocca nel seguente ordine il pappagallo il leone gli occhiali da sole la bicicletta
7O,7OSU4,audio_4848,8,Tocca nel seguente ordine il pappagallo il leone gli occhiali da sole il monopattino
7O,7OSU4,audio_4849,8,Tocca nel seguente ordine il pappagallo il leone gli occhiali da sole la bambina
7O,7OSU4,audio_4850,8,Tocca nel seguente ordine il pappagallo il leone gli occhiali da sole l'ombrello
7O,7OSU4,audio_4851,8,Tocca nel seguente ordine il pappagallo il leone la bicicletta il polipo
7O,7OSU4,audio_4852,8,Tocca nel seguente ordine il pappagallo il leone la bicicletta il gelato
7O,7OSU4,audio_4853,8,Tocca nel seguente ordine il pappagallo il leone la bicicletta gli occhiali da sole
7O,7OSU4,audio_4854,8,Tocca nel seguente ordine il pappagallo il leone la bicicletta la scimmia
7O,7OSU4,audio_4855,8,Tocca nel seguente ordine il pappagallo il leone la bicicletta il monopattino
7O,7OSU4,audio_4856,8,Tocca nel seguente ordine il pappagallo il leone la bicicletta la bambina
7O,7OSU4,audio_4857,8,Tocca nel seguente ordine il pappagallo il leone la bicicletta l'ombrello
7O,7OSU4,audio_4858,8,Tocca nel seguente ordine il pappagallo il leone il monopattino il polipo
7O,7OSU4,audio_4859,8,Tocca nel seguente ordine il pappagallo il leone il monopattino il gelato
7O,7OSU4,audio_4860,8,Tocca nel seguente ordine il pappagallo il leone il monopattino gli occhiali da sole
7O,7OSU4,audio_4861,8,Tocca nel seguente ordine il pappagallo il leone il monopattino la bicicletta
7O,7OSU4,audio_4862,8,Tocca nel seguente ordine il pappagallo il leone il monopattino la scimmia
7O,7OSU4,audio_4863,8,Tocca nel seguente ordine il pappagallo il leone il monopattino la bambina
7O,7OSU4,audio_4864,8,Tocca nel seguente ordine il pappagallo il leone il monopattino l'ombrello
7O,7OSU4,audio_4865,8,Tocca nel seguente ordine il pappagallo il leone la bambina il polipo
7O,7OSU4,audio_4866,8,Tocca nel seguente ordine il pappagallo il leone la bambina il gelato
7O,7OSU4,audio_4867,8,Tocca nel seguente ordine il pappagallo il leone la bambina gli occhiali da sole
7O,7OSU4,audio_4868,8,Tocca nel seguente ordine il pappagallo il leone la bambina la bicicletta
7O,7OSU4,audio_4869,8,Tocca nel seguente ordine il pappagallo il leone la bambina il monopattino
7O,7OSU4,audio_4870,8,Tocca nel seguente ordine il pappagallo il leone la bambina la scimmia
7O,7OSU4,audio_4871,8,Tocca nel seguente ordine il pappagallo il leone la bambina l'ombrello
7O,7OSU4,audio_4872,8,Tocca nel seguente ordine il pappagallo il leone l'ombrello il polipo
7O,7OSU4,audio_4873,8,Tocca nel seguente ordine il pappagallo il leone l'ombrello il gelato
7O,7OSU4,audio_4874,8,Tocca nel seguente ordine il pappagallo il leone l'ombrello gli occhiali da sole
7O,7OSU4,audio_4875,8,Tocca nel seguente ordine il pappagallo il leone l'ombrello la bicicletta
7O,7OSU4,audio_4876,8,Tocca nel seguente ordine il pappagallo il leone l'ombrello il monopattino
7O,7OSU4,audio_4877,8,Tocca nel seguente ordine il pappagallo il leone l'ombrello la bambina
7O,7OSU4,audio_4878,8,Tocca nel seguente ordine il pappagallo il leone l'ombrello la scimmia
7O,7OSU4,audio_4879,8,Tocca nel seguente ordine il pappagallo la scimmia il leone il polipo
7O,7OSU4,audio_4880,8,Tocca nel seguente ordine il pappagallo la scimmia il leone il gelato
7O,7OSU4,audio_4881,8,Tocca nel seguente ordine il pappagallo la scimmia il leone gli occhiali da sole
7O,7OSU4,audio_4882,8,Tocca nel seguente ordine il pappagallo la scimmia il leone la bicicletta
7O,7OSU4,audio_4883,8,Tocca nel seguente ordine il pappagallo la scimmia il leone il monopattino
7O,7OSU4,audio_4884,8,Tocca nel seguente ordine il pappagallo la scimmia il leone la bambina
7O,7OSU4,audio_4885,8,Tocca nel seguente ordine il pappagallo la scimmia il leone l'ombrello
7O,7OSU4,audio_4886,8,Tocca nel seguente ordine il pappagallo la scimmia il polipo il leone
7O,7OSU4,audio_4887,8,Tocca nel seguente ordine il pappagallo la scimmia il polipo il gelato
7O,7OSU4,audio_4888,8,Tocca nel seguente ordine il pappagallo la scimmia il polipo gli occhiali da sole
7O,7OSU4,audio_4889,8,Tocca nel seguente ordine il pappagallo la scimmia il polipo la bicicletta
7O,7OSU4,audio_4890,8,Tocca nel seguente ordine il pappagallo la scimmia il polipo il monopattino
7O,7OSU4,audio_4891,8,Tocca nel seguente ordine il pappagallo la scimmia il polipo la bambina
7O,7OSU4,audio_4892,8,Tocca nel seguente ordine il pappagallo la scimmia il polipo l'ombrello
7O,7OSU4,audio_4893,8,Tocca nel seguente ordine il pappagallo la scimmia il gelato il polipo
7O,7OSU4,audio_4894,8,Tocca nel seguente ordine il pappagallo la scimmia il gelato il leone
7O,7OSU4,audio_4895,8,Tocca nel seguente ordine il pappagallo la scimmia il gelato gli occhiali da sole
7O,7OSU4,audio_4896,8,Tocca nel seguente ordine il pappagallo la scimmia il gelato la bicicletta
7O,7OSU4,audio_4897,8,Tocca nel seguente ordine il pappagallo la scimmia il gelato il monopattino
7O,7OSU4,audio_4898,8,Tocca nel seguente ordine il pappagallo la scimmia il gelato la bambina
7O,7OSU4,audio_4899,8,Tocca nel seguente ordine il pappagallo la scimmia il gelato l'ombrello
7O,7OSU4,audio_4900,8,Tocca nel seguente ordine il pappagallo la scimmia gli occhiali da sole il polipo
7O,7OSU4,audio_4901,8,Tocca nel seguente ordine il pappagallo la scimmia gli occhiali da sole il gelato
7O,7OSU4,audio_4902,8,Tocca nel seguente ordine il pappagallo la scimmia gli occhiali da sole il leone
7O,7OSU4,audio_4903,8,Tocca nel seguente ordine il pappagallo la scimmia gli occhiali da sole la bicicletta
7O,7OSU4,audio_4904,8,Tocca nel seguente ordine il pappagallo la scimmia gli occhiali da sole il monopattino
7O,7OSU4,audio_4905,8,Tocca nel seguente ordine il pappagallo la scimmia gli occhiali da sole la bambina
7O,7OSU4,audio_4906,8,Tocca nel seguente ordine il pappagallo la scimmia gli occhiali da sole l'ombrello
7O,7OSU4,audio_4907,8,Tocca nel seguente ordine il pappagallo la scimmia la bicicletta il polipo
7O,7OSU4,audio_4908,8,Tocca nel seguente ordine il pappagallo la scimmia la bicicletta il gelato
7O,7OSU4,audio_4909,8,Tocca nel seguente ordine il pappagallo la scimmia la bicicletta gli occhiali da sole
7O,7OSU4,audio_4910,8,Tocca nel seguente ordine il pappagallo la scimmia la bicicletta il leone
7O,7OSU4,audio_4911,8,Tocca nel seguente ordine il pappagallo la scimmia la bicicletta il monopattino
7O,7OSU4,audio_4912,8,Tocca nel seguente ordine il pappagallo la scimmia la bicicletta la bambina
7O,7OSU4,audio_4913,8,Tocca nel seguente ordine il pappagallo la scimmia la bicicletta l'ombrello
7O,7OSU4,audio_4914,8,Tocca nel seguente ordine il pappagallo la scimmia il monopattino il polipo
7O,7OSU4,audio_4915,8,Tocca nel seguente ordine il pappagallo la scimmia il monopattino il gelato
7O,7OSU4,audio_4916,8,Tocca nel seguente ordine il pappagallo la scimmia il monopattino gli occhiali da sole
7O,7OSU4,audio_4917,8,Tocca nel seguente ordine il pappagallo la scimmia il monopattino la bicicletta
7O,7OSU4,audio_4918,8,Tocca nel seguente ordine il pappagallo la scimmia il monopattino il leone
7O,7OSU4,audio_4919,8,Tocca nel seguente ordine il pappagallo la scimmia il monopattino la bambina
7O,7OSU4,audio_4920,8,Tocca nel seguente ordine il pappagallo la scimmia il monopattino l'ombrello
7O,7OSU4,audio_4921,8,Tocca nel seguente ordine il pappagallo la scimmia la bambina il polipo
7O,7OSU4,audio_4922,8,Tocca nel seguente ordine il pappagallo la scimmia la bambina il gelato
7O,7OSU4,audio_4923,8,Tocca nel seguente ordine il pappagallo la scimmia la bambina gli occhiali da sole
7O,7OSU4,audio_4924,8,Tocca nel seguente ordine il pappagallo la scimmia la bambina la bicicletta
7O,7OSU4,audio_4925,8,Tocca nel seguente ordine il pappagallo la scimmia la bambina il monopattino
7O,7OSU4,audio_4926,8,Tocca nel seguente ordine il pappagallo la scimmia la bambina il leone
7O,7OSU4,audio_4927,8,Tocca nel seguente ordine il pappagallo la scimmia la bambina l'ombrello
7O,7OSU4,audio_4928,8,Tocca nel seguente ordine il pappagallo la scimmia l'ombrello il polipo
7O,7OSU4,audio_4929,8,Tocca nel seguente ordine il pappagallo la scimmia l'ombrello il gelato
7O,7OSU4,audio_4930,8,Tocca nel seguente ordine il pappagallo la scimmia l'ombrello gli occhiali da sole
7O,7OSU4,audio_4931,8,Tocca nel seguente ordine il pappagallo la scimmia l'ombrello la bicicletta
7O,7OSU4,audio_4932,8,Tocca nel seguente ordine il pappagallo la scimmia l'ombrello il monopattino
7O,7OSU4,audio_4933,8,Tocca nel seguente ordine il pappagallo la scimmia l'ombrello la bambina
7O,7OSU4,audio_4934,8,Tocca nel seguente ordine il pappagallo la scimmia l'ombrello il leone
7O,7OSU4,audio_4935,8,Tocca nel seguente ordine il pappagallo il polipo il leone la scimmia
7O,7OSU4,audio_4936,8,Tocca nel seguente ordine il pappagallo il polipo il leone il gelato
7O,7OSU4,audio_4937,8,Tocca nel seguente ordine il pappagallo il polipo il leone gli occhiali da sole
7O,7OSU4,audio_4938,8,Tocca nel seguente ordine il pappagallo il polipo il leone la bicicletta
7O,7OSU4,audio_4939,8,Tocca nel seguente ordine il pappagallo il polipo il leone il monopattino
7O,7OSU4,audio_4940,8,Tocca nel seguente ordine il pappagallo il polipo il leone la bambina
7O,7OSU4,audio_4941,8,Tocca nel seguente ordine il pappagallo il polipo il leone l'ombrello
7O,7OSU4,audio_4942,8,Tocca nel seguente ordine il pappagallo il polipo la scimmia il leone
7O,7OSU4,audio_4943,8,Tocca nel seguente ordine il pappagallo il polipo la scimmia il gelato
7O,7OSU4,audio_4944,8,Tocca nel seguente ordine il pappagallo il polipo la scimmia gli occhiali da sole
7O,7OSU4,audio_4945,8,Tocca nel seguente ordine il pappagallo il polipo la scimmia la bicicletta
7O,7OSU4,audio_4946,8,Tocca nel seguente ordine il pappagallo il polipo la scimmia il monopattino
7O,7OSU4,audio_4947,8,Tocca nel seguente ordine il pappagallo il polipo la scimmia la bambina
7O,7OSU4,audio_4948,8,Tocca nel seguente ordine il pappagallo il polipo la scimmia l'ombrello
7O,7OSU4,audio_4949,8,Tocca nel seguente ordine il pappagallo il polipo il gelato il leone
7O,7OSU4,audio_4950,8,Tocca nel seguente ordine il pappagallo il polipo il gelato la scimmia
7O,7OSU4,audio_4951,8,Tocca nel seguente ordine il pappagallo il polipo il gelato gli occhiali da sole
7O,7OSU4,audio_4952,8,Tocca nel seguente ordine il pappagallo il polipo il gelato la bicicletta
7O,7OSU4,audio_4953,8,Tocca nel seguente ordine il pappagallo il polipo il gelato il monopattino
7O,7OSU4,audio_4954,8,Tocca nel seguente ordine il pappagallo il polipo il gelato la bambina
7O,7OSU4,audio_4955,8,Tocca nel seguente ordine il pappagallo il polipo il gelato l'ombrello
7O,7OSU4,audio_4956,8,Tocca nel seguente ordine il pappagallo il polipo gli occhiali da sole il gelato
7O,7OSU4,audio_4957,8,Tocca nel seguente ordine il pappagallo il polipo gli occhiali da sole il leone
7O,7OSU4,audio_4958,8,Tocca nel seguente ordine il pappagallo il polipo gli occhiali da sole la scimmia
7O,7OSU4,audio_4959,8,Tocca nel seguente ordine il pappagallo il polipo gli occhiali da sole la bicicletta
7O,7OSU4,audio_4960,8,Tocca nel seguente ordine il pappagallo il polipo gli occhiali da sole il monopattino
7O,7OSU4,audio_4961,8,Tocca nel seguente ordine il pappagallo il polipo gli occhiali da sole la bambina
7O,7OSU4,audio_4962,8,Tocca nel seguente ordine il pappagallo il polipo gli occhiali da sole l'ombrello
7O,7OSU4,audio_4963,8,Tocca nel seguente ordine il pappagallo il polipo la bicicletta il leone
7O,7OSU4,audio_4964,8,Tocca nel seguente ordine il pappagallo il polipo la bicicletta il gelato
7O,7OSU4,audio_4965,8,Tocca nel seguente ordine il pappagallo il polipo la bicicletta gli occhiali da sole
7O,7OSU4,audio_4966,8,Tocca nel seguente ordine il pappagallo il polipo la bicicletta la scimmia
7O,7OSU4,audio_4967,8,Tocca nel seguente ordine il pappagallo il polipo la bicicletta il monopattino
7O,7OSU4,audio_4968,8,Tocca nel seguente ordine il pappagallo il polipo la bicicletta la bambina
7O,7OSU4,audio_4969,8,Tocca nel seguente ordine il pappagallo il polipo la bicicletta l'ombrello
7O,7OSU4,audio_4970,8,Tocca nel seguente ordine il pappagallo il polipo il monopattino la scimmia
7O,7OSU4,audio_4971,8,Tocca nel seguente ordine il pappagallo il polipo il monopattino il gelato
7O,7OSU4,audio_4972,8,Tocca nel seguente ordine il pappagallo il polipo il monopattino gli occhiali da sole
7O,7OSU4,audio_4973,8,Tocca nel seguente ordine il pappagallo il polipo il monopattino la bicicletta
7O,7OSU4,audio_4974,8,Tocca nel seguente ordine il pappagallo il polipo il monopattino il leone
7O,7OSU4,audio_4975,8,Tocca nel seguente ordine il pappagallo il polipo il monopattino la bambina
7O,7OSU4,audio_4976,8,Tocca nel seguente ordine il pappagallo il polipo il monopattino l'ombrello
7O,7OSU4,audio_4977,8,Tocca nel seguente ordine il pappagallo il polipo la bambina il leone
7O,7OSU4,audio_4978,8,Tocca nel seguente ordine il pappagallo il polipo la bambina il gelato
7O,7OSU4,audio_4979,8,Tocca nel seguente ordine il pappagallo il polipo la bambina gli occhiali da sole
7O,7OSU4,audio_4980,8,Tocca nel seguente ordine il pappagallo il polipo la bambina la bicicletta
7O,7OSU4,audio_4981,8,Tocca nel seguente ordine il pappagallo il polipo la bambina il monopattino
7O,7OSU4,audio_4982,8,Tocca nel seguente ordine il pappagallo il polipo la bambina la scimmia
7O,7OSU4,audio_4983,8,Tocca nel seguente ordine il pappagallo il polipo la bambina l'ombrello
7O,7OSU4,audio_4984,8,Tocca nel seguente ordine il pappagallo il polipo l'ombrello il leone
7O,7OSU4,audio_4985,8,Tocca nel seguente ordine il pappagallo il polipo l'ombrello il gelato
7O,7OSU4,audio_4986,8,Tocca nel seguente ordine il pappagallo il polipo l'ombrello gli occhiali da sole
7O,7OSU4,audio_4987,8,Tocca nel seguente ordine il pappagallo il polipo l'ombrello la bicicletta
7O,7OSU4,audio_4988,8,Tocca nel seguente ordine il pappagallo il polipo l'ombrello il monopattino
7O,7OSU4,audio_4989,8,Tocca nel seguente ordine il pappagallo il polipo l'ombrello la bambina
7O,7OSU4,audio_4990,8,Tocca nel seguente ordine il pappagallo il polipo l'ombrello la scimmia
7O,7OSU4,audio_4991,8,Tocca nel seguente ordine il pappagallo il gelato il leone il polipo
7O,7OSU4,audio_4992,8,Tocca nel seguente ordine il pappagallo il gelato il leone la scimmia
7O,7OSU4,audio_4993,8,Tocca nel seguente ordine il pappagallo il gelato il leone gli occhiali da sole
7O,7OSU4,audio_4994,8,Tocca nel seguente ordine il pappagallo il gelato il leone la bicicletta
7O,7OSU4,audio_4995,8,Tocca nel seguente ordine il pappagallo il gelato il leone il monopattino
7O,7OSU4,audio_4996,8,Tocca nel seguente ordine il pappagallo il gelato il leone la bambina
7O,7OSU4,audio_4997,8,Tocca nel seguente ordine il pappagallo il gelato il leone l'ombrello
7O,7OSU4,audio_4998,8,Tocca nel seguente ordine il pappagallo il gelato la scimmia il polipo
7O,7OSU4,audio_4999,8,Tocca nel seguente ordine il pappagallo il gelato la scimmia il leone
7O,7OSU4,audio_5000,8,Tocca nel seguente ordine il pappagallo il gelato la scimmia gli occhiali da sole
7O,7OSU4,audio_5001,8,Tocca nel seguente ordine il pappagallo il gelato la scimmia la bicicletta
7O,7OSU4,audio_5002,8,Tocca nel seguente ordine il pappagallo il gelato la scimmia il monopattino
7O,7OSU4,audio_5003,8,Tocca nel seguente ordine il pappagallo il gelato la scimmia la bambina
7O,7OSU4,audio_5004,8,Tocca nel seguente ordine il pappagallo il gelato la scimmia l'ombrello
7O,7OSU4,audio_5005,8,Tocca nel seguente ordine il pappagallo il gelato il polipo il leone
7O,7OSU4,audio_5006,8,Tocca nel seguente ordine il pappagallo il gelato il polipo la scimmia
7O,7OSU4,audio_5007,8,Tocca nel seguente ordine il pappagallo il gelato il polipo gli occhiali da sole
7O,7OSU4,audio_5008,8,Tocca nel seguente ordine il pappagallo il gelato il polipo la bicicletta
7O,7OSU4,audio_5009,8,Tocca nel seguente ordine il pappagallo il gelato il polipo il monopattino
7O,7OSU4,audio_5010,8,Tocca nel seguente ordine il pappagallo il gelato il polipo la bambina
7O,7OSU4,audio_5011,8,Tocca nel seguente ordine il pappagallo il gelato il polipo l'ombrello
7O,7OSU4,audio_5012,8,Tocca nel seguente ordine il pappagallo il gelato gli occhiali da sole il polipo
7O,7OSU4,audio_5013,8,Tocca nel seguente ordine il pappagallo il gelato gli occhiali da sole il leone
7O,7OSU4,audio_5014,8,Tocca nel seguente ordine il pappagallo il gelato gli occhiali da sole la scimmia
7O,7OSU4,audio_5015,8,Tocca nel seguente ordine il pappagallo il gelato gli occhiali da sole la bicicletta
7O,7OSU4,audio_5016,8,Tocca nel seguente ordine il pappagallo il gelato gli occhiali da sole il monopattino
7O,7OSU4,audio_5017,8,Tocca nel seguente ordine il pappagallo il gelato gli occhiali da sole la bambina
7O,7OSU4,audio_5018,8,Tocca nel seguente ordine il pappagallo il gelato gli occhiali da sole l'ombrello
7O,7OSU4,audio_5019,8,Tocca nel seguente ordine il pappagallo il gelato la bicicletta il polipo
7O,7OSU4,audio_5020,8,Tocca nel seguente ordine il pappagallo il gelato la bicicletta il leone
7O,7OSU4,audio_5021,8,Tocca nel seguente ordine il pappagallo il gelato la bicicletta gli occhiali da sole
7O,7OSU4,audio_5022,8,Tocca nel seguente ordine il pappagallo il gelato la bicicletta la scimmia
7O,7OSU4,audio_5023,8,Tocca nel seguente ordine il pappagallo il gelato la bicicletta il monopattino
7O,7OSU4,audio_5024,8,Tocca nel seguente ordine il pappagallo il gelato la bicicletta la bambina
7O,7OSU4,audio_5025,8,Tocca nel seguente ordine il pappagallo il gelato la bicicletta l'ombrello
7O,7OSU4,audio_5026,8,Tocca nel seguente ordine il pappagallo il gelato il monopattino il polipo
7O,7OSU4,audio_5027,8,Tocca nel seguente ordine il pappagallo il gelato il monopattino il leone
7O,7OSU4,audio_5028,8,Tocca nel seguente ordine il pappagallo il gelato il monopattino gli occhiali da sole
7O,7OSU4,audio_5029,8,Tocca nel seguente ordine il pappagallo il gelato il monopattino la bicicletta
7O,7OSU4,audio_5030,8,Tocca nel seguente ordine il pappagallo il gelato il monopattino la scimmia
7O,7OSU4,audio_5031,8,Tocca nel seguente ordine il pappagallo il gelato il monopattino la bambina
7O,7OSU4,audio_5032,8,Tocca nel seguente ordine il pappagallo il gelato il monopattino l'ombrello
7O,7OSU4,audio_5033,8,Tocca nel seguente ordine il pappagallo il gelato la bambina il polipo
7O,7OSU4,audio_5034,8,Tocca nel seguente ordine il pappagallo il gelato la bambina il leone
7O,7OSU4,audio_5035,8,Tocca nel seguente ordine il pappagallo il gelato la bambina gli occhiali da sole
7O,7OSU4,audio_5036,8,Tocca nel seguente ordine il pappagallo il gelato la bambina la bicicletta
7O,7OSU4,audio_5037,8,Tocca nel seguente ordine il pappagallo il gelato la bambina il monopattino
7O,7OSU4,audio_5038,8,Tocca nel seguente ordine il pappagallo il gelato la bambina la scimmia
7O,7OSU4,audio_5039,8,Tocca nel seguente ordine il pappagallo il gelato la bambina l'ombrello
7O,7OSU4,audio_5040,8,Tocca nel seguente ordine il pappagallo il gelato l'ombrello il polipo
7O,7OSU4,audio_5041,8,Tocca nel seguente ordine il pappagallo il gelato l'ombrello il leone
7O,7OSU4,audio_5042,8,Tocca nel seguente ordine il pappagallo il gelato l'ombrello gli occhiali da sole
7O,7OSU4,audio_5043,8,Tocca nel seguente ordine il pappagallo il gelato l'ombrello la bicicletta
7O,7OSU4,audio_5044,8,Tocca nel seguente ordine il pappagallo il gelato l'ombrello il monopattino
7O,7OSU4,audio_5045,8,Tocca nel seguente ordine il pappagallo il gelato l'ombrello la bambina
7O,7OSU4,audio_5046,8,Tocca nel seguente ordine il pappagallo il gelato l'ombrello la scimmia
7O,7OSU4,audio_5047,8,Tocca nel seguente ordine il pappagallo gli occhiali da sole il leone il polipo
7O,7OSU4,audio_5048,8,Tocca nel seguente ordine il pappagallo gli occhiali da sole il leone il gelato
7O,7OSU4,audio_5049,8,Tocca nel seguente ordine il pappagallo gli occhiali da sole il leone la scimmia
7O,7OSU4,audio_5050,8,Tocca nel seguente ordine il pappagallo gli occhiali da sole il leone la bicicletta
7O,7OSU4,audio_5051,8,Tocca nel seguente ordine il pappagallo gli occhiali da sole il leone il monopattino
7O,7OSU4,audio_5052,8,Tocca nel seguente ordine il pappagallo gli occhiali da sole il leone la bambina
7O,7OSU4,audio_5053,8,Tocca nel seguente ordine il pappagallo gli occhiali da sole il leone l'ombrello
7O,7OSU4,audio_5054,8,Tocca nel seguente ordine il pappagallo gli occhiali da sole la scimmia il polipo
7O,7OSU4,audio_5055,8,Tocca nel seguente ordine il pappagallo gli occhiali da sole la scimmia il gelato
7O,7OSU4,audio_5056,8,Tocca nel seguente ordine il pappagallo gli occhiali da sole la scimmia il leone
7O,7OSU4,audio_5057,8,Tocca nel seguente ordine il pappagallo gli occhiali da sole la scimmia la bicicletta
7O,7OSU4,audio_5058,8,Tocca nel seguente ordine il pappagallo gli occhiali da sole la scimmia il monopattino
7O,7OSU4,audio_5059,8,Tocca nel seguente ordine il pappagallo gli occhiali da sole la scimmia la bambina
7O,7OSU4,audio_5060,8,Tocca nel seguente ordine il pappagallo gli occhiali da sole la scimmia l'ombrello
7O,7OSU4,audio_5061,8,Tocca nel seguente ordine il pappagallo gli occhiali da sole il polipo il leone
7O,7OSU4,audio_5062,8,Tocca nel seguente ordine il pappagallo gli occhiali da sole il polipo il gelato
7O,7OSU4,audio_5063,8,Tocca nel seguente ordine il pappagallo gli occhiali da sole il polipo la scimmia
7O,7OSU4,audio_5064,8,Tocca nel seguente ordine il pappagallo gli occhiali da sole il polipo la bicicletta
7O,7OSU4,audio_5065,8,Tocca nel seguente ordine il pappagallo gli occhiali da sole il polipo il monopattino
7O,7OSU4,audio_5066,8,Tocca nel seguente ordine il pappagallo gli occhiali da sole il polipo la bambina
7O,7OSU4,audio_5067,8,Tocca nel seguente ordine il pappagallo gli occhiali da sole il polipo l'ombrello
7O,7OSU4,audio_5068,8,Tocca nel seguente ordine il pappagallo gli occhiali da sole il gelato il polipo
7O,7OSU4,audio_5069,8,Tocca nel seguente ordine il pappagallo gli occhiali da sole il gelato il leone
7O,7OSU4,audio_5070,8,Tocca nel seguente ordine il pappagallo gli occhiali da sole il gelato la scimmia
7O,7OSU4,audio_5071,8,Tocca nel seguente ordine il pappagallo gli occhiali da sole il gelato la bicicletta
7O,7OSU4,audio_5072,8,Tocca nel seguente ordine il pappagallo gli occhiali da sole il gelato il monopattino
7O,7OSU4,audio_5073,8,Tocca nel seguente ordine il pappagallo gli occhiali da sole il gelato la bambina
7O,7OSU4,audio_5074,8,Tocca nel seguente ordine il pappagallo gli occhiali da sole il gelato l'ombrello
7O,7OSU4,audio_5075,8,Tocca nel seguente ordine il pappagallo gli occhiali da sole la bicicletta il polipo
7O,7OSU4,audio_5076,8,Tocca nel seguente ordine il pappagallo gli occhiali da sole la bicicletta il gelato
7O,7OSU4,audio_5077,8,Tocca nel seguente ordine il pappagallo gli occhiali da sole la bicicletta il leone
7O,7OSU4,audio_5078,8,Tocca nel seguente ordine il pappagallo gli occhiali da sole la bicicletta la scimmia
7O,7OSU4,audio_5079,8,Tocca nel seguente ordine il pappagallo gli occhiali da sole la bicicletta il monopattino
7O,7OSU4,audio_5080,8,Tocca nel seguente ordine il pappagallo gli occhiali da sole la bicicletta la bambina
7O,7OSU4,audio_5081,8,Tocca nel seguente ordine il pappagallo gli occhiali da sole la bicicletta l'ombrello
7O,7OSU4,audio_5082,8,Tocca nel seguente ordine il pappagallo gli occhiali da sole il monopattino il polipo
7O,7OSU4,audio_5083,8,Tocca nel seguente ordine il pappagallo gli occhiali da sole il monopattino il gelato
7O,7OSU4,audio_5084,8,Tocca nel seguente ordine il pappagallo gli occhiali da sole il monopattino la scimmia
7O,7OSU4,audio_5085,8,Tocca nel seguente ordine il pappagallo gli occhiali da sole il monopattino la bicicletta
7O,7OSU4,audio_5086,8,Tocca nel seguente ordine il pappagallo gli occhiali da sole il monopattino il leone
7O,7OSU4,audio_5087,8,Tocca nel seguente ordine il pappagallo gli occhiali da sole il monopattino la bambina
7O,7OSU4,audio_5088,8,Tocca nel seguente ordine il pappagallo gli occhiali da sole il monopattino l'ombrello
7O,7OSU4,audio_5089,8,Tocca nel seguente ordine il pappagallo gli occhiali da sole la bambina il polipo
7O,7OSU4,audio_5090,8,Tocca nel seguente ordine il pappagallo gli occhiali da sole la bambina il gelato
7O,7OSU4,audio_5091,8,Tocca nel seguente ordine il pappagallo gli occhiali da sole la bambina la scimmia
7O,7OSU4,audio_5092,8,Tocca nel seguente ordine il pappagallo gli occhiali da sole la bambina la bicicletta
7O,7OSU4,audio_5093,8,Tocca nel seguente ordine il pappagallo gli occhiali da sole la bambina il monopattino
7O,7OSU4,audio_5094,8,Tocca nel seguente ordine il pappagallo gli occhiali da sole la bambina il leone
7O,7OSU4,audio_5095,8,Tocca nel seguente ordine il pappagallo gli occhiali da sole la bambina l'ombrello
7O,7OSU4,audio_5096,8,Tocca nel seguente ordine il pappagallo gli occhiali da sole l'ombrello il polipo
7O,7OSU4,audio_5097,8,Tocca nel seguente ordine il pappagallo gli occhiali da sole l'ombrello il gelato
7O,7OSU4,audio_5098,8,Tocca nel seguente ordine il pappagallo gli occhiali da sole l'ombrello il leone
7O,7OSU4,audio_5099,8,Tocca nel seguente ordine il pappagallo gli occhiali da sole l'ombrello la bicicletta
7O,7OSU4,audio_5100,8,Tocca nel seguente ordine il pappagallo gli occhiali da sole l'ombrello il monopattino
7O,7OSU4,audio_5101,8,Tocca nel seguente ordine il pappagallo gli occhiali da sole l'ombrello la bambina
7O,7OSU4,audio_5102,8,Tocca nel seguente ordine il pappagallo gli occhiali da sole l'ombrello la scimmia
7O,7OSU4,audio_5103,8,Tocca nel seguente ordine il pappagallo la bicicletta il leone il polipo
7O,7OSU4,audio_5104,8,Tocca nel seguente ordine il pappagallo la bicicletta il leone il gelato
7O,7OSU4,audio_5105,8,Tocca nel seguente ordine il pappagallo la bicicletta il leone gli occhiali da sole
7O,7OSU4,audio_5106,8,Tocca nel seguente ordine il pappagallo la bicicletta il leone la scimmia
7O,7OSU4,audio_5107,8,Tocca nel seguente ordine il pappagallo la bicicletta il leone il monopattino
7O,7OSU4,audio_5108,8,Tocca nel seguente ordine il pappagallo la bicicletta il leone la bambina
7O,7OSU4,audio_5109,8,Tocca nel seguente ordine il pappagallo la bicicletta il leone l'ombrello
7O,7OSU4,audio_5110,8,Tocca nel seguente ordine il pappagallo la bicicletta la scimmia il polipo
7O,7OSU4,audio_5111,8,Tocca nel seguente ordine il pappagallo la bicicletta la scimmia il gelato
7O,7OSU4,audio_5112,8,Tocca nel seguente ordine il pappagallo la bicicletta la scimmia gli occhiali da sole
7O,7OSU4,audio_5113,8,Tocca nel seguente ordine il pappagallo la bicicletta la scimmia il leone
7O,7OSU4,audio_5114,8,Tocca nel seguente ordine il pappagallo la bicicletta la scimmia il monopattino
7O,7OSU4,audio_5115,8,Tocca nel seguente ordine il pappagallo la bicicletta la scimmia la bambina
7O,7OSU4,audio_5116,8,Tocca nel seguente ordine il pappagallo la bicicletta la scimmia l'ombrello
7O,7OSU4,audio_5117,8,Tocca nel seguente ordine il pappagallo la bicicletta il polipo il leone
7O,7OSU4,audio_5118,8,Tocca nel seguente ordine il pappagallo la bicicletta il polipo il gelato
7O,7OSU4,audio_5119,8,Tocca nel seguente ordine il pappagallo la bicicletta il polipo gli occhiali da sole
7O,7OSU4,audio_5120,8,Tocca nel seguente ordine il pappagallo la bicicletta il polipo la scimmia
7O,7OSU4,audio_5121,8,Tocca nel seguente ordine il pappagallo la bicicletta il polipo il monopattino
7O,7OSU4,audio_5122,8,Tocca nel seguente ordine il pappagallo la bicicletta il polipo la bambina
7O,7OSU4,audio_5123,8,Tocca nel seguente ordine il pappagallo la bicicletta il polipo l'ombrello
7O,7OSU4,audio_5124,8,Tocca nel seguente ordine il pappagallo la bicicletta il gelato il polipo
7O,7OSU4,audio_5125,8,Tocca nel seguente ordine il pappagallo la bicicletta il gelato il leone
7O,7OSU4,audio_5126,8,Tocca nel seguente ordine il pappagallo la bicicletta il gelato gli occhiali da sole
7O,7OSU4,audio_5127,8,Tocca nel seguente ordine il pappagallo la bicicletta il gelato la scimmia
7O,7OSU4,audio_5128,8,Tocca nel seguente ordine il pappagallo la bicicletta il gelato il monopattino
7O,7OSU4,audio_5129,8,Tocca nel seguente ordine il pappagallo la bicicletta il gelato la bambina
7O,7OSU4,audio_5130,8,Tocca nel seguente ordine il pappagallo la bicicletta il gelato l'ombrello
7O,7OSU4,audio_5131,8,Tocca nel seguente ordine il pappagallo la bicicletta gli occhiali da sole il polipo
7O,7OSU4,audio_5132,8,Tocca nel seguente ordine il pappagallo la bicicletta gli occhiali da sole il gelato
7O,7OSU4,audio_5133,8,Tocca nel seguente ordine il pappagallo la bicicletta gli occhiali da sole il leone
7O,7OSU4,audio_5134,8,Tocca nel seguente ordine il pappagallo la bicicletta gli occhiali da sole la scimmia
7O,7OSU4,audio_5135,8,Tocca nel seguente ordine il pappagallo la bicicletta gli occhiali da sole il monopattino
7O,7OSU4,audio_5136,8,Tocca nel seguente ordine il pappagallo la bicicletta gli occhiali da sole la bambina
7O,7OSU4,audio_5137,8,Tocca nel seguente ordine il pappagallo la bicicletta gli occhiali da sole l'ombrello
7O,7OSU4,audio_5138,8,Tocca nel seguente ordine il pappagallo la bicicletta il monopattino il polipo
7O,7OSU4,audio_5139,8,Tocca nel seguente ordine il pappagallo la bicicletta il monopattino il gelato
7O,7OSU4,audio_5140,8,Tocca nel seguente ordine il pappagallo la bicicletta il monopattino gli occhiali da sole
7O,7OSU4,audio_5141,8,Tocca nel seguente ordine il pappagallo la bicicletta il monopattino la scimmia
7O,7OSU4,audio_5142,8,Tocca nel seguente ordine il pappagallo la bicicletta il monopattino il leone
7O,7OSU4,audio_5143,8,Tocca nel seguente ordine il pappagallo la bicicletta il monopattino la bambina
7O,7OSU4,audio_5144,8,Tocca nel seguente ordine il pappagallo la bicicletta il monopattino l'ombrello
7O,7OSU4,audio_5145,8,Tocca nel seguente ordine il pappagallo la bicicletta la bambina il polipo
7O,7OSU4,audio_5146,8,Tocca nel seguente ordine il pappagallo la bicicletta la bambina il gelato
7O,7OSU4,audio_5147,8,Tocca nel seguente ordine il pappagallo la bicicletta la bambina gli occhiali da sole
7O,7OSU4,audio_5148,8,Tocca nel seguente ordine il pappagallo la bicicletta la bambina la scimmia
7O,7OSU4,audio_5149,8,Tocca nel seguente ordine il pappagallo la bicicletta la bambina il monopattino
7O,7OSU4,audio_5150,8,Tocca nel seguente ordine il pappagallo la bicicletta la bambina il leone
7O,7OSU4,audio_5151,8,Tocca nel seguente ordine il pappagallo la bicicletta la bambina l'ombrello
7O,7OSU4,audio_5152,8,Tocca nel seguente ordine il pappagallo la bicicletta l'ombrello il polipo
7O,7OSU4,audio_5153,8,Tocca nel seguente ordine il pappagallo la bicicletta l'ombrello il gelato
7O,7OSU4,audio_5154,8,Tocca nel seguente ordine il pappagallo la bicicletta l'ombrello gli occhiali da sole
7O,7OSU4,audio_5155,8,Tocca nel seguente ordine il pappagallo la bicicletta l'ombrello la scimmia
7O,7OSU4,audio_5156,8,Tocca nel seguente ordine il pappagallo la bicicletta l'ombrello il monopattino
7O,7OSU4,audio_5157,8,Tocca nel seguente ordine il pappagallo la bicicletta l'ombrello la bambina
7O,7OSU4,audio_5158,8,Tocca nel seguente ordine il pappagallo la bicicletta l'ombrello il leone
7O,7OSU4,audio_5159,8,Tocca nel seguente ordine il pappagallo il monopattino il leone il polipo
7O,7OSU4,audio_5160,8,Tocca nel seguente ordine il pappagallo il monopattino il leone il gelato
7O,7OSU4,audio_5161,8,Tocca nel seguente ordine il pappagallo il monopattino il leone gli occhiali da sole
7O,7OSU4,audio_5162,8,Tocca nel seguente ordine il pappagallo il monopattino il leone la bicicletta
7O,7OSU4,audio_5163,8,Tocca nel seguente ordine il pappagallo il monopattino il leone la scimmia
7O,7OSU4,audio_5164,8,Tocca nel seguente ordine il pappagallo il monopattino il leone la bambina
7O,7OSU4,audio_5165,8,Tocca nel seguente ordine il pappagallo il monopattino il leone l'ombrello
7O,7OSU4,audio_5166,8,Tocca nel seguente ordine il pappagallo il monopattino la scimmia il polipo
7O,7OSU4,audio_5167,8,Tocca nel seguente ordine il pappagallo il monopattino la scimmia il gelato
7O,7OSU4,audio_5168,8,Tocca nel seguente ordine il pappagallo il monopattino la scimmia gli occhiali da sole
7O,7OSU4,audio_5169,8,Tocca nel seguente ordine il pappagallo il monopattino la scimmia la bicicletta
7O,7OSU4,audio_5170,8,Tocca nel seguente ordine il pappagallo il monopattino la scimmia il leone
7O,7OSU4,audio_5171,8,Tocca nel seguente ordine il pappagallo il monopattino la scimmia la bambina
7O,7OSU4,audio_5172,8,Tocca nel seguente ordine il pappagallo il monopattino la scimmia l'ombrello
7O,7OSU4,audio_5173,8,Tocca nel seguente ordine il pappagallo il monopattino il polipo la scimmia
7O,7OSU4,audio_5174,8,Tocca nel seguente ordine il pappagallo il monopattino il polipo il gelato
7O,7OSU4,audio_5175,8,Tocca nel seguente ordine il pappagallo il monopattino il polipo gli occhiali da sole
7O,7OSU4,audio_5176,8,Tocca nel seguente ordine il pappagallo il monopattino il polipo la bicicletta
7O,7OSU4,audio_5177,8,Tocca nel seguente ordine il pappagallo il monopattino il polipo il leone
7O,7OSU4,audio_5178,8,Tocca nel seguente ordine il pappagallo il monopattino il polipo la bambina
7O,7OSU4,audio_5179,8,Tocca nel seguente ordine il pappagallo il monopattino il polipo l'ombrello
7O,7OSU4,audio_5180,8,Tocca nel seguente ordine il pappagallo il monopattino il gelato il polipo
7O,7OSU4,audio_5181,8,Tocca nel seguente ordine il pappagallo il monopattino il gelato il leone
7O,7OSU4,audio_5182,8,Tocca nel seguente ordine il pappagallo il monopattino il gelato gli occhiali da sole
7O,7OSU4,audio_5183,8,Tocca nel seguente ordine il pappagallo il monopattino il gelato la bicicletta
7O,7OSU4,audio_5184,8,Tocca nel seguente ordine il pappagallo il monopattino il gelato la scimmia
7O,7OSU4,audio_5185,8,Tocca nel seguente ordine il pappagallo il monopattino il gelato la bambina
7O,7OSU4,audio_5186,8,Tocca nel seguente ordine il pappagallo il monopattino il gelato l'ombrello
7O,7OSU4,audio_5187,8,Tocca nel seguente ordine il pappagallo il monopattino gli occhiali da sole il polipo
7O,7OSU4,audio_5188,8,Tocca nel seguente ordine il pappagallo il monopattino gli occhiali da sole il gelato
7O,7OSU4,audio_5189,8,Tocca nel seguente ordine il pappagallo il monopattino gli occhiali da sole il leone
7O,7OSU4,audio_5190,8,Tocca nel seguente ordine il pappagallo il monopattino gli occhiali da sole la bicicletta
7O,7OSU4,audio_5191,8,Tocca nel seguente ordine il pappagallo il monopattino gli occhiali da sole la scimmia
7O,7OSU4,audio_5192,8,Tocca nel seguente ordine il pappagallo il monopattino gli occhiali da sole la bambina
7O,7OSU4,audio_5193,8,Tocca nel seguente ordine il pappagallo il monopattino gli occhiali da sole l'ombrello
7O,7OSU4,audio_5194,8,Tocca nel seguente ordine il pappagallo il monopattino la bicicletta il polipo
7O,7OSU4,audio_5195,8,Tocca nel seguente ordine il pappagallo il monopattino la bicicletta il gelato
7O,7OSU4,audio_5196,8,Tocca nel seguente ordine il pappagallo il monopattino la bicicletta gli occhiali da sole
7O,7OSU4,audio_5197,8,Tocca nel seguente ordine il pappagallo il monopattino la bicicletta il leone
7O,7OSU4,audio_5198,8,Tocca nel seguente ordine il pappagallo il monopattino la bicicletta la scimmia
7O,7OSU4,audio_5199,8,Tocca nel seguente ordine il pappagallo il monopattino la bicicletta la bambina
7O,7OSU4,audio_5200,8,Tocca nel seguente ordine il pappagallo il monopattino la bicicletta l'ombrello
7O,7OSU4,audio_5201,8,Tocca nel seguente ordine il pappagallo il monopattino la bambina il polipo
7O,7OSU4,audio_5202,8,Tocca nel seguente ordine il pappagallo il monopattino la bambina il gelato
7O,7OSU4,audio_5203,8,Tocca nel seguente ordine il pappagallo il monopattino la bambina gli occhiali da sole
7O,7OSU4,audio_5204,8,Tocca nel seguente ordine il pappagallo il monopattino la bambina la bicicletta
7O,7OSU4,audio_5205,8,Tocca nel seguente ordine il pappagallo il monopattino la bambina la scimmia
7O,7OSU4,audio_5206,8,Tocca nel seguente ordine il pappagallo il monopattino la bambina il leone
7O,7OSU4,audio_5207,8,Tocca nel seguente ordine il pappagallo il monopattino la bambina l'ombrello
7O,7OSU4,audio_5208,8,Tocca nel seguente ordine il pappagallo il monopattino l'ombrello il polipo
7O,7OSU4,audio_5209,8,Tocca nel seguente ordine il pappagallo il monopattino l'ombrello il gelato
7O,7OSU4,audio_5210,8,Tocca nel seguente ordine il pappagallo il monopattino l'ombrello gli occhiali da sole
7O,7OSU4,audio_5211,8,Tocca nel seguente ordine il pappagallo il monopattino l'ombrello la bicicletta
7O,7OSU4,audio_5212,8,Tocca nel seguente ordine il pappagallo il monopattino l'ombrello la scimmia
7O,7OSU4,audio_5213,8,Tocca nel seguente ordine il pappagallo il monopattino l'ombrello la bambina
7O,7OSU4,audio_5214,8,Tocca nel seguente ordine il pappagallo il monopattino l'ombrello il leone
7O,7OSU4,audio_5215,8,Tocca nel seguente ordine il pappagallo la bambina il leone il polipo
7O,7OSU4,audio_5216,8,Tocca nel seguente ordine il pappagallo la bambina il leone il gelato
7O,7OSU4,audio_5217,8,Tocca nel seguente ordine il pappagallo la bambina il leone gli occhiali da sole
7O,7OSU4,audio_5218,8,Tocca nel seguente ordine il pappagallo la bambina il leone la bicicletta
7O,7OSU4,audio_5219,8,Tocca nel seguente ordine il pappagallo la bambina il leone il monopattino
7O,7OSU4,audio_5220,8,Tocca nel seguente ordine il pappagallo la bambina il leone la scimmia
7O,7OSU4,audio_5221,8,Tocca nel seguente ordine il pappagallo la bambina il leone l'ombrello
7O,7OSU4,audio_5222,8,Tocca nel seguente ordine il pappagallo la bambina la scimmia il polipo
7O,7OSU4,audio_5223,8,Tocca nel seguente ordine il pappagallo la bambina la scimmia il gelato
7O,7OSU4,audio_5224,8,Tocca nel seguente ordine il pappagallo la bambina la scimmia gli occhiali da sole
7O,7OSU4,audio_5225,8,Tocca nel seguente ordine il pappagallo la bambina la scimmia la bicicletta
7O,7OSU4,audio_5226,8,Tocca nel seguente ordine il pappagallo la bambina la scimmia il monopattino
7O,7OSU4,audio_5227,8,Tocca nel seguente ordine il pappagallo la bambina la scimmia il leone
7O,7OSU4,audio_5228,8,Tocca nel seguente ordine il pappagallo la bambina la scimmia l'ombrello
7O,7OSU4,audio_5229,8,Tocca nel seguente ordine il pappagallo la bambina il polipo il leone
7O,7OSU4,audio_5230,8,Tocca nel seguente ordine il pappagallo la bambina il polipo il gelato
7O,7OSU4,audio_5231,8,Tocca nel seguente ordine il pappagallo la bambina il polipo gli occhiali da sole
7O,7OSU4,audio_5232,8,Tocca nel seguente ordine il pappagallo la bambina il polipo la bicicletta
7O,7OSU4,audio_5233,8,Tocca nel seguente ordine il pappagallo la bambina il polipo il monopattino
7O,7OSU4,audio_5234,8,Tocca nel seguente ordine il pappagallo la bambina il polipo la scimmia
7O,7OSU4,audio_5235,8,Tocca nel seguente ordine il pappagallo la bambina il polipo l'ombrello
7O,7OSU4,audio_5236,8,Tocca nel seguente ordine il pappagallo la bambina il gelato il polipo
7O,7OSU4,audio_5237,8,Tocca nel seguente ordine il pappagallo la bambina il gelato il leone
7O,7OSU4,audio_5238,8,Tocca nel seguente ordine il pappagallo la bambina il gelato gli occhiali da sole
7O,7OSU4,audio_5239,8,Tocca nel seguente ordine il pappagallo la bambina il gelato la bicicletta
7O,7OSU4,audio_5240,8,Tocca nel seguente ordine il pappagallo la bambina il gelato il monopattino
7O,7OSU4,audio_5241,8,Tocca nel seguente ordine il pappagallo la bambina il gelato la scimmia
7O,7OSU4,audio_5242,8,Tocca nel seguente ordine il pappagallo la bambina il gelato l'ombrello
7O,7OSU4,audio_5243,8,Tocca nel seguente ordine il pappagallo la bambina gli occhiali da sole il polipo
7O,7OSU4,audio_5244,8,Tocca nel seguente ordine il pappagallo la bambina gli occhiali da sole il gelato
7O,7OSU4,audio_5245,8,Tocca nel seguente ordine il pappagallo la bambina gli occhiali da sole il leone
7O,7OSU4,audio_5246,8,Tocca nel seguente ordine il pappagallo la bambina gli occhiali da sole la bicicletta
7O,7OSU4,audio_5247,8,Tocca nel seguente ordine il pappagallo la bambina gli occhiali da sole il monopattino
7O,7OSU4,audio_5248,8,Tocca nel seguente ordine il pappagallo la bambina gli occhiali da sole la scimmia
7O,7OSU4,audio_5249,8,Tocca nel seguente ordine il pappagallo la bambina gli occhiali da sole l'ombrello
7O,7OSU4,audio_5250,8,Tocca nel seguente ordine il pappagallo la bambina la bicicletta il polipo
7O,7OSU4,audio_5251,8,Tocca nel seguente ordine il pappagallo la bambina la bicicletta il gelato
7O,7OSU4,audio_5252,8,Tocca nel seguente ordine il pappagallo la bambina la bicicletta gli occhiali da sole
7O,7OSU4,audio_5253,8,Tocca nel seguente ordine il pappagallo la bambina la bicicletta il leone
7O,7OSU4,audio_5254,8,Tocca nel seguente ordine il pappagallo la bambina la bicicletta il monopattino
7O,7OSU4,audio_5255,8,Tocca nel seguente ordine il pappagallo la bambina la bicicletta la scimmia
7O,7OSU4,audio_5256,8,Tocca nel seguente ordine il pappagallo la bambina la bicicletta l'ombrello
7O,7OSU4,audio_5257,8,Tocca nel seguente ordine il pappagallo la bambina il monopattino il polipo
7O,7OSU4,audio_5258,8,Tocca nel seguente ordine il pappagallo la bambina il monopattino il gelato
7O,7OSU4,audio_5259,8,Tocca nel seguente ordine il pappagallo la bambina il monopattino gli occhiali da sole
7O,7OSU4,audio_5260,8,Tocca nel seguente ordine il pappagallo la bambina il monopattino la bicicletta
7O,7OSU4,audio_5261,8,Tocca nel seguente ordine il pappagallo la bambina il monopattino il leone
7O,7OSU4,audio_5262,8,Tocca nel seguente ordine il pappagallo la bambina il monopattino la scimmia
7O,7OSU4,audio_5263,8,Tocca nel seguente ordine il pappagallo la bambina il monopattino l'ombrello
7O,7OSU4,audio_5264,8,Tocca nel seguente ordine il pappagallo la bambina l'ombrello il polipo
7O,7OSU4,audio_5265,8,Tocca nel seguente ordine il pappagallo la bambina l'ombrello il gelato
7O,7OSU4,audio_5266,8,Tocca nel seguente ordine il pappagallo la bambina l'ombrello gli occhiali da sole
7O,7OSU4,audio_5267,8,Tocca nel seguente ordine il pappagallo la bambina l'ombrello la bicicletta
7O,7OSU4,audio_5268,8,Tocca nel seguente ordine il pappagallo la bambina l'ombrello il monopattino
7O,7OSU4,audio_5269,8,Tocca nel seguente ordine il pappagallo la bambina l'ombrello la scimmia
7O,7OSU4,audio_5270,8,Tocca nel seguente ordine il pappagallo la bambina l'ombrello il leone
7O,7OSU4,audio_5271,8,Tocca nel seguente ordine il pappagallo l'ombrello il leone il polipo
7O,7OSU4,audio_5272,8,Tocca nel seguente ordine il pappagallo l'ombrello il leone il gelato
7O,7OSU4,audio_5273,8,Tocca nel seguente ordine il pappagallo l'ombrello il leone gli occhiali da sole
7O,7OSU4,audio_5274,8,Tocca nel seguente ordine il pappagallo l'ombrello il leone la bicicletta
7O,7OSU4,audio_5275,8,Tocca nel seguente ordine il pappagallo l'ombrello il leone il monopattino
7O,7OSU4,audio_5276,8,Tocca nel seguente ordine il pappagallo l'ombrello il leone la bambina
7O,7OSU4,audio_5277,8,Tocca nel seguente ordine il pappagallo l'ombrello il leone la scimmia
7O,7OSU4,audio_5278,8,Tocca nel seguente ordine il pappagallo l'ombrello la scimmia il polipo
7O,7OSU4,audio_5279,8,Tocca nel seguente ordine il pappagallo l'ombrello la scimmia il gelato
7O,7OSU4,audio_5280,8,Tocca nel seguente ordine il pappagallo l'ombrello la scimmia gli occhiali da sole
7O,7OSU4,audio_5281,8,Tocca nel seguente ordine il pappagallo l'ombrello la scimmia la bicicletta
7O,7OSU4,audio_5282,8,Tocca nel seguente ordine il pappagallo l'ombrello la scimmia il monopattino
7O,7OSU4,audio_5283,8,Tocca nel seguente ordine il pappagallo l'ombrello la scimmia la bambina
7O,7OSU4,audio_5284,8,Tocca nel seguente ordine il pappagallo l'ombrello la scimmia il leone
7O,7OSU4,audio_5285,8,Tocca nel seguente ordine il pappagallo l'ombrello il polipo il leone
7O,7OSU4,audio_5286,8,Tocca nel seguente ordine il pappagallo l'ombrello il polipo il gelato
7O,7OSU4,audio_5287,8,Tocca nel seguente ordine il pappagallo l'ombrello il polipo gli occhiali da sole
7O,7OSU4,audio_5288,8,Tocca nel seguente ordine il pappagallo l'ombrello il polipo la bicicletta
7O,7OSU4,audio_5289,8,Tocca nel seguente ordine il pappagallo l'ombrello il polipo il monopattino
7O,7OSU4,audio_5290,8,Tocca nel seguente ordine il pappagallo l'ombrello il polipo la bambina
7O,7OSU4,audio_5291,8,Tocca nel seguente ordine il pappagallo l'ombrello il polipo la scimmia
7O,7OSU4,audio_5292,8,Tocca nel seguente ordine il pappagallo l'ombrello il gelato il polipo
7O,7OSU4,audio_5293,8,Tocca nel seguente ordine il pappagallo l'ombrello il gelato il leone
7O,7OSU4,audio_5294,8,Tocca nel seguente ordine il pappagallo l'ombrello il gelato gli occhiali da sole
7O,7OSU4,audio_5295,8,Tocca nel seguente ordine il pappagallo l'ombrello il gelato la bicicletta
7O,7OSU4,audio_5296,8,Tocca nel seguente ordine il pappagallo l'ombrello il gelato il monopattino
7O,7OSU4,audio_5297,8,Tocca nel seguente ordine il pappagallo l'ombrello il gelato la bambina
7O,7OSU4,audio_5298,8,Tocca nel seguente ordine il pappagallo l'ombrello il gelato la scimmia
7O,7OSU4,audio_5299,8,Tocca nel seguente ordine il pappagallo l'ombrello gli occhiali da sole il polipo
7O,7OSU4,audio_5300,8,Tocca nel seguente ordine il pappagallo l'ombrello gli occhiali da sole il gelato
7O,7OSU4,audio_5301,8,Tocca nel seguente ordine il pappagallo l'ombrello gli occhiali da sole il leone
7O,7OSU4,audio_5302,8,Tocca nel seguente ordine il pappagallo l'ombrello gli occhiali da sole la bicicletta
7O,7OSU4,audio_5303,8,Tocca nel seguente ordine il pappagallo l'ombrello gli occhiali da sole il monopattino
7O,7OSU4,audio_5304,8,Tocca nel seguente ordine il pappagallo l'ombrello gli occhiali da sole la bambina
7O,7OSU4,audio_5305,8,Tocca nel seguente ordine il pappagallo l'ombrello gli occhiali da sole la scimmia
7O,7OSU4,audio_5306,8,Tocca nel seguente ordine il pappagallo l'ombrello la bicicletta il polipo
7O,7OSU4,audio_5307,8,Tocca nel seguente ordine il pappagallo l'ombrello la bicicletta il gelato
7O,7OSU4,audio_5308,8,Tocca nel seguente ordine il pappagallo l'ombrello la bicicletta gli occhiali da sole
7O,7OSU4,audio_5309,8,Tocca nel seguente ordine il pappagallo l'ombrello la bicicletta il leone
7O,7OSU4,audio_5310,8,Tocca nel seguente ordine il pappagallo l'ombrello la bicicletta il monopattino
7O,7OSU4,audio_5311,8,Tocca nel seguente ordine il pappagallo l'ombrello la bicicletta la bambina
7O,7OSU4,audio_5312,8,Tocca nel seguente ordine il pappagallo l'ombrello la bicicletta la scimmia
7O,7OSU4,audio_5313,8,Tocca nel seguente ordine il pappagallo l'ombrello il monopattino il polipo
7O,7OSU4,audio_5314,8,Tocca nel seguente ordine il pappagallo l'ombrello il monopattino il gelato
7O,7OSU4,audio_5315,8,Tocca nel seguente ordine il pappagallo l'ombrello il monopattino gli occhiali da sole
7O,7OSU4,audio_5316,8,Tocca nel seguente ordine il pappagallo l'ombrello il monopattino la bicicletta
7O,7OSU4,audio_5317,8,Tocca nel seguente ordine il pappagallo l'ombrello il monopattino il leone
7O,7OSU4,audio_5318,8,Tocca nel seguente ordine il pappagallo l'ombrello il monopattino la bambina
7O,7OSU4,audio_5319,8,Tocca nel seguente ordine il pappagallo l'ombrello il monopattino la scimmia
7O,7OSU4,audio_5320,8,Tocca nel seguente ordine il pappagallo l'ombrello la bambina il polipo
7O,7OSU4,audio_5321,8,Tocca nel seguente ordine il pappagallo l'ombrello la bambina il gelato
7O,7OSU4,audio_5322,8,Tocca nel seguente ordine il pappagallo l'ombrello la bambina gli occhiali da sole
7O,7OSU4,audio_5323,8,Tocca nel seguente ordine il pappagallo l'ombrello la bambina la bicicletta
7O,7OSU4,audio_5324,8,Tocca nel seguente ordine il pappagallo l'ombrello la bambina il monopattino
7O,7OSU4,audio_5325,8,Tocca nel seguente ordine il pappagallo l'ombrello la bambina il leone
7O,7OSU4,audio_5326,8,Tocca nel seguente ordine il pappagallo l'ombrello la bambina la scimmia
7O,7OSU4,audio_5327,8,Tocca nel seguente ordine il polipo il leone la scimmia il pappagallo
7O,7OSU4,audio_5328,8,Tocca nel seguente ordine il polipo il leone la scimmia il gelato
7O,7OSU4,audio_5329,8,Tocca nel seguente ordine il polipo il leone la scimmia gli occhiali da sole
7O,7OSU4,audio_5330,8,Tocca nel seguente ordine il polipo il leone la scimmia la bicicletta
7O,7OSU4,audio_5331,8,Tocca nel seguente ordine il polipo il leone la scimmia il monopattino
7O,7OSU4,audio_5332,8,Tocca nel seguente ordine il polipo il leone la scimmia la bambina
7O,7OSU4,audio_5333,8,Tocca nel seguente ordine il polipo il leone la scimmia l'ombrello
7O,7OSU4,audio_5334,8,Tocca nel seguente ordine il polipo il leone il pappagallo la scimmia
7O,7OSU4,audio_5335,8,Tocca nel seguente ordine il polipo il leone il pappagallo il gelato
7O,7OSU4,audio_5336,8,Tocca nel seguente ordine il polipo il leone il pappagallo gli occhiali da sole
7O,7OSU4,audio_5337,8,Tocca nel seguente ordine il polipo il leone il pappagallo la bicicletta
7O,7OSU4,audio_5338,8,Tocca nel seguente ordine il polipo il leone il pappagallo il monopattino
7O,7OSU4,audio_5339,8,Tocca nel seguente ordine il polipo il leone il pappagallo la bambina
7O,7OSU4,audio_5340,8,Tocca nel seguente ordine il polipo il leone il pappagallo l'ombrello
7O,7OSU4,audio_5341,8,Tocca nel seguente ordine il polipo il leone il gelato la scimmia
7O,7OSU4,audio_5342,8,Tocca nel seguente ordine il polipo il leone il gelato il pappagallo
7O,7OSU4,audio_5343,8,Tocca nel seguente ordine il polipo il leone il gelato gli occhiali da sole
7O,7OSU4,audio_5344,8,Tocca nel seguente ordine il polipo il leone il gelato la bicicletta
7O,7OSU4,audio_5345,8,Tocca nel seguente ordine il polipo il leone il gelato il monopattino
7O,7OSU4,audio_5346,8,Tocca nel seguente ordine il polipo il leone il gelato la bambina
7O,7OSU4,audio_5347,8,Tocca nel seguente ordine il polipo il leone il gelato l'ombrello
7O,7OSU4,audio_5348,8,Tocca nel seguente ordine il polipo il leone gli occhiali da sole la scimmia
7O,7OSU4,audio_5349,8,Tocca nel seguente ordine il polipo il leone gli occhiali da sole il gelato
7O,7OSU4,audio_5350,8,Tocca nel seguente ordine il polipo il leone gli occhiali da sole il pappagallo
7O,7OSU4,audio_5351,8,Tocca nel seguente ordine il polipo il leone gli occhiali da sole la bicicletta
7O,7OSU4,audio_5352,8,Tocca nel seguente ordine il polipo il leone gli occhiali da sole il monopattino
7O,7OSU4,audio_5353,8,Tocca nel seguente ordine il polipo il leone gli occhiali da sole la bambina
7O,7OSU4,audio_5354,8,Tocca nel seguente ordine il polipo il leone gli occhiali da sole l'ombrello
7O,7OSU4,audio_5355,8,Tocca nel seguente ordine il polipo il leone la bicicletta la scimmia
7O,7OSU4,audio_5356,8,Tocca nel seguente ordine il polipo il leone la bicicletta il gelato
7O,7OSU4,audio_5357,8,Tocca nel seguente ordine il polipo il leone la bicicletta gli occhiali da sole
7O,7OSU4,audio_5358,8,Tocca nel seguente ordine il polipo il leone la bicicletta il pappagallo
7O,7OSU4,audio_5359,8,Tocca nel seguente ordine il polipo il leone la bicicletta il monopattino
7O,7OSU4,audio_5360,8,Tocca nel seguente ordine il polipo il leone la bicicletta la bambina
7O,7OSU4,audio_5361,8,Tocca nel seguente ordine il polipo il leone la bicicletta l'ombrello
7O,7OSU4,audio_5362,8,Tocca nel seguente ordine il polipo il leone il monopattino la scimmia
7O,7OSU4,audio_5363,8,Tocca nel seguente ordine il polipo il leone il monopattino il gelato
7O,7OSU4,audio_5364,8,Tocca nel seguente ordine il polipo il leone il monopattino gli occhiali da sole
7O,7OSU4,audio_5365,8,Tocca nel seguente ordine il polipo il leone il monopattino la bicicletta
7O,7OSU4,audio_5366,8,Tocca nel seguente ordine il polipo il leone il monopattino il pappagallo
7O,7OSU4,audio_5367,8,Tocca nel seguente ordine il polipo il leone il monopattino la bambina
7O,7OSU4,audio_5368,8,Tocca nel seguente ordine il polipo il leone il monopattino l'ombrello
7O,7OSU4,audio_5369,8,Tocca nel seguente ordine il polipo il leone la bambina la scimmia
7O,7OSU4,audio_5370,8,Tocca nel seguente ordine il polipo il leone la bambina il gelato
7O,7OSU4,audio_5371,8,Tocca nel seguente ordine il polipo il leone la bambina gli occhiali da sole
7O,7OSU4,audio_5372,8,Tocca nel seguente ordine il polipo il leone la bambina la bicicletta
7O,7OSU4,audio_5373,8,Tocca nel seguente ordine il polipo il leone la bambina il monopattino
7O,7OSU4,audio_5374,8,Tocca nel seguente ordine il polipo il leone la bambina il pappagallo
7O,7OSU4,audio_5375,8,Tocca nel seguente ordine il polipo il leone la bambina l'ombrello
7O,7OSU4,audio_5376,8,Tocca nel seguente ordine il polipo il leone l'ombrello la scimmia
7O,7OSU4,audio_5377,8,Tocca nel seguente ordine il polipo il leone l'ombrello il gelato
7O,7OSU4,audio_5378,8,Tocca nel seguente ordine il polipo il leone l'ombrello gli occhiali da sole
7O,7OSU4,audio_5379,8,Tocca nel seguente ordine il polipo il leone l'ombrello la bicicletta
7O,7OSU4,audio_5380,8,Tocca nel seguente ordine il polipo il leone l'ombrello il monopattino
7O,7OSU4,audio_5381,8,Tocca nel seguente ordine il polipo il leone l'ombrello la bambina
7O,7OSU4,audio_5382,8,Tocca nel seguente ordine il polipo il leone l'ombrello il pappagallo
7O,7OSU4,audio_5383,8,Tocca nel seguente ordine il polipo la scimmia il leone il pappagallo
7O,7OSU4,audio_5384,8,Tocca nel seguente ordine il polipo la scimmia il leone il gelato
7O,7OSU4,audio_5385,8,Tocca nel seguente ordine il polipo la scimmia il leone gli occhiali da sole
7O,7OSU4,audio_5386,8,Tocca nel seguente ordine il polipo la scimmia il leone la bicicletta
7O,7OSU4,audio_5387,8,Tocca nel seguente ordine il polipo la scimmia il leone il monopattino
7O,7OSU4,audio_5388,8,Tocca nel seguente ordine il polipo la scimmia il leone la bambina
7O,7OSU4,audio_5389,8,Tocca nel seguente ordine il polipo la scimmia il leone l'ombrello
7O,7OSU4,audio_5390,8,Tocca nel seguente ordine il polipo la scimmia il pappagallo il leone
7O,7OSU4,audio_5391,8,Tocca nel seguente ordine il polipo la scimmia il pappagallo il gelato
7O,7OSU4,audio_5392,8,Tocca nel seguente ordine il polipo la scimmia il pappagallo gli occhiali da sole
7O,7OSU4,audio_5393,8,Tocca nel seguente ordine il polipo la scimmia il pappagallo la bicicletta
7O,7OSU4,audio_5394,8,Tocca nel seguente ordine il polipo la scimmia il pappagallo il monopattino
7O,7OSU4,audio_5395,8,Tocca nel seguente ordine il polipo la scimmia il pappagallo la bambina
7O,7OSU4,audio_5396,8,Tocca nel seguente ordine il polipo la scimmia il pappagallo l'ombrello
7O,7OSU4,audio_5397,8,Tocca nel seguente ordine il polipo la scimmia il gelato il leone
7O,7OSU4,audio_5398,8,Tocca nel seguente ordine il polipo la scimmia il gelato il pappagallo
7O,7OSU4,audio_5399,8,Tocca nel seguente ordine il polipo la scimmia il gelato gli occhiali da sole
7O,7OSU4,audio_5400,8,Tocca nel seguente ordine il polipo la scimmia il gelato la bicicletta
7O,7OSU4,audio_5401,8,Tocca nel seguente ordine il polipo la scimmia il gelato il monopattino
7O,7OSU4,audio_5402,8,Tocca nel seguente ordine il polipo la scimmia il gelato la bambina
7O,7OSU4,audio_5403,8,Tocca nel seguente ordine il polipo la scimmia il gelato l'ombrello
7O,7OSU4,audio_5404,8,Tocca nel seguente ordine il polipo la scimmia gli occhiali da sole il leone
7O,7OSU4,audio_5405,8,Tocca nel seguente ordine il polipo la scimmia gli occhiali da sole il gelato
7O,7OSU4,audio_5406,8,Tocca nel seguente ordine il polipo la scimmia gli occhiali da sole il pappagallo
7O,7OSU4,audio_5407,8,Tocca nel seguente ordine il polipo la scimmia gli occhiali da sole la bicicletta
7O,7OSU4,audio_5408,8,Tocca nel seguente ordine il polipo la scimmia gli occhiali da sole il monopattino
7O,7OSU4,audio_5409,8,Tocca nel seguente ordine il polipo la scimmia gli occhiali da sole la bambina
7O,7OSU4,audio_5410,8,Tocca nel seguente ordine il polipo la scimmia gli occhiali da sole l'ombrello
7O,7OSU4,audio_5411,8,Tocca nel seguente ordine il polipo la scimmia la bicicletta il leone
7O,7OSU4,audio_5412,8,Tocca nel seguente ordine il polipo la scimmia la bicicletta il gelato
7O,7OSU4,audio_5413,8,Tocca nel seguente ordine il polipo la scimmia la bicicletta gli occhiali da sole
7O,7OSU4,audio_5414,8,Tocca nel seguente ordine il polipo la scimmia la bicicletta il pappagallo
7O,7OSU4,audio_5415,8,Tocca nel seguente ordine il polipo la scimmia la bicicletta il monopattino
7O,7OSU4,audio_5416,8,Tocca nel seguente ordine il polipo la scimmia la bicicletta la bambina
7O,7OSU4,audio_5417,8,Tocca nel seguente ordine il polipo la scimmia la bicicletta l'ombrello
7O,7OSU4,audio_5418,8,Tocca nel seguente ordine il polipo la scimmia il monopattino il leone
7O,7OSU4,audio_5419,8,Tocca nel seguente ordine il polipo la scimmia il monopattino il gelato
7O,7OSU4,audio_5420,8,Tocca nel seguente ordine il polipo la scimmia il monopattino gli occhiali da sole
7O,7OSU4,audio_5421,8,Tocca nel seguente ordine il polipo la scimmia il monopattino la bicicletta
7O,7OSU4,audio_5422,8,Tocca nel seguente ordine il polipo la scimmia il monopattino il pappagallo
7O,7OSU4,audio_5423,8,Tocca nel seguente ordine il polipo la scimmia il monopattino la bambina
7O,7OSU4,audio_5424,8,Tocca nel seguente ordine il polipo la scimmia il monopattino l'ombrello
7O,7OSU4,audio_5425,8,Tocca nel seguente ordine il polipo la scimmia la bambina il leone
7O,7OSU4,audio_5426,8,Tocca nel seguente ordine il polipo la scimmia la bambina il gelato
7O,7OSU4,audio_5427,8,Tocca nel seguente ordine il polipo la scimmia la bambina gli occhiali da sole
7O,7OSU4,audio_5428,8,Tocca nel seguente ordine il polipo la scimmia la bambina la bicicletta
7O,7OSU4,audio_5429,8,Tocca nel seguente ordine il polipo la scimmia la bambina il monopattino
7O,7OSU4,audio_5430,8,Tocca nel seguente ordine il polipo la scimmia la bambina il pappagallo
7O,7OSU4,audio_5431,8,Tocca nel seguente ordine il polipo la scimmia la bambina l'ombrello
7O,7OSU4,audio_5432,8,Tocca nel seguente ordine il polipo la scimmia l'ombrello il leone
7O,7OSU4,audio_5433,8,Tocca nel seguente ordine il polipo la scimmia l'ombrello il gelato
7O,7OSU4,audio_5434,8,Tocca nel seguente ordine il polipo la scimmia l'ombrello gli occhiali da sole
7O,7OSU4,audio_5435,8,Tocca nel seguente ordine il polipo la scimmia l'ombrello la bicicletta
7O,7OSU4,audio_5436,8,Tocca nel seguente ordine il polipo la scimmia l'ombrello il monopattino
7O,7OSU4,audio_5437,8,Tocca nel seguente ordine il polipo la scimmia l'ombrello la bambina
7O,7OSU4,audio_5438,8,Tocca nel seguente ordine il polipo la scimmia l'ombrello il pappagallo
7O,7OSU4,audio_5439,8,Tocca nel seguente ordine il polipo il pappagallo il leone la scimmia
7O,7OSU4,audio_5440,8,Tocca nel seguente ordine il polipo il pappagallo il leone il gelato
7O,7OSU4,audio_5441,8,Tocca nel seguente ordine il polipo il pappagallo il leone gli occhiali da sole
7O,7OSU4,audio_5442,8,Tocca nel seguente ordine il polipo il pappagallo il leone la bicicletta
7O,7OSU4,audio_5443,8,Tocca nel seguente ordine il polipo il pappagallo il leone il monopattino
7O,7OSU4,audio_5444,8,Tocca nel seguente ordine il polipo il pappagallo il leone la bambina
7O,7OSU4,audio_5445,8,Tocca nel seguente ordine il polipo il pappagallo il leone l'ombrello
7O,7OSU4,audio_5446,8,Tocca nel seguente ordine il polipo il pappagallo la scimmia il leone
7O,7OSU4,audio_5447,8,Tocca nel seguente ordine il polipo il pappagallo la scimmia il gelato
7O,7OSU4,audio_5448,8,Tocca nel seguente ordine il polipo il pappagallo la scimmia gli occhiali da sole
7O,7OSU4,audio_5449,8,Tocca nel seguente ordine il polipo il pappagallo la scimmia la bicicletta
7O,7OSU4,audio_5450,8,Tocca nel seguente ordine il polipo il pappagallo la scimmia il monopattino
7O,7OSU4,audio_5451,8,Tocca nel seguente ordine il polipo il pappagallo la scimmia la bambina
7O,7OSU4,audio_5452,8,Tocca nel seguente ordine il polipo il pappagallo la scimmia l'ombrello
7O,7OSU4,audio_5453,8,Tocca nel seguente ordine il polipo il pappagallo il gelato la scimmia
7O,7OSU4,audio_5454,8,Tocca nel seguente ordine il polipo il pappagallo il gelato il leone
7O,7OSU4,audio_5455,8,Tocca nel seguente ordine il polipo il pappagallo il gelato gli occhiali da sole
7O,7OSU4,audio_5456,8,Tocca nel seguente ordine il polipo il pappagallo il gelato la bicicletta
7O,7OSU4,audio_5457,8,Tocca nel seguente ordine il polipo il pappagallo il gelato il monopattino
7O,7OSU4,audio_5458,8,Tocca nel seguente ordine il polipo il pappagallo il gelato la bambina
7O,7OSU4,audio_5459,8,Tocca nel seguente ordine il polipo il pappagallo il gelato l'ombrello
7O,7OSU4,audio_5460,8,Tocca nel seguente ordine il polipo il pappagallo gli occhiali da sole la scimmia
7O,7OSU4,audio_5461,8,Tocca nel seguente ordine il polipo il pappagallo gli occhiali da sole il gelato
7O,7OSU4,audio_5462,8,Tocca nel seguente ordine il polipo il pappagallo gli occhiali da sole il leone
7O,7OSU4,audio_5463,8,Tocca nel seguente ordine il polipo il pappagallo gli occhiali da sole la bicicletta
7O,7OSU4,audio_5464,8,Tocca nel seguente ordine il polipo il pappagallo gli occhiali da sole il monopattino
7O,7OSU4,audio_5465,8,Tocca nel seguente ordine il polipo il pappagallo gli occhiali da sole la bambina
7O,7OSU4,audio_5466,8,Tocca nel seguente ordine il polipo il pappagallo gli occhiali da sole l'ombrello
7O,7OSU4,audio_5467,8,Tocca nel seguente ordine il polipo il pappagallo la bicicletta la scimmia
7O,7OSU4,audio_5468,8,Tocca nel seguente ordine il polipo il pappagallo la bicicletta il gelato
7O,7OSU4,audio_5469,8,Tocca nel seguente ordine il polipo il pappagallo la bicicletta gli occhiali da sole
7O,7OSU4,audio_5470,8,Tocca nel seguente ordine il polipo il pappagallo la bicicletta il leone
7O,7OSU4,audio_5471,8,Tocca nel seguente ordine il polipo il pappagallo la bicicletta il monopattino
7O,7OSU4,audio_5472,8,Tocca nel seguente ordine il polipo il pappagallo la bicicletta la bambina
7O,7OSU4,audio_5473,8,Tocca nel seguente ordine il polipo il pappagallo la bicicletta l'ombrello
7O,7OSU4,audio_5474,8,Tocca nel seguente ordine il polipo il pappagallo il monopattino la scimmia
7O,7OSU4,audio_5475,8,Tocca nel seguente ordine il polipo il pappagallo il monopattino il gelato
7O,7OSU4,audio_5476,8,Tocca nel seguente ordine il polipo il pappagallo il monopattino gli occhiali da sole
7O,7OSU4,audio_5477,8,Tocca nel seguente ordine il polipo il pappagallo il monopattino la bicicletta
7O,7OSU4,audio_5478,8,Tocca nel seguente ordine il polipo il pappagallo il monopattino il leone
7O,7OSU4,audio_5479,8,Tocca nel seguente ordine il polipo il pappagallo il monopattino la bambina
7O,7OSU4,audio_5480,8,Tocca nel seguente ordine il polipo il pappagallo il monopattino l'ombrello
7O,7OSU4,audio_5481,8,Tocca nel seguente ordine il polipo il pappagallo la bambina la scimmia
7O,7OSU4,audio_5482,8,Tocca nel seguente ordine il polipo il pappagallo la bambina il gelato
7O,7OSU4,audio_5483,8,Tocca nel seguente ordine il polipo il pappagallo la bambina gli occhiali da sole
7O,7OSU4,audio_5484,8,Tocca nel seguente ordine il polipo il pappagallo la bambina la bicicletta
7O,7OSU4,audio_5485,8,Tocca nel seguente ordine il polipo il pappagallo la bambina il monopattino
7O,7OSU4,audio_5486,8,Tocca nel seguente ordine il polipo il pappagallo la bambina il leone
7O,7OSU4,audio_5487,8,Tocca nel seguente ordine il polipo il pappagallo la bambina l'ombrello
7O,7OSU4,audio_5488,8,Tocca nel seguente ordine il polipo il pappagallo l'ombrello la scimmia
7O,7OSU4,audio_5489,8,Tocca nel seguente ordine il polipo il pappagallo l'ombrello il gelato
7O,7OSU4,audio_5490,8,Tocca nel seguente ordine il polipo il pappagallo l'ombrello gli occhiali da sole
7O,7OSU4,audio_5491,8,Tocca nel seguente ordine il polipo il pappagallo l'ombrello la bicicletta
7O,7OSU4,audio_5492,8,Tocca nel seguente ordine il polipo il pappagallo l'ombrello il monopattino
7O,7OSU4,audio_5493,8,Tocca nel seguente ordine il polipo il pappagallo l'ombrello la bambina
7O,7OSU4,audio_5494,8,Tocca nel seguente ordine il polipo il pappagallo l'ombrello il leone
7O,7OSU4,audio_5495,8,Tocca nel seguente ordine il polipo il gelato il leone la scimmia
7O,7OSU4,audio_5496,8,Tocca nel seguente ordine il polipo il gelato il leone il pappagallo
7O,7OSU4,audio_5497,8,Tocca nel seguente ordine il polipo il gelato il leone gli occhiali da sole
7O,7OSU4,audio_5498,8,Tocca nel seguente ordine il polipo il gelato il leone la bicicletta
7O,7OSU4,audio_5499,8,Tocca nel seguente ordine il polipo il gelato il leone il monopattino
7O,7OSU4,audio_5500,8,Tocca nel seguente ordine il polipo il gelato il leone la bambina
7O,7OSU4,audio_5501,8,Tocca nel seguente ordine il polipo il gelato il leone l'ombrello
7O,7OSU4,audio_5502,8,Tocca nel seguente ordine il polipo il gelato la scimmia il leone
7O,7OSU4,audio_5503,8,Tocca nel seguente ordine il polipo il gelato la scimmia il pappagallo
7O,7OSU4,audio_5504,8,Tocca nel seguente ordine il polipo il gelato la scimmia gli occhiali da sole
7O,7OSU4,audio_5505,8,Tocca nel seguente ordine il polipo il gelato la scimmia la bicicletta
7O,7OSU4,audio_5506,8,Tocca nel seguente ordine il polipo il gelato la scimmia il monopattino
7O,7OSU4,audio_5507,8,Tocca nel seguente ordine il polipo il gelato la scimmia la bambina
7O,7OSU4,audio_5508,8,Tocca nel seguente ordine il polipo il gelato la scimmia l'ombrello
7O,7OSU4,audio_5509,8,Tocca nel seguente ordine il polipo il gelato il pappagallo la scimmia
7O,7OSU4,audio_5510,8,Tocca nel seguente ordine il polipo il gelato il pappagallo il leone
7O,7OSU4,audio_5511,8,Tocca nel seguente ordine il polipo il gelato il pappagallo gli occhiali da sole
7O,7OSU4,audio_5512,8,Tocca nel seguente ordine il polipo il gelato il pappagallo la bicicletta
7O,7OSU4,audio_5513,8,Tocca nel seguente ordine il polipo il gelato il pappagallo il monopattino
7O,7OSU4,audio_5514,8,Tocca nel seguente ordine il polipo il gelato il pappagallo la bambina
7O,7OSU4,audio_5515,8,Tocca nel seguente ordine il polipo il gelato il pappagallo l'ombrello
7O,7OSU4,audio_5516,8,Tocca nel seguente ordine il polipo il gelato gli occhiali da sole la scimmia
7O,7OSU4,audio_5517,8,Tocca nel seguente ordine il polipo il gelato gli occhiali da sole il leone
7O,7OSU4,audio_5518,8,Tocca nel seguente ordine il polipo il gelato gli occhiali da sole il pappagallo
7O,7OSU4,audio_5519,8,Tocca nel seguente ordine il polipo il gelato gli occhiali da sole la bicicletta
7O,7OSU4,audio_5520,8,Tocca nel seguente ordine il polipo il gelato gli occhiali da sole il monopattino
7O,7OSU4,audio_5521,8,Tocca nel seguente ordine il polipo il gelato gli occhiali da sole la bambina
7O,7OSU4,audio_5522,8,Tocca nel seguente ordine il polipo il gelato gli occhiali da sole l'ombrello
7O,7OSU4,audio_5523,8,Tocca nel seguente ordine il polipo il gelato la bicicletta la scimmia
7O,7OSU4,audio_5524,8,Tocca nel seguente ordine il polipo il gelato la bicicletta il leone
7O,7OSU4,audio_5525,8,Tocca nel seguente ordine il polipo il gelato la bicicletta gli occhiali da sole
7O,7OSU4,audio_5526,8,Tocca nel seguente ordine il polipo il gelato la bicicletta il pappagallo
7O,7OSU4,audio_5527,8,Tocca nel seguente ordine il polipo il gelato la bicicletta il monopattino
7O,7OSU4,audio_5528,8,Tocca nel seguente ordine il polipo il gelato la bicicletta la bambina
7O,7OSU4,audio_5529,8,Tocca nel seguente ordine il polipo il gelato la bicicletta l'ombrello
7O,7OSU4,audio_5530,8,Tocca nel seguente ordine il polipo il gelato il monopattino la scimmia
7O,7OSU4,audio_5531,8,Tocca nel seguente ordine il polipo il gelato il monopattino il leone
7O,7OSU4,audio_5532,8,Tocca nel seguente ordine il polipo il gelato il monopattino gli occhiali da sole
7O,7OSU4,audio_5533,8,Tocca nel seguente ordine il polipo il gelato il monopattino la bicicletta
7O,7OSU4,audio_5534,8,Tocca nel seguente ordine il polipo il gelato il monopattino il pappagallo
7O,7OSU4,audio_5535,8,Tocca nel seguente ordine il polipo il gelato il monopattino la bambina
7O,7OSU4,audio_5536,8,Tocca nel seguente ordine il polipo il gelato il monopattino l'ombrello
7O,7OSU4,audio_5537,8,Tocca nel seguente ordine il polipo il gelato la bambina la scimmia
7O,7OSU4,audio_5538,8,Tocca nel seguente ordine il polipo il gelato la bambina il leone
7O,7OSU4,audio_5539,8,Tocca nel seguente ordine il polipo il gelato la bambina gli occhiali da sole
7O,7OSU4,audio_5540,8,Tocca nel seguente ordine il polipo il gelato la bambina la bicicletta
7O,7OSU4,audio_5541,8,Tocca nel seguente ordine il polipo il gelato la bambina il monopattino
7O,7OSU4,audio_5542,8,Tocca nel seguente ordine il polipo il gelato la bambina il pappagallo
7O,7OSU4,audio_5543,8,Tocca nel seguente ordine il polipo il gelato la bambina l'ombrello
7O,7OSU4,audio_5544,8,Tocca nel seguente ordine il polipo il gelato l'ombrello la scimmia
7O,7OSU4,audio_5545,8,Tocca nel seguente ordine il polipo il gelato l'ombrello il leone
7O,7OSU4,audio_5546,8,Tocca nel seguente ordine il polipo il gelato l'ombrello gli occhiali da sole
7O,7OSU4,audio_5547,8,Tocca nel seguente ordine il polipo il gelato l'ombrello la bicicletta
7O,7OSU4,audio_5548,8,Tocca nel seguente ordine il polipo il gelato l'ombrello il monopattino
7O,7OSU4,audio_5549,8,Tocca nel seguente ordine il polipo il gelato l'ombrello la bambina
7O,7OSU4,audio_5550,8,Tocca nel seguente ordine il polipo il gelato l'ombrello il pappagallo
7O,7OSU4,audio_5551,8,Tocca nel seguente ordine il polipo gli occhiali da sole il leone la scimmia
7O,7OSU4,audio_5552,8,Tocca nel seguente ordine il polipo gli occhiali da sole il leone il gelato
7O,7OSU4,audio_5553,8,Tocca nel seguente ordine il polipo gli occhiali da sole il leone il pappagallo
7O,7OSU4,audio_5554,8,Tocca nel seguente ordine il polipo gli occhiali da sole il leone la bicicletta
7O,7OSU4,audio_5555,8,Tocca nel seguente ordine il polipo gli occhiali da sole il leone il monopattino
7O,7OSU4,audio_5556,8,Tocca nel seguente ordine il polipo gli occhiali da sole il leone la bambina
7O,7OSU4,audio_5557,8,Tocca nel seguente ordine il polipo gli occhiali da sole il leone l'ombrello
7O,7OSU4,audio_5558,8,Tocca nel seguente ordine il polipo gli occhiali da sole la scimmia il leone
7O,7OSU4,audio_5559,8,Tocca nel seguente ordine il polipo gli occhiali da sole la scimmia il gelato
7O,7OSU4,audio_5560,8,Tocca nel seguente ordine il polipo gli occhiali da sole la scimmia il pappagallo
7O,7OSU4,audio_5561,8,Tocca nel seguente ordine il polipo gli occhiali da sole la scimmia la bicicletta
7O,7OSU4,audio_5562,8,Tocca nel seguente ordine il polipo gli occhiali da sole la scimmia il monopattino
7O,7OSU4,audio_5563,8,Tocca nel seguente ordine il polipo gli occhiali da sole la scimmia la bambina
7O,7OSU4,audio_5564,8,Tocca nel seguente ordine il polipo gli occhiali da sole la scimmia l'ombrello
7O,7OSU4,audio_5565,8,Tocca nel seguente ordine il polipo gli occhiali da sole il pappagallo la scimmia
7O,7OSU4,audio_5566,8,Tocca nel seguente ordine il polipo gli occhiali da sole il pappagallo il gelato
7O,7OSU4,audio_5567,8,Tocca nel seguente ordine il polipo gli occhiali da sole il pappagallo il leone
7O,7OSU4,audio_5568,8,Tocca nel seguente ordine il polipo gli occhiali da sole il pappagallo la bicicletta
7O,7OSU4,audio_5569,8,Tocca nel seguente ordine il polipo gli occhiali da sole il pappagallo il monopattino
7O,7OSU4,audio_5570,8,Tocca nel seguente ordine il polipo gli occhiali da sole il pappagallo la bambina
7O,7OSU4,audio_5571,8,Tocca nel seguente ordine il polipo gli occhiali da sole il pappagallo l'ombrello
7O,7OSU4,audio_5572,8,Tocca nel seguente ordine il polipo gli occhiali da sole il gelato la scimmia
7O,7OSU4,audio_5573,8,Tocca nel seguente ordine il polipo gli occhiali da sole il gelato il pappagallo
7O,7OSU4,audio_5574,8,Tocca nel seguente ordine il polipo gli occhiali da sole il gelato il leone
7O,7OSU4,audio_5575,8,Tocca nel seguente ordine il polipo gli occhiali da sole il gelato la bicicletta
7O,7OSU4,audio_5576,8,Tocca nel seguente ordine il polipo gli occhiali da sole il gelato il monopattino
7O,7OSU4,audio_5577,8,Tocca nel seguente ordine il polipo gli occhiali da sole il gelato la bambina
7O,7OSU4,audio_5578,8,Tocca nel seguente ordine il polipo gli occhiali da sole il gelato l'ombrello
7O,7OSU4,audio_5579,8,Tocca nel seguente ordine il polipo gli occhiali da sole la bicicletta la scimmia
7O,7OSU4,audio_5580,8,Tocca nel seguente ordine il polipo gli occhiali da sole la bicicletta il gelato
7O,7OSU4,audio_5581,8,Tocca nel seguente ordine il polipo gli occhiali da sole la bicicletta il pappagallo
7O,7OSU4,audio_5582,8,Tocca nel seguente ordine il polipo gli occhiali da sole la bicicletta il leone
7O,7OSU4,audio_5583,8,Tocca nel seguente ordine il polipo gli occhiali da sole la bicicletta il monopattino
7O,7OSU4,audio_5584,8,Tocca nel seguente ordine il polipo gli occhiali da sole la bicicletta la bambina
7O,7OSU4,audio_5585,8,Tocca nel seguente ordine il polipo gli occhiali da sole la bicicletta l'ombrello
7O,7OSU4,audio_5586,8,Tocca nel seguente ordine il polipo gli occhiali da sole il monopattino la scimmia
7O,7OSU4,audio_5587,8,Tocca nel seguente ordine il polipo gli occhiali da sole il monopattino il gelato
7O,7OSU4,audio_5588,8,Tocca nel seguente ordine il polipo gli occhiali da sole il monopattino il pappagallo
7O,7OSU4,audio_5589,8,Tocca nel seguente ordine il polipo gli occhiali da sole il monopattino la bicicletta
7O,7OSU4,audio_5590,8,Tocca nel seguente ordine il polipo gli occhiali da sole il monopattino il leone
7O,7OSU4,audio_5591,8,Tocca nel seguente ordine il polipo gli occhiali da sole il monopattino la bambina
7O,7OSU4,audio_5592,8,Tocca nel seguente ordine il polipo gli occhiali da sole il monopattino l'ombrello
7O,7OSU4,audio_5593,8,Tocca nel seguente ordine il polipo gli occhiali da sole la bambina la scimmia
7O,7OSU4,audio_5594,8,Tocca nel seguente ordine il polipo gli occhiali da sole la bambina il gelato
7O,7OSU4,audio_5595,8,Tocca nel seguente ordine il polipo gli occhiali da sole la bambina il leone
7O,7OSU4,audio_5596,8,Tocca nel seguente ordine il polipo gli occhiali da sole la bambina la bicicletta
7O,7OSU4,audio_5597,8,Tocca nel seguente ordine il polipo gli occhiali da sole la bambina il monopattino
7O,7OSU4,audio_5598,8,Tocca nel seguente ordine il polipo gli occhiali da sole la bambina il pappagallo
7O,7OSU4,audio_5599,8,Tocca nel seguente ordine il polipo gli occhiali da sole la bambina l'ombrello
7O,7OSU4,audio_5600,8,Tocca nel seguente ordine il polipo gli occhiali da sole l'ombrello la scimmia
7O,7OSU4,audio_5601,8,Tocca nel seguente ordine il polipo gli occhiali da sole l'ombrello il gelato
7O,7OSU4,audio_5602,8,Tocca nel seguente ordine il polipo gli occhiali da sole l'ombrello il pappagallo
7O,7OSU4,audio_5603,8,Tocca nel seguente ordine il polipo gli occhiali da sole l'ombrello la bicicletta
7O,7OSU4,audio_5604,8,Tocca nel seguente ordine il polipo gli occhiali da sole l'ombrello il monopattino
7O,7OSU4,audio_5605,8,Tocca nel seguente ordine il polipo gli occhiali da sole l'ombrello la bambina
7O,7OSU4,audio_5606,8,Tocca nel seguente ordine il polipo gli occhiali da sole l'ombrello il leone
7O,7OSU4,audio_5607,8,Tocca nel seguente ordine il polipo la bicicletta il leone la scimmia
7O,7OSU4,audio_5608,8,Tocca nel seguente ordine il polipo la bicicletta il leone il gelato
7O,7OSU4,audio_5609,8,Tocca nel seguente ordine il polipo la bicicletta il leone gli occhiali da sole
7O,7OSU4,audio_5610,8,Tocca nel seguente ordine il polipo la bicicletta il leone il pappagallo
7O,7OSU4,audio_5611,8,Tocca nel seguente ordine il polipo la bicicletta il leone il monopattino
7O,7OSU4,audio_5612,8,Tocca nel seguente ordine il polipo la bicicletta il leone la bambina
7O,7OSU4,audio_5613,8,Tocca nel seguente ordine il polipo la bicicletta il leone l'ombrello
7O,7OSU4,audio_5614,8,Tocca nel seguente ordine il polipo la bicicletta la scimmia il leone
7O,7OSU4,audio_5615,8,Tocca nel seguente ordine il polipo la bicicletta la scimmia il gelato
7O,7OSU4,audio_5616,8,Tocca nel seguente ordine il polipo la bicicletta la scimmia gli occhiali da sole
7O,7OSU4,audio_5617,8,Tocca nel seguente ordine il polipo la bicicletta la scimmia il pappagallo
7O,7OSU4,audio_5618,8,Tocca nel seguente ordine il polipo la bicicletta la scimmia il monopattino
7O,7OSU4,audio_5619,8,Tocca nel seguente ordine il polipo la bicicletta la scimmia la bambina
7O,7OSU4,audio_5620,8,Tocca nel seguente ordine il polipo la bicicletta la scimmia l'ombrello
7O,7OSU4,audio_5621,8,Tocca nel seguente ordine il polipo la bicicletta il pappagallo la scimmia
7O,7OSU4,audio_5622,8,Tocca nel seguente ordine il polipo la bicicletta il pappagallo il gelato
7O,7OSU4,audio_5623,8,Tocca nel seguente ordine il polipo la bicicletta il pappagallo gli occhiali da sole
7O,7OSU4,audio_5624,8,Tocca nel seguente ordine il polipo la bicicletta il pappagallo il leone
7O,7OSU4,audio_5625,8,Tocca nel seguente ordine il polipo la bicicletta il pappagallo il monopattino
7O,7OSU4,audio_5626,8,Tocca nel seguente ordine il polipo la bicicletta il pappagallo la bambina
7O,7OSU4,audio_5627,8,Tocca nel seguente ordine il polipo la bicicletta il pappagallo l'ombrello
7O,7OSU4,audio_5628,8,Tocca nel seguente ordine il polipo la bicicletta il gelato la scimmia
7O,7OSU4,audio_5629,8,Tocca nel seguente ordine il polipo la bicicletta il gelato il leone
7O,7OSU4,audio_5630,8,Tocca nel seguente ordine il polipo la bicicletta il gelato gli occhiali da sole
7O,7OSU4,audio_5631,8,Tocca nel seguente ordine il polipo la bicicletta il gelato il pappagallo
7O,7OSU4,audio_5632,8,Tocca nel seguente ordine il polipo la bicicletta il gelato il monopattino
7O,7OSU4,audio_5633,8,Tocca nel seguente ordine il polipo la bicicletta il gelato la bambina
7O,7OSU4,audio_5634,8,Tocca nel seguente ordine il polipo la bicicletta il gelato l'ombrello
7O,7OSU4,audio_5635,8,Tocca nel seguente ordine il polipo la bicicletta gli occhiali da sole la scimmia
7O,7OSU4,audio_5636,8,Tocca nel seguente ordine il polipo la bicicletta gli occhiali da sole il gelato
7O,7OSU4,audio_5637,8,Tocca nel seguente ordine il polipo la bicicletta gli occhiali da sole il leone
7O,7OSU4,audio_5638,8,Tocca nel seguente ordine il polipo la bicicletta gli occhiali da sole il pappagallo
7O,7OSU4,audio_5639,8,Tocca nel seguente ordine il polipo la bicicletta gli occhiali da sole il monopattino
7O,7OSU4,audio_5640,8,Tocca nel seguente ordine il polipo la bicicletta gli occhiali da sole la bambina
7O,7OSU4,audio_5641,8,Tocca nel seguente ordine il polipo la bicicletta gli occhiali da sole l'ombrello
7O,7OSU4,audio_5642,8,Tocca nel seguente ordine il polipo la bicicletta il monopattino la scimmia
7O,7OSU4,audio_5643,8,Tocca nel seguente ordine il polipo la bicicletta il monopattino il gelato
7O,7OSU4,audio_5644,8,Tocca nel seguente ordine il polipo la bicicletta il monopattino gli occhiali da sole
7O,7OSU4,audio_5645,8,Tocca nel seguente ordine il polipo la bicicletta il monopattino il pappagallo
7O,7OSU4,audio_5646,8,Tocca nel seguente ordine il polipo la bicicletta il monopattino il leone
7O,7OSU4,audio_5647,8,Tocca nel seguente ordine il polipo la bicicletta il monopattino la bambina
7O,7OSU4,audio_5648,8,Tocca nel seguente ordine il polipo la bicicletta il monopattino l'ombrello
7O,7OSU4,audio_5649,8,Tocca nel seguente ordine il polipo la bicicletta la bambina la scimmia
7O,7OSU4,audio_5650,8,Tocca nel seguente ordine il polipo la bicicletta la bambina il gelato
7O,7OSU4,audio_5651,8,Tocca nel seguente ordine il polipo la bicicletta la bambina gli occhiali da sole
7O,7OSU4,audio_5652,8,Tocca nel seguente ordine il polipo la bicicletta la bambina il pappagallo
7O,7OSU4,audio_5653,8,Tocca nel seguente ordine il polipo la bicicletta la bambina il monopattino
7O,7OSU4,audio_5654,8,Tocca nel seguente ordine il polipo la bicicletta la bambina il leone
7O,7OSU4,audio_5655,8,Tocca nel seguente ordine il polipo la bicicletta la bambina l'ombrello
7O,7OSU4,audio_5656,8,Tocca nel seguente ordine il polipo la bicicletta l'ombrello la scimmia
7O,7OSU4,audio_5657,8,Tocca nel seguente ordine il polipo la bicicletta l'ombrello il gelato
7O,7OSU4,audio_5658,8,Tocca nel seguente ordine il polipo la bicicletta l'ombrello gli occhiali da sole
7O,7OSU4,audio_5659,8,Tocca nel seguente ordine il polipo la bicicletta l'ombrello il pappagallo
7O,7OSU4,audio_5660,8,Tocca nel seguente ordine il polipo la bicicletta l'ombrello il monopattino
7O,7OSU4,audio_5661,8,Tocca nel seguente ordine il polipo la bicicletta l'ombrello la bambina
7O,7OSU4,audio_5662,8,Tocca nel seguente ordine il polipo la bicicletta l'ombrello il leone
7O,7OSU4,audio_5663,8,Tocca nel seguente ordine il polipo il monopattino il leone la scimmia
7O,7OSU4,audio_5664,8,Tocca nel seguente ordine il polipo il monopattino il leone il gelato
7O,7OSU4,audio_5665,8,Tocca nel seguente ordine il polipo il monopattino il leone gli occhiali da sole
7O,7OSU4,audio_5666,8,Tocca nel seguente ordine il polipo il monopattino il leone la bicicletta
7O,7OSU4,audio_5667,8,Tocca nel seguente ordine il polipo il monopattino il leone il pappagallo
7O,7OSU4,audio_5668,8,Tocca nel seguente ordine il polipo il monopattino il leone la bambina
7O,7OSU4,audio_5669,8,Tocca nel seguente ordine il polipo il monopattino il leone l'ombrello
7O,7OSU4,audio_5670,8,Tocca nel seguente ordine il polipo il monopattino la scimmia il leone
7O,7OSU4,audio_5671,8,Tocca nel seguente ordine il polipo il monopattino la scimmia il gelato
7O,7OSU4,audio_5672,8,Tocca nel seguente ordine il polipo il monopattino la scimmia gli occhiali da sole
7O,7OSU4,audio_5673,8,Tocca nel seguente ordine il polipo il monopattino la scimmia la bicicletta
7O,7OSU4,audio_5674,8,Tocca nel seguente ordine il polipo il monopattino la scimmia il pappagallo
7O,7OSU4,audio_5675,8,Tocca nel seguente ordine il polipo il monopattino la scimmia la bambina
7O,7OSU4,audio_5676,8,Tocca nel seguente ordine il polipo il monopattino la scimmia l'ombrello
7O,7OSU4,audio_5677,8,Tocca nel seguente ordine il polipo il monopattino il pappagallo la scimmia
7O,7OSU4,audio_5678,8,Tocca nel seguente ordine il polipo il monopattino il pappagallo il gelato
7O,7OSU4,audio_5679,8,Tocca nel seguente ordine il polipo il monopattino il pappagallo gli occhiali da sole
7O,7OSU4,audio_5680,8,Tocca nel seguente ordine il polipo il monopattino il pappagallo la bicicletta
7O,7OSU4,audio_5681,8,Tocca nel seguente ordine il polipo il monopattino il pappagallo il leone
7O,7OSU4,audio_5682,8,Tocca nel seguente ordine il polipo il monopattino il pappagallo la bambina
7O,7OSU4,audio_5683,8,Tocca nel seguente ordine il polipo il monopattino il pappagallo l'ombrello
7O,7OSU4,audio_5684,8,Tocca nel seguente ordine il polipo il monopattino il gelato la scimmia
7O,7OSU4,audio_5685,8,Tocca nel seguente ordine il polipo il monopattino il gelato il leone
7O,7OSU4,audio_5686,8,Tocca nel seguente ordine il polipo il monopattino il gelato gli occhiali da sole
7O,7OSU4,audio_5687,8,Tocca nel seguente ordine il polipo il monopattino il gelato la bicicletta
7O,7OSU4,audio_5688,8,Tocca nel seguente ordine il polipo il monopattino il gelato il pappagallo
7O,7OSU4,audio_5689,8,Tocca nel seguente ordine il polipo il monopattino il gelato la bambina
7O,7OSU4,audio_5690,8,Tocca nel seguente ordine il polipo il monopattino il gelato l'ombrello
7O,7OSU4,audio_5691,8,Tocca nel seguente ordine il polipo il monopattino gli occhiali da sole la scimmia
7O,7OSU4,audio_5692,8,Tocca nel seguente ordine il polipo il monopattino gli occhiali da sole il gelato
7O,7OSU4,audio_5693,8,Tocca nel seguente ordine il polipo il monopattino gli occhiali da sole il leone
7O,7OSU4,audio_5694,8,Tocca nel seguente ordine il polipo il monopattino gli occhiali da sole la bicicletta
7O,7OSU4,audio_5695,8,Tocca nel seguente ordine il polipo il monopattino gli occhiali da sole il pappagallo
7O,7OSU4,audio_5696,8,Tocca nel seguente ordine il polipo il monopattino gli occhiali da sole la bambina
7O,7OSU4,audio_5697,8,Tocca nel seguente ordine il polipo il monopattino gli occhiali da sole l'ombrello
7O,7OSU4,audio_5698,8,Tocca nel seguente ordine il polipo il monopattino la bicicletta la scimmia
7O,7OSU4,audio_5699,8,Tocca nel seguente ordine il polipo il monopattino la bicicletta il gelato
7O,7OSU4,audio_5700,8,Tocca nel seguente ordine il polipo il monopattino la bicicletta gli occhiali da sole
7O,7OSU4,audio_5701,8,Tocca nel seguente ordine il polipo il monopattino la bicicletta il leone
7O,7OSU4,audio_5702,8,Tocca nel seguente ordine il polipo il monopattino la bicicletta il pappagallo
7O,7OSU4,audio_5703,8,Tocca nel seguente ordine il polipo il monopattino la bicicletta la bambina
7O,7OSU4,audio_5704,8,Tocca nel seguente ordine il polipo il monopattino la bicicletta l'ombrello
7O,7OSU4,audio_5705,8,Tocca nel seguente ordine il polipo il monopattino la bambina la scimmia
7O,7OSU4,audio_5706,8,Tocca nel seguente ordine il polipo il monopattino la bambina il gelato
7O,7OSU4,audio_5707,8,Tocca nel seguente ordine il polipo il monopattino la bambina gli occhiali da sole
7O,7OSU4,audio_5708,8,Tocca nel seguente ordine il polipo il monopattino la bambina la bicicletta
7O,7OSU4,audio_5709,8,Tocca nel seguente ordine il polipo il monopattino la bambina il pappagallo
7O,7OSU4,audio_5710,8,Tocca nel seguente ordine il polipo il monopattino la bambina il leone
7O,7OSU4,audio_5711,8,Tocca nel seguente ordine il polipo il monopattino la bambina l'ombrello
7O,7OSU4,audio_5712,8,Tocca nel seguente ordine il polipo il monopattino l'ombrello la scimmia
7O,7OSU4,audio_5713,8,Tocca nel seguente ordine il polipo il monopattino l'ombrello il gelato
7O,7OSU4,audio_5714,8,Tocca nel seguente ordine il polipo il monopattino l'ombrello gli occhiali da sole
7O,7OSU4,audio_5715,8,Tocca nel seguente ordine il polipo il monopattino l'ombrello la bicicletta
7O,7OSU4,audio_5716,8,Tocca nel seguente ordine il polipo il monopattino l'ombrello il pappagallo
7O,7OSU4,audio_5717,8,Tocca nel seguente ordine il polipo il monopattino l'ombrello la bambina
7O,7OSU4,audio_5718,8,Tocca nel seguente ordine il polipo il monopattino l'ombrello il leone
7O,7OSU4,audio_5719,8,Tocca nel seguente ordine il polipo la bambina il leone la scimmia
7O,7OSU4,audio_5720,8,Tocca nel seguente ordine il polipo la bambina il leone il gelato
7O,7OSU4,audio_5721,8,Tocca nel seguente ordine il polipo la bambina il leone gli occhiali da sole
7O,7OSU4,audio_5722,8,Tocca nel seguente ordine il polipo la bambina il leone la bicicletta
7O,7OSU4,audio_5723,8,Tocca nel seguente ordine il polipo la bambina il leone il monopattino
7O,7OSU4,audio_5724,8,Tocca nel seguente ordine il polipo la bambina il leone il pappagallo
7O,7OSU4,audio_5725,8,Tocca nel seguente ordine il polipo la bambina il leone l'ombrello
7O,7OSU4,audio_5726,8,Tocca nel seguente ordine il polipo la bambina la scimmia il leone
7O,7OSU4,audio_5727,8,Tocca nel seguente ordine il polipo la bambina la scimmia il gelato
7O,7OSU4,audio_5728,8,Tocca nel seguente ordine il polipo la bambina la scimmia gli occhiali da sole
7O,7OSU4,audio_5729,8,Tocca nel seguente ordine il polipo la bambina la scimmia la bicicletta
7O,7OSU4,audio_5730,8,Tocca nel seguente ordine il polipo la bambina la scimmia il monopattino
7O,7OSU4,audio_5731,8,Tocca nel seguente ordine il polipo la bambina la scimmia il pappagallo
7O,7OSU4,audio_5732,8,Tocca nel seguente ordine il polipo la bambina la scimmia l'ombrello
7O,7OSU4,audio_5733,8,Tocca nel seguente ordine il polipo la bambina il pappagallo la scimmia
7O,7OSU4,audio_5734,8,Tocca nel seguente ordine il polipo la bambina il pappagallo il gelato
7O,7OSU4,audio_5735,8,Tocca nel seguente ordine il polipo la bambina il pappagallo gli occhiali da sole
7O,7OSU4,audio_5736,8,Tocca nel seguente ordine il polipo la bambina il pappagallo la bicicletta
7O,7OSU4,audio_5737,8,Tocca nel seguente ordine il polipo la bambina il pappagallo il monopattino
7O,7OSU4,audio_5738,8,Tocca nel seguente ordine il polipo la bambina il pappagallo il leone
7O,7OSU4,audio_5739,8,Tocca nel seguente ordine il polipo la bambina il pappagallo l'ombrello
7O,7OSU4,audio_5740,8,Tocca nel seguente ordine il polipo la bambina il gelato la scimmia
7O,7OSU4,audio_5741,8,Tocca nel seguente ordine il polipo la bambina il gelato il leone
7O,7OSU4,audio_5742,8,Tocca nel seguente ordine il polipo la bambina il gelato gli occhiali da sole
7O,7OSU4,audio_5743,8,Tocca nel seguente ordine il polipo la bambina il gelato la bicicletta
7O,7OSU4,audio_5744,8,Tocca nel seguente ordine il polipo la bambina il gelato il monopattino
7O,7OSU4,audio_5745,8,Tocca nel seguente ordine il polipo la bambina il gelato il pappagallo
7O,7OSU4,audio_5746,8,Tocca nel seguente ordine il polipo la bambina il gelato l'ombrello
7O,7OSU4,audio_5747,8,Tocca nel seguente ordine il polipo la bambina gli occhiali da sole la scimmia
7O,7OSU4,audio_5748,8,Tocca nel seguente ordine il polipo la bambina gli occhiali da sole il gelato
7O,7OSU4,audio_5749,8,Tocca nel seguente ordine il polipo la bambina gli occhiali da sole il leone
7O,7OSU4,audio_5750,8,Tocca nel seguente ordine il polipo la bambina gli occhiali da sole la bicicletta
7O,7OSU4,audio_5751,8,Tocca nel seguente ordine il polipo la bambina gli occhiali da sole il monopattino
7O,7OSU4,audio_5752,8,Tocca nel seguente ordine il polipo la bambina gli occhiali da sole il pappagallo
7O,7OSU4,audio_5753,8,Tocca nel seguente ordine il polipo la bambina gli occhiali da sole l'ombrello
7O,7OSU4,audio_5754,8,Tocca nel seguente ordine il polipo la bambina la bicicletta la scimmia
7O,7OSU4,audio_5755,8,Tocca nel seguente ordine il polipo la bambina la bicicletta il gelato
7O,7OSU4,audio_5756,8,Tocca nel seguente ordine il polipo la bambina la bicicletta gli occhiali da sole
7O,7OSU4,audio_5757,8,Tocca nel seguente ordine il polipo la bambina la bicicletta il leone
7O,7OSU4,audio_5758,8,Tocca nel seguente ordine il polipo la bambina la bicicletta il monopattino
7O,7OSU4,audio_5759,8,Tocca nel seguente ordine il polipo la bambina la bicicletta il pappagallo
7O,7OSU4,audio_5760,8,Tocca nel seguente ordine il polipo la bambina la bicicletta l'ombrello
7O,7OSU4,audio_5761,8,Tocca nel seguente ordine il polipo la bambina il monopattino la scimmia
7O,7OSU4,audio_5762,8,Tocca nel seguente ordine il polipo la bambina il monopattino il gelato
7O,7OSU4,audio_5763,8,Tocca nel seguente ordine il polipo la bambina il monopattino gli occhiali da sole
7O,7OSU4,audio_5764,8,Tocca nel seguente ordine il polipo la bambina il monopattino la bicicletta
7O,7OSU4,audio_5765,8,Tocca nel seguente ordine il polipo la bambina il monopattino il leone
7O,7OSU4,audio_5766,8,Tocca nel seguente ordine il polipo la bambina il monopattino il pappagallo
7O,7OSU4,audio_5767,8,Tocca nel seguente ordine il polipo la bambina il monopattino l'ombrello
7O,7OSU4,audio_5768,8,Tocca nel seguente ordine il polipo la bambina l'ombrello la scimmia
7O,7OSU4,audio_5769,8,Tocca nel seguente ordine il polipo la bambina l'ombrello il gelato
7O,7OSU4,audio_5770,8,Tocca nel seguente ordine il polipo la bambina l'ombrello gli occhiali da sole
7O,7OSU4,audio_5771,8,Tocca nel seguente ordine il polipo la bambina l'ombrello la bicicletta
7O,7OSU4,audio_5772,8,Tocca nel seguente ordine il polipo la bambina l'ombrello il monopattino
7O,7OSU4,audio_5773,8,Tocca nel seguente ordine il polipo la bambina l'ombrello il pappagallo
7O,7OSU4,audio_5774,8,Tocca nel seguente ordine il polipo la bambina l'ombrello il leone
7O,7OSU4,audio_5775,8,Tocca nel seguente ordine il polipo l'ombrello il leone la scimmia
7O,7OSU4,audio_5776,8,Tocca nel seguente ordine il polipo l'ombrello il leone il gelato
7O,7OSU4,audio_5777,8,Tocca nel seguente ordine il polipo l'ombrello il leone gli occhiali da sole
7O,7OSU4,audio_5778,8,Tocca nel seguente ordine il polipo l'ombrello il leone la bicicletta
7O,7OSU4,audio_5779,8,Tocca nel seguente ordine il polipo l'ombrello il leone il monopattino
7O,7OSU4,audio_5780,8,Tocca nel seguente ordine il polipo l'ombrello il leone la bambina
7O,7OSU4,audio_5781,8,Tocca nel seguente ordine il polipo l'ombrello il leone il pappagallo
7O,7OSU4,audio_5782,8,Tocca nel seguente ordine il polipo l'ombrello la scimmia il leone
7O,7OSU4,audio_5783,8,Tocca nel seguente ordine il polipo l'ombrello la scimmia il gelato
7O,7OSU4,audio_5784,8,Tocca nel seguente ordine il polipo l'ombrello la scimmia gli occhiali da sole
7O,7OSU4,audio_5785,8,Tocca nel seguente ordine il polipo l'ombrello la scimmia la bicicletta
7O,7OSU4,audio_5786,8,Tocca nel seguente ordine il polipo l'ombrello la scimmia il monopattino
7O,7OSU4,audio_5787,8,Tocca nel seguente ordine il polipo l'ombrello la scimmia la bambina
7O,7OSU4,audio_5788,8,Tocca nel seguente ordine il polipo l'ombrello la scimmia il pappagallo
7O,7OSU4,audio_5789,8,Tocca nel seguente ordine il polipo l'ombrello il pappagallo la scimmia
7O,7OSU4,audio_5790,8,Tocca nel seguente ordine il polipo l'ombrello il pappagallo il gelato
7O,7OSU4,audio_5791,8,Tocca nel seguente ordine il polipo l'ombrello il pappagallo gli occhiali da sole
7O,7OSU4,audio_5792,8,Tocca nel seguente ordine il polipo l'ombrello il pappagallo la bicicletta
7O,7OSU4,audio_5793,8,Tocca nel seguente ordine il polipo l'ombrello il pappagallo il monopattino
7O,7OSU4,audio_5794,8,Tocca nel seguente ordine il polipo l'ombrello il pappagallo la bambina
7O,7OSU4,audio_5795,8,Tocca nel seguente ordine il polipo l'ombrello il pappagallo il leone
7O,7OSU4,audio_5796,8,Tocca nel seguente ordine il polipo l'ombrello il gelato la scimmia
7O,7OSU4,audio_5797,8,Tocca nel seguente ordine il polipo l'ombrello il gelato il leone
7O,7OSU4,audio_5798,8,Tocca nel seguente ordine il polipo l'ombrello il gelato gli occhiali da sole
7O,7OSU4,audio_5799,8,Tocca nel seguente ordine il polipo l'ombrello il gelato la bicicletta
7O,7OSU4,audio_5800,8,Tocca nel seguente ordine il polipo l'ombrello il gelato il monopattino
7O,7OSU4,audio_5801,8,Tocca nel seguente ordine il polipo l'ombrello il gelato la bambina
7O,7OSU4,audio_5802,8,Tocca nel seguente ordine il polipo l'ombrello il gelato il pappagallo
7O,7OSU4,audio_5803,8,Tocca nel seguente ordine il polipo l'ombrello gli occhiali da sole la scimmia
7O,7OSU4,audio_5804,8,Tocca nel seguente ordine il polipo l'ombrello gli occhiali da sole il gelato
7O,7OSU4,audio_5805,8,Tocca nel seguente ordine il polipo l'ombrello gli occhiali da sole il leone
7O,7OSU4,audio_5806,8,Tocca nel seguente ordine il polipo l'ombrello gli occhiali da sole la bicicletta
7O,7OSU4,audio_5807,8,Tocca nel seguente ordine il polipo l'ombrello gli occhiali da sole il monopattino
7O,7OSU4,audio_5808,8,Tocca nel seguente ordine il polipo l'ombrello gli occhiali da sole la bambina
7O,7OSU4,audio_5809,8,Tocca nel seguente ordine il polipo l'ombrello gli occhiali da sole il pappagallo
7O,7OSU4,audio_5810,8,Tocca nel seguente ordine il polipo l'ombrello la bicicletta la scimmia
7O,7OSU4,audio_5811,8,Tocca nel seguente ordine il polipo l'ombrello la bicicletta il gelato
7O,7OSU4,audio_5812,8,Tocca nel seguente ordine il polipo l'ombrello la bicicletta gli occhiali da sole
7O,7OSU4,audio_5813,8,Tocca nel seguente ordine il polipo l'ombrello la bicicletta il leone
7O,7OSU4,audio_5814,8,Tocca nel seguente ordine il polipo l'ombrello la bicicletta il monopattino
7O,7OSU4,audio_5815,8,Tocca nel seguente ordine il polipo l'ombrello la bicicletta la bambina
7O,7OSU4,audio_5816,8,Tocca nel seguente ordine il polipo l'ombrello la bicicletta il pappagallo
7O,7OSU4,audio_5817,8,Tocca nel seguente ordine il polipo l'ombrello il monopattino la scimmia
7O,7OSU4,audio_5818,8,Tocca nel seguente ordine il polipo l'ombrello il monopattino il gelato
7O,7OSU4,audio_5819,8,Tocca nel seguente ordine il polipo l'ombrello il monopattino gli occhiali da sole
7O,7OSU4,audio_5820,8,Tocca nel seguente ordine il polipo l'ombrello il monopattino la bicicletta
7O,7OSU4,audio_5821,8,Tocca nel seguente ordine il polipo l'ombrello il monopattino il leone
7O,7OSU4,audio_5822,8,Tocca nel seguente ordine il polipo l'ombrello il monopattino la bambina
7O,7OSU4,audio_5823,8,Tocca nel seguente ordine il polipo l'ombrello il monopattino il pappagallo
7O,7OSU4,audio_5824,8,Tocca nel seguente ordine il polipo l'ombrello la bambina la scimmia
7O,7OSU4,audio_5825,8,Tocca nel seguente ordine il polipo l'ombrello la bambina il gelato
7O,7OSU4,audio_5826,8,Tocca nel seguente ordine il polipo l'ombrello la bambina gli occhiali da sole
7O,7OSU4,audio_5827,8,Tocca nel seguente ordine il polipo l'ombrello la bambina la bicicletta
7O,7OSU4,audio_5828,8,Tocca nel seguente ordine il polipo l'ombrello la bambina il monopattino
7O,7OSU4,audio_5829,8,Tocca nel seguente ordine il polipo l'ombrello la bambina il leone
7O,7OSU4,audio_5830,8,Tocca nel seguente ordine il polipo l'ombrello la bambina il pappagallo
7O,7OSU4,audio_5831,8,Tocca nel seguente ordine il gelato il leone la scimmia il pappagallo
7O,7OSU4,audio_5832,8,Tocca nel seguente ordine il gelato il leone la scimmia il polipo
7O,7OSU4,audio_5833,8,Tocca nel seguente ordine il gelato il leone la scimmia gli occhiali da sole
7O,7OSU4,audio_5834,8,Tocca nel seguente ordine il gelato il leone la scimmia la bicicletta
7O,7OSU4,audio_5835,8,Tocca nel seguente ordine il gelato il leone la scimmia il monopattino
7O,7OSU4,audio_5836,8,Tocca nel seguente ordine il gelato il leone la scimmia la bambina
7O,7OSU4,audio_5837,8,Tocca nel seguente ordine il gelato il leone la scimmia l'ombrello
7O,7OSU4,audio_5838,8,Tocca nel seguente ordine il gelato il leone il pappagallo la scimmia
7O,7OSU4,audio_5839,8,Tocca nel seguente ordine il gelato il leone il pappagallo il polipo
7O,7OSU4,audio_5840,8,Tocca nel seguente ordine il gelato il leone il pappagallo gli occhiali da sole
7O,7OSU4,audio_5841,8,Tocca nel seguente ordine il gelato il leone il pappagallo la bicicletta
7O,7OSU4,audio_5842,8,Tocca nel seguente ordine il gelato il leone il pappagallo il leone
7O,7OSU4,audio_5843,8,Tocca nel seguente ordine il gelato il leone il pappagallo la bambina
7O,7OSU4,audio_5844,8,Tocca nel seguente ordine il gelato il leone il pappagallo l'ombrello
7O,7OSU4,audio_5845,8,Tocca nel seguente ordine il gelato il leone il polipo il pappagallo
7O,7OSU4,audio_5846,8,Tocca nel seguente ordine il gelato il leone il polipo la scimmia
7O,7OSU4,audio_5847,8,Tocca nel seguente ordine il gelato il leone il polipo gli occhiali da sole
7O,7OSU4,audio_5848,8,Tocca nel seguente ordine il gelato il leone il polipo la bicicletta
7O,7OSU4,audio_5849,8,Tocca nel seguente ordine il gelato il leone il polipo il monopattino
7O,7OSU4,audio_5850,8,Tocca nel seguente ordine il gelato il leone il polipo la bambina
7O,7OSU4,audio_5851,8,Tocca nel seguente ordine il gelato il leone il polipo l'ombrello
7O,7OSU4,audio_5852,8,Tocca nel seguente ordine il gelato il leone gli occhiali da sole il pappagallo
7O,7OSU4,audio_5853,8,Tocca nel seguente ordine il gelato il leone gli occhiali da sole il polipo
7O,7OSU4,audio_5854,8,Tocca nel seguente ordine il gelato il leone gli occhiali da sole la scimmia
7O,7OSU4,audio_5855,8,Tocca nel seguente ordine il gelato il leone gli occhiali da sole la bicicletta
7O,7OSU4,audio_5856,8,Tocca nel seguente ordine il gelato il leone gli occhiali da sole il monopattino
7O,7OSU4,audio_5857,8,Tocca nel seguente ordine il gelato il leone gli occhiali da sole la bambina
7O,7OSU4,audio_5858,8,Tocca nel seguente ordine il gelato il leone gli occhiali da sole l'ombrello
7O,7OSU4,audio_5859,8,Tocca nel seguente ordine il gelato il leone la bicicletta il pappagallo
7O,7OSU4,audio_5860,8,Tocca nel seguente ordine il gelato il leone la bicicletta il polipo
7O,7OSU4,audio_5861,8,Tocca nel seguente ordine il gelato il leone la bicicletta gli occhiali da sole
7O,7OSU4,audio_5862,8,Tocca nel seguente ordine il gelato il leone la bicicletta la scimmia
7O,7OSU4,audio_5863,8,Tocca nel seguente ordine il gelato il leone la bicicletta il monopattino
7O,7OSU4,audio_5864,8,Tocca nel seguente ordine il gelato il leone la bicicletta la bambina
7O,7OSU4,audio_5865,8,Tocca nel seguente ordine il gelato il leone la bicicletta l'ombrello
7O,7OSU4,audio_5866,8,Tocca nel seguente ordine il gelato il leone il monopattino il pappagallo
7O,7OSU4,audio_5867,8,Tocca nel seguente ordine il gelato il leone il monopattino il polipo
7O,7OSU4,audio_5868,8,Tocca nel seguente ordine il gelato il leone il monopattino gli occhiali da sole
7O,7OSU4,audio_5869,8,Tocca nel seguente ordine il gelato il leone il monopattino la bicicletta
7O,7OSU4,audio_5870,8,Tocca nel seguente ordine il gelato il leone il monopattino la scimmia
7O,7OSU4,audio_5871,8,Tocca nel seguente ordine il gelato il leone il monopattino la bambina
7O,7OSU4,audio_5872,8,Tocca nel seguente ordine il gelato il leone il monopattino l'ombrello
7O,7OSU4,audio_5873,8,Tocca nel seguente ordine il gelato il leone la bambina il pappagallo
7O,7OSU4,audio_5874,8,Tocca nel seguente ordine il gelato il leone la bambina il polipo
7O,7OSU4,audio_5875,8,Tocca nel seguente ordine il gelato il leone la bambina gli occhiali da sole
7O,7OSU4,audio_5876,8,Tocca nel seguente ordine il gelato il leone la bambina la bicicletta
7O,7OSU4,audio_5877,8,Tocca nel seguente ordine il gelato il leone la bambina il monopattino
7O,7OSU4,audio_5878,8,Tocca nel seguente ordine il gelato il leone la bambina la scimmia
7O,7OSU4,audio_5879,8,Tocca nel seguente ordine il gelato il leone la bambina l'ombrello
7O,7OSU4,audio_5880,8,Tocca nel seguente ordine il gelato il leone l'ombrello il pappagallo
7O,7OSU4,audio_5881,8,Tocca nel seguente ordine il gelato il leone l'ombrello il polipo
7O,7OSU4,audio_5882,8,Tocca nel seguente ordine il gelato il leone l'ombrello gli occhiali da sole
7O,7OSU4,audio_5883,8,Tocca nel seguente ordine il gelato il leone l'ombrello la bicicletta
7O,7OSU4,audio_5884,8,Tocca nel seguente ordine il gelato il leone l'ombrello il monopattino
7O,7OSU4,audio_5885,8,Tocca nel seguente ordine il gelato il leone l'ombrello la bambina
7O,7OSU4,audio_5886,8,Tocca nel seguente ordine il gelato il leone l'ombrello la scimmia
7O,7OSU4,audio_5887,8,Tocca nel seguente ordine il gelato la scimmia il leone il pappagallo
7O,7OSU4,audio_5888,8,Tocca nel seguente ordine il gelato la scimmia il leone il polipo
7O,7OSU4,audio_5889,8,Tocca nel seguente ordine il gelato la scimmia il leone gli occhiali da sole
7O,7OSU4,audio_5890,8,Tocca nel seguente ordine il gelato la scimmia il leone la bicicletta
7O,7OSU4,audio_5891,8,Tocca nel seguente ordine il gelato la scimmia il leone il monopattino
7O,7OSU4,audio_5892,8,Tocca nel seguente ordine il gelato la scimmia il leone la bambina
7O,7OSU4,audio_5893,8,Tocca nel seguente ordine il gelato la scimmia il leone l'ombrello
7O,7OSU4,audio_5894,8,Tocca nel seguente ordine il gelato la scimmia il pappagallo il leone
7O,7OSU4,audio_5895,8,Tocca nel seguente ordine il gelato la scimmia il pappagallo il polipo
7O,7OSU4,audio_5896,8,Tocca nel seguente ordine il gelato la scimmia il pappagallo gli occhiali da sole
7O,7OSU4,audio_5897,8,Tocca nel seguente ordine il gelato la scimmia il pappagallo la bicicletta
7O,7OSU4,audio_5898,8,Tocca nel seguente ordine il gelato la scimmia il pappagallo il monopattino
7O,7OSU4,audio_5899,8,Tocca nel seguente ordine il gelato la scimmia il pappagallo la bambina
7O,7OSU4,audio_5900,8,Tocca nel seguente ordine il gelato la scimmia il pappagallo l'ombrello
7O,7OSU4,audio_5901,8,Tocca nel seguente ordine il gelato la scimmia il polipo il leone
7O,7OSU4,audio_5902,8,Tocca nel seguente ordine il gelato la scimmia il polipo la scimmia
7O,7OSU4,audio_5903,8,Tocca nel seguente ordine il gelato la scimmia il polipo gli occhiali da sole
7O,7OSU4,audio_5904,8,Tocca nel seguente ordine il gelato la scimmia il polipo la bicicletta
7O,7OSU4,audio_5905,8,Tocca nel seguente ordine il gelato la scimmia il polipo il monopattino
7O,7OSU4,audio_5906,8,Tocca nel seguente ordine il gelato la scimmia il polipo la bambina
7O,7OSU4,audio_5907,8,Tocca nel seguente ordine il gelato la scimmia il polipo l'ombrello
7O,7OSU4,audio_5908,8,Tocca nel seguente ordine il gelato la scimmia gli occhiali da sole il pappagallo
7O,7OSU4,audio_5909,8,Tocca nel seguente ordine il gelato la scimmia gli occhiali da sole il polipo
7O,7OSU4,audio_5910,8,Tocca nel seguente ordine il gelato la scimmia gli occhiali da sole il leone
7O,7OSU4,audio_5911,8,Tocca nel seguente ordine il gelato la scimmia gli occhiali da sole la bicicletta
7O,7OSU4,audio_5912,8,Tocca nel seguente ordine il gelato la scimmia gli occhiali da sole il monopattino
7O,7OSU4,audio_5913,8,Tocca nel seguente ordine il gelato la scimmia gli occhiali da sole la bambina
7O,7OSU4,audio_5914,8,Tocca nel seguente ordine il gelato la scimmia gli occhiali da sole l'ombrello
7O,7OSU4,audio_5915,8,Tocca nel seguente ordine il gelato la scimmia la bicicletta il pappagallo
7O,7OSU4,audio_5916,8,Tocca nel seguente ordine il gelato la scimmia la bicicletta il polipo
7O,7OSU4,audio_5917,8,Tocca nel seguente ordine il gelato la scimmia la bicicletta gli occhiali da sole
7O,7OSU4,audio_5918,8,Tocca nel seguente ordine il gelato la scimmia la bicicletta il monopattino
7O,7OSU4,audio_5919,8,Tocca nel seguente ordine il gelato la scimmia la bicicletta il leone
7O,7OSU4,audio_5920,8,Tocca nel seguente ordine il gelato la scimmia la bicicletta la bambina
7O,7OSU4,audio_5921,8,Tocca nel seguente ordine il gelato la scimmia la bicicletta l'ombrello
7O,7OSU4,audio_5922,8,Tocca nel seguente ordine il gelato la scimmia il monopattino il pappagallo
7O,7OSU4,audio_5923,8,Tocca nel seguente ordine il gelato la scimmia il monopattino il polipo
7O,7OSU4,audio_5924,8,Tocca nel seguente ordine il gelato la scimmia il monopattino gli occhiali da sole
7O,7OSU4,audio_5925,8,Tocca nel seguente ordine il gelato la scimmia il monopattino la bicicletta
7O,7OSU4,audio_5926,8,Tocca nel seguente ordine il gelato la scimmia il monopattino il leone
7O,7OSU4,audio_5927,8,Tocca nel seguente ordine il gelato la scimmia il monopattino la bambina
7O,7OSU4,audio_5928,8,Tocca nel seguente ordine il gelato la scimmia il monopattino l'ombrello
7O,7OSU4,audio_5929,8,Tocca nel seguente ordine il gelato la scimmia la bambina il pappagallo
7O,7OSU4,audio_5930,8,Tocca nel seguente ordine il gelato la scimmia la bambina il polipo
7O,7OSU4,audio_5931,8,Tocca nel seguente ordine il gelato la scimmia la bambina gli occhiali da sole
7O,7OSU4,audio_5932,8,Tocca nel seguente ordine il gelato la scimmia la bambina la bicicletta
7O,7OSU4,audio_5933,8,Tocca nel seguente ordine il gelato la scimmia la bambina il leone
7O,7OSU4,audio_5934,8,Tocca nel seguente ordine il gelato la scimmia la bambina il monopattino
7O,7OSU4,audio_5935,8,Tocca nel seguente ordine il gelato la scimmia la bambina l'ombrello
7O,7OSU4,audio_5936,8,Tocca nel seguente ordine il gelato la scimmia l'ombrello il pappagallo
7O,7OSU4,audio_5937,8,Tocca nel seguente ordine il gelato la scimmia l'ombrello il polipo
7O,7OSU4,audio_5938,8,Tocca nel seguente ordine il gelato la scimmia l'ombrello gli occhiali da sole
7O,7OSU4,audio_5939,8,Tocca nel seguente ordine il gelato la scimmia l'ombrello la bicicletta
7O,7OSU4,audio_5940,8,Tocca nel seguente ordine il gelato la scimmia l'ombrello il leone
7O,7OSU4,audio_5941,8,Tocca nel seguente ordine il gelato la scimmia l'ombrello la bambina
7O,7OSU4,audio_5942,8,Tocca nel seguente ordine il gelato la scimmia l'ombrello il monopattino
7O,7OSU4,audio_5943,8,Tocca nel seguente ordine il gelato il pappagallo il leone la scimmia
7O,7OSU4,audio_5944,8,Tocca nel seguente ordine il gelato il pappagallo il leone il polipo
7O,7OSU4,audio_5945,8,Tocca nel seguente ordine il gelato il pappagallo il leone gli occhiali da sole
7O,7OSU4,audio_5946,8,Tocca nel seguente ordine il gelato il pappagallo il leone la bicicletta
7O,7OSU4,audio_5947,8,Tocca nel seguente ordine il gelato il pappagallo il leone il monopattino
7O,7OSU4,audio_5948,8,Tocca nel seguente ordine il gelato il pappagallo il leone la bambina
7O,7OSU4,audio_5949,8,Tocca nel seguente ordine il gelato il pappagallo il leone l'ombrello
7O,7OSU4,audio_5950,8,Tocca nel seguente ordine il gelato il pappagallo la scimmia il polipo
7O,7OSU4,audio_5951,8,Tocca nel seguente ordine il gelato il pappagallo la scimmia gli occhiali da sole
7O,7OSU4,audio_5952,8,Tocca nel seguente ordine il gelato il pappagallo la scimmia la bicicletta
7O,7OSU4,audio_5953,8,Tocca nel seguente ordine il gelato il pappagallo la scimmia il monopattino
7O,7OSU4,audio_5954,8,Tocca nel seguente ordine il gelato il pappagallo la scimmia il leone
7O,7OSU4,audio_5955,8,Tocca nel seguente ordine il gelato il pappagallo la scimmia la bambina
7O,7OSU4,audio_5956,8,Tocca nel seguente ordine il gelato il pappagallo la scimmia l'ombrello
7O,7OSU4,audio_5957,8,Tocca nel seguente ordine il gelato il pappagallo il polipo il monopattino
7O,7OSU4,audio_5958,8,Tocca nel seguente ordine il gelato il pappagallo il polipo la scimmia
7O,7OSU4,audio_5959,8,Tocca nel seguente ordine il gelato il pappagallo il polipo gli occhiali da sole
7O,7OSU4,audio_5960,8,Tocca nel seguente ordine il gelato il pappagallo il polipo la bicicletta
7O,7OSU4,audio_5961,8,Tocca nel seguente ordine il gelato il pappagallo il polipo il leone
7O,7OSU4,audio_5962,8,Tocca nel seguente ordine il gelato il pappagallo il polipo la bambina
7O,7OSU4,audio_5963,8,Tocca nel seguente ordine il gelato il pappagallo il polipo l'ombrello
7O,7OSU4,audio_5964,8,Tocca nel seguente ordine il gelato il pappagallo gli occhiali da sole il monopattino
7O,7OSU4,audio_5965,8,Tocca nel seguente ordine il gelato il pappagallo gli occhiali da sole il polipo
7O,7OSU4,audio_5966,8,Tocca nel seguente ordine il gelato il pappagallo gli occhiali da sole la scimmia
7O,7OSU4,audio_5967,8,Tocca nel seguente ordine il gelato il pappagallo gli occhiali da sole la bicicletta
7O,7OSU4,audio_5968,8,Tocca nel seguente ordine il gelato il pappagallo gli occhiali da sole il leone
7O,7OSU4,audio_5969,8,Tocca nel seguente ordine il gelato il pappagallo gli occhiali da sole la bambina
7O,7OSU4,audio_5970,8,Tocca nel seguente ordine il gelato il pappagallo gli occhiali da sole l'ombrello
7O,7OSU4,audio_5971,8,Tocca nel seguente ordine il gelato il pappagallo la bicicletta il monopattino
7O,7OSU4,audio_5972,8,Tocca nel seguente ordine il gelato il pappagallo la bicicletta il polipo
7O,7OSU4,audio_5973,8,Tocca nel seguente ordine il gelato il pappagallo la bicicletta gli occhiali da sole
7O,7OSU4,audio_5974,8,Tocca nel seguente ordine il gelato il pappagallo la bicicletta la scimmia
7O,7OSU4,audio_5975,8,Tocca nel seguente ordine il gelato il pappagallo la bicicletta il leone
7O,7OSU4,audio_5976,8,Tocca nel seguente ordine il gelato il pappagallo la bicicletta la bambina
7O,7OSU4,audio_5977,8,Tocca nel seguente ordine il gelato il pappagallo la bicicletta l'ombrello
7O,7OSU4,audio_5978,8,Tocca nel seguente ordine il gelato il pappagallo il monopattino la scimmia
7O,7OSU4,audio_5979,8,Tocca nel seguente ordine il gelato il pappagallo il monopattino il polipo
7O,7OSU4,audio_5980,8,Tocca nel seguente ordine il gelato il pappagallo il monopattino gli occhiali da sole
7O,7OSU4,audio_5981,8,Tocca nel seguente ordine il gelato il pappagallo il monopattino la bicicletta
7O,7OSU4,audio_5982,8,Tocca nel seguente ordine il gelato il pappagallo il monopattino il leone
7O,7OSU4,audio_5983,8,Tocca nel seguente ordine il gelato il pappagallo il monopattino la bambina
7O,7OSU4,audio_5984,8,Tocca nel seguente ordine il gelato il pappagallo il monopattino l'ombrello
7O,7OSU4,audio_5985,8,Tocca nel seguente ordine il gelato il pappagallo la bambina la scimmia
7O,7OSU4,audio_5986,8,Tocca nel seguente ordine il gelato il pappagallo la bambina il polipo
7O,7OSU4,audio_5987,8,Tocca nel seguente ordine il gelato il pappagallo la bambina gli occhiali da sole
7O,7OSU4,audio_5988,8,Tocca nel seguente ordine il gelato il pappagallo la bambina la bicicletta
7O,7OSU4,audio_5989,8,Tocca nel seguente ordine il gelato il pappagallo la bambina il leone
7O,7OSU4,audio_5990,8,Tocca nel seguente ordine il gelato il pappagallo la bambina il monopattino
7O,7OSU4,audio_5991,8,Tocca nel seguente ordine il gelato il pappagallo la bambina l'ombrello
7O,7OSU4,audio_5992,8,Tocca nel seguente ordine il gelato il pappagallo l'ombrello la scimmia
7O,7OSU4,audio_5993,8,Tocca nel seguente ordine il gelato il pappagallo l'ombrello il polipo
7O,7OSU4,audio_5994,8,Tocca nel seguente ordine il gelato il pappagallo l'ombrello gli occhiali da sole
7O,7OSU4,audio_5995,8,Tocca nel seguente ordine il gelato il pappagallo l'ombrello la bicicletta
7O,7OSU4,audio_5996,8,Tocca nel seguente ordine il gelato il pappagallo l'ombrello il leone
7O,7OSU4,audio_5997,8,Tocca nel seguente ordine il gelato il pappagallo l'ombrello la bambina
7O,7OSU4,audio_5998,8,Tocca nel seguente ordine il gelato il pappagallo l'ombrello il monopattino
7O,7OSU4,audio_5999,8,Tocca nel seguente ordine il gelato il polipo il leone il pappagallo
7O,7OSU4,audio_6000,8,Tocca nel seguente ordine il gelato il polipo il leone il monopattino
7O,7OSU4,audio_6001,8,Tocca nel seguente ordine il gelato il polipo il leone gli occhiali da sole
7O,7OSU4,audio_6002,8,Tocca nel seguente ordine il gelato il polipo il leone la bicicletta
7O,7OSU4,audio_6003,8,Tocca nel seguente ordine il gelato il polipo il leone la scimmia
7O,7OSU4,audio_6004,8,Tocca nel seguente ordine il gelato il polipo il leone la bambina
7O,7OSU4,audio_6005,8,Tocca nel seguente ordine il gelato il polipo il leone l'ombrello
7O,7OSU4,audio_6006,8,Tocca nel seguente ordine il gelato il polipo la scimmia il pappagallo
7O,7OSU4,audio_6007,8,Tocca nel seguente ordine il gelato il polipo la scimmia il monopattino
7O,7OSU4,audio_6008,8,Tocca nel seguente ordine il gelato il polipo la scimmia gli occhiali da sole
7O,7OSU4,audio_6009,8,Tocca nel seguente ordine il gelato il polipo la scimmia la bicicletta
7O,7OSU4,audio_6010,8,Tocca nel seguente ordine il gelato il polipo la scimmia il leone
7O,7OSU4,audio_6011,8,Tocca nel seguente ordine il gelato il polipo la scimmia la bambina
7O,7OSU4,audio_6012,8,Tocca nel seguente ordine il gelato il polipo la scimmia l'ombrello
7O,7OSU4,audio_6013,8,Tocca nel seguente ordine il gelato il polipo il pappagallo la scimmia
7O,7OSU4,audio_6014,8,Tocca nel seguente ordine il gelato il polipo il pappagallo il monopattino
7O,7OSU4,audio_6015,8,Tocca nel seguente ordine il gelato il polipo il pappagallo gli occhiali da sole
7O,7OSU4,audio_6016,8,Tocca nel seguente ordine il gelato il polipo il pappagallo la bicicletta
7O,7OSU4,audio_6017,8,Tocca nel seguente ordine il gelato il polipo il pappagallo il leone
7O,7OSU4,audio_6018,8,Tocca nel seguente ordine il gelato il polipo il pappagallo la bambina
7O,7OSU4,audio_6019,8,Tocca nel seguente ordine il gelato il polipo il pappagallo l'ombrello
7O,7OSU4,audio_6020,8,Tocca nel seguente ordine il gelato il polipo gli occhiali da sole il pappagallo
7O,7OSU4,audio_6021,8,Tocca nel seguente ordine il gelato il polipo gli occhiali da sole il monopattino
7O,7OSU4,audio_6022,8,Tocca nel seguente ordine il gelato il polipo gli occhiali da sole la scimmia
7O,7OSU4,audio_6023,8,Tocca nel seguente ordine il gelato il polipo gli occhiali da sole la bicicletta
7O,7OSU4,audio_6024,8,Tocca nel seguente ordine il gelato il polipo gli occhiali da sole il leone
7O,7OSU4,audio_6025,8,Tocca nel seguente ordine il gelato il polipo gli occhiali da sole la bambina
7O,7OSU4,audio_6026,8,Tocca nel seguente ordine il gelato il polipo gli occhiali da sole l'ombrello
7O,7OSU4,audio_6027,8,Tocca nel seguente ordine il gelato il polipo la bicicletta il pappagallo
7O,7OSU4,audio_6028,8,Tocca nel seguente ordine il gelato il polipo la bicicletta il monopattino
7O,7OSU4,audio_6029,8,Tocca nel seguente ordine il gelato il polipo la bicicletta gli occhiali da sole
7O,7OSU4,audio_6030,8,Tocca nel seguente ordine il gelato il polipo la bicicletta la scimmia
7O,7OSU4,audio_6031,8,Tocca nel seguente ordine il gelato il polipo la bicicletta il leone
7O,7OSU4,audio_6032,8,Tocca nel seguente ordine il gelato il polipo la bicicletta la bambina
7O,7OSU4,audio_6033,8,Tocca nel seguente ordine il gelato il polipo la bicicletta l'ombrello
7O,7OSU4,audio_6034,8,Tocca nel seguente ordine il gelato il polipo il monopattino il pappagallo
7O,7OSU4,audio_6035,8,Tocca nel seguente ordine il gelato il polipo il monopattino la scimmia
7O,7OSU4,audio_6036,8,Tocca nel seguente ordine il gelato il polipo il monopattino gli occhiali da sole
7O,7OSU4,audio_6037,8,Tocca nel seguente ordine il gelato il polipo il monopattino la bicicletta
7O,7OSU4,audio_6038,8,Tocca nel seguente ordine il gelato il polipo il monopattino il leone
7O,7OSU4,audio_6039,8,Tocca nel seguente ordine il gelato il polipo il monopattino la bambina
7O,7OSU4,audio_6040,8,Tocca nel seguente ordine il gelato il polipo il monopattino l'ombrello
7O,7OSU4,audio_6041,8,Tocca nel seguente ordine il gelato il polipo la bambina il pappagallo
7O,7OSU4,audio_6042,8,Tocca nel seguente ordine il gelato il polipo la bambina il monopattino
7O,7OSU4,audio_6043,8,Tocca nel seguente ordine il gelato il polipo la bambina gli occhiali da sole
7O,7OSU4,audio_6044,8,Tocca nel seguente ordine il gelato il polipo la bambina la bicicletta
7O,7OSU4,audio_6045,8,Tocca nel seguente ordine il gelato il polipo la bambina il leone
7O,7OSU4,audio_6046,8,Tocca nel seguente ordine il gelato il polipo la bambina la scimmia
7O,7OSU4,audio_6047,8,Tocca nel seguente ordine il gelato il polipo la bambina l'ombrello
7O,7OSU4,audio_6048,8,Tocca nel seguente ordine il gelato il polipo l'ombrello il pappagallo
7O,7OSU4,audio_6049,8,Tocca nel seguente ordine il gelato il polipo l'ombrello il monopattino
7O,7OSU4,audio_6050,8,Tocca nel seguente ordine il gelato il polipo l'ombrello gli occhiali da sole
7O,7OSU4,audio_6051,8,Tocca nel seguente ordine il gelato il polipo l'ombrello la bicicletta
7O,7OSU4,audio_6052,8,Tocca nel seguente ordine il gelato il polipo l'ombrello il leone
7O,7OSU4,audio_6053,8,Tocca nel seguente ordine il gelato il polipo l'ombrello la bambina
7O,7OSU4,audio_6054,8,Tocca nel seguente ordine il gelato il polipo l'ombrello la scimmia
7O,7OSU4,audio_6055,8,Tocca nel seguente ordine il gelato gli occhiali da sole il leone il pappagallo
7O,7OSU4,audio_6056,8,Tocca nel seguente ordine il gelato gli occhiali da sole il leone la scimmia
7O,7OSU4,audio_6057,8,Tocca nel seguente ordine il gelato gli occhiali da sole il leone il monopattino
7O,7OSU4,audio_6058,8,Tocca nel seguente ordine il gelato gli occhiali da sole il leone la bicicletta
7O,7OSU4,audio_6059,8,Tocca nel seguente ordine il gelato gli occhiali da sole il leone il leone
7O,7OSU4,audio_6060,8,Tocca nel seguente ordine il gelato gli occhiali da sole il leone la bambina
7O,7OSU4,audio_6061,8,Tocca nel seguente ordine il gelato gli occhiali da sole il leone l'ombrello
7O,7OSU4,audio_6062,8,Tocca nel seguente ordine il gelato gli occhiali da sole la scimmia il pappagallo
7O,7OSU4,audio_6063,8,Tocca nel seguente ordine il gelato gli occhiali da sole la scimmia il polipo
7O,7OSU4,audio_6064,8,Tocca nel seguente ordine il gelato gli occhiali da sole la scimmia il monopattino
7O,7OSU4,audio_6065,8,Tocca nel seguente ordine il gelato gli occhiali da sole la scimmia la bicicletta
7O,7OSU4,audio_6066,8,Tocca nel seguente ordine il gelato gli occhiali da sole la scimmia il leone
7O,7OSU4,audio_6067,8,Tocca nel seguente ordine il gelato gli occhiali da sole la scimmia la bambina
7O,7OSU4,audio_6068,8,Tocca nel seguente ordine il gelato gli occhiali da sole la scimmia l'ombrello
7O,7OSU4,audio_6069,8,Tocca nel seguente ordine il gelato gli occhiali da sole il pappagallo la scimmia
7O,7OSU4,audio_6070,8,Tocca nel seguente ordine il gelato gli occhiali da sole il pappagallo il polipo
7O,7OSU4,audio_6071,8,Tocca nel seguente ordine il gelato gli occhiali da sole il pappagallo il monopattino
7O,7OSU4,audio_6072,8,Tocca nel seguente ordine il gelato gli occhiali da sole il pappagallo la bicicletta
7O,7OSU4,audio_6073,8,Tocca nel seguente ordine il gelato gli occhiali da sole il pappagallo il leone
7O,7OSU4,audio_6074,8,Tocca nel seguente ordine il gelato gli occhiali da sole il pappagallo la bambina
7O,7OSU4,audio_6075,8,Tocca nel seguente ordine il gelato gli occhiali da sole il pappagallo l'ombrello
7O,7OSU4,audio_6076,8,Tocca nel seguente ordine il gelato gli occhiali da sole il polipo il pappagallo
7O,7OSU4,audio_6077,8,Tocca nel seguente ordine il gelato gli occhiali da sole il polipo il monopattino
7O,7OSU4,audio_6078,8,Tocca nel seguente ordine il gelato gli occhiali da sole il polipo la scimmia
7O,7OSU4,audio_6079,8,Tocca nel seguente ordine il gelato gli occhiali da sole il polipo la bicicletta
7O,7OSU4,audio_6080,8,Tocca nel seguente ordine il gelato gli occhiali da sole il polipo il leone
7O,7OSU4,audio_6081,8,Tocca nel seguente ordine il gelato gli occhiali da sole il polipo la bambina
7O,7OSU4,audio_6082,8,Tocca nel seguente ordine il gelato gli occhiali da sole il polipo l'ombrello
7O,7OSU4,audio_6083,8,Tocca nel seguente ordine il gelato gli occhiali da sole la bicicletta il pappagallo
7O,7OSU4,audio_6084,8,Tocca nel seguente ordine il gelato gli occhiali da sole la bicicletta il polipo
7O,7OSU4,audio_6085,8,Tocca nel seguente ordine il gelato gli occhiali da sole la bicicletta la scimmia
7O,7OSU4,audio_6086,8,Tocca nel seguente ordine il gelato gli occhiali da sole la bicicletta il monopattino
7O,7OSU4,audio_6087,8,Tocca nel seguente ordine il gelato gli occhiali da sole la bicicletta il leone
7O,7OSU4,audio_6088,8,Tocca nel seguente ordine il gelato gli occhiali da sole la bicicletta la bambina
7O,7OSU4,audio_6089,8,Tocca nel seguente ordine il gelato gli occhiali da sole la bicicletta l'ombrello
7O,7OSU4,audio_6090,8,Tocca nel seguente ordine il gelato gli occhiali da sole il monopattino il pappagallo
7O,7OSU4,audio_6091,8,Tocca nel seguente ordine il gelato gli occhiali da sole il monopattino il polipo
7O,7OSU4,audio_6092,8,Tocca nel seguente ordine il gelato gli occhiali da sole il monopattino la scimmia
7O,7OSU4,audio_6093,8,Tocca nel seguente ordine il gelato gli occhiali da sole il monopattino la bicicletta
7O,7OSU4,audio_6094,8,Tocca nel seguente ordine il gelato gli occhiali da sole il monopattino il leone
7O,7OSU4,audio_6095,8,Tocca nel seguente ordine il gelato gli occhiali da sole il monopattino la bambina
7O,7OSU4,audio_6096,8,Tocca nel seguente ordine il gelato gli occhiali da sole il monopattino l'ombrello
7O,7OSU4,audio_6097,8,Tocca nel seguente ordine il gelato gli occhiali da sole la bambina il pappagallo
7O,7OSU4,audio_6098,8,Tocca nel seguente ordine il gelato gli occhiali da sole la bambina il polipo
7O,7OSU4,audio_6099,8,Tocca nel seguente ordine il gelato gli occhiali da sole la bambina la scimmia
7O,7OSU4,audio_6100,8,Tocca nel seguente ordine il gelato gli occhiali da sole la bambina la bicicletta
7O,7OSU4,audio_6101,8,Tocca nel seguente ordine il gelato gli occhiali da sole la bambina il leone
7O,7OSU4,audio_6102,8,Tocca nel seguente ordine il gelato gli occhiali da sole la bambina il monopattino
7O,7OSU4,audio_6103,8,Tocca nel seguente ordine il gelato gli occhiali da sole la bambina l'ombrello
7O,7OSU4,audio_6104,8,Tocca nel seguente ordine il gelato gli occhiali da sole l'ombrello il pappagallo
7O,7OSU4,audio_6105,8,Tocca nel seguente ordine il gelato gli occhiali da sole l'ombrello il polipo
7O,7OSU4,audio_6106,8,Tocca nel seguente ordine il gelato gli occhiali da sole l'ombrello la scimmia
7O,7OSU4,audio_6107,8,Tocca nel seguente ordine il gelato gli occhiali da sole l'ombrello la bicicletta
7O,7OSU4,audio_6108,8,Tocca nel seguente ordine il gelato gli occhiali da sole l'ombrello il leone
7O,7OSU4,audio_6109,8,Tocca nel seguente ordine il gelato gli occhiali da sole l'ombrello la bambina
7O,7OSU4,audio_6110,8,Tocca nel seguente ordine il gelato gli occhiali da sole l'ombrello il monopattino
7O,7OSU4,audio_6111,8,Tocca nel seguente ordine il gelato la bicicletta il leone il pappagallo
7O,7OSU4,audio_6112,8,Tocca nel seguente ordine il gelato la bicicletta il leone il polipo
7O,7OSU4,audio_6113,8,Tocca nel seguente ordine il gelato la bicicletta il leone gli occhiali da sole
7O,7OSU4,audio_6114,8,Tocca nel seguente ordine il gelato la bicicletta il leone il monopattino
7O,7OSU4,audio_6115,8,Tocca nel seguente ordine il gelato la bicicletta il leone la scimmia
7O,7OSU4,audio_6116,8,Tocca nel seguente ordine il gelato la bicicletta il leone la bambina
7O,7OSU4,audio_6117,8,Tocca nel seguente ordine il gelato la bicicletta il leone l'ombrello
7O,7OSU4,audio_6118,8,Tocca nel seguente ordine il gelato la bicicletta la scimmia il pappagallo
7O,7OSU4,audio_6119,8,Tocca nel seguente ordine il gelato la bicicletta la scimmia il polipo
7O,7OSU4,audio_6120,8,Tocca nel seguente ordine il gelato la bicicletta la scimmia gli occhiali da sole
7O,7OSU4,audio_6121,8,Tocca nel seguente ordine il gelato la bicicletta la scimmia il monopattino
7O,7OSU4,audio_6122,8,Tocca nel seguente ordine il gelato la bicicletta la scimmia il leone
7O,7OSU4,audio_6123,8,Tocca nel seguente ordine il gelato la bicicletta la scimmia la bambina
7O,7OSU4,audio_6124,8,Tocca nel seguente ordine il gelato la bicicletta la scimmia l'ombrello
7O,7OSU4,audio_6125,8,Tocca nel seguente ordine il gelato la bicicletta il pappagallo la scimmia
7O,7OSU4,audio_6126,8,Tocca nel seguente ordine il gelato la bicicletta il pappagallo il polipo
7O,7OSU4,audio_6127,8,Tocca nel seguente ordine il gelato la bicicletta il pappagallo gli occhiali da sole
7O,7OSU4,audio_6128,8,Tocca nel seguente ordine il gelato la bicicletta il pappagallo il monopattino
7O,7OSU4,audio_6129,8,Tocca nel seguente ordine il gelato la bicicletta il pappagallo il leone
7O,7OSU4,audio_6130,8,Tocca nel seguente ordine il gelato la bicicletta il pappagallo la bambina
7O,7OSU4,audio_6131,8,Tocca nel seguente ordine il gelato la bicicletta il pappagallo l'ombrello
7O,7OSU4,audio_6132,8,Tocca nel seguente ordine il gelato la bicicletta il polipo il pappagallo
7O,7OSU4,audio_6133,8,Tocca nel seguente ordine il gelato la bicicletta il polipo la scimmia
7O,7OSU4,audio_6134,8,Tocca nel seguente ordine il gelato la bicicletta il polipo gli occhiali da sole
7O,7OSU4,audio_6135,8,Tocca nel seguente ordine il gelato la bicicletta il polipo il monopattino
7O,7OSU4,audio_6136,8,Tocca nel seguente ordine il gelato la bicicletta il polipo il leone
7O,7OSU4,audio_6137,8,Tocca nel seguente ordine il gelato la bicicletta il polipo la bambina
7O,7OSU4,audio_6138,8,Tocca nel seguente ordine il gelato la bicicletta il polipo l'ombrello
7O,7OSU4,audio_6139,8,Tocca nel seguente ordine il gelato la bicicletta gli occhiali da sole il pappagallo
7O,7OSU4,audio_6140,8,Tocca nel seguente ordine il gelato la bicicletta gli occhiali da sole il polipo
7O,7OSU4,audio_6141,8,Tocca nel seguente ordine il gelato la bicicletta gli occhiali da sole la scimmia
7O,7OSU4,audio_6142,8,Tocca nel seguente ordine il gelato la bicicletta gli occhiali da sole il monopattino
7O,7OSU4,audio_6143,8,Tocca nel seguente ordine il gelato la bicicletta gli occhiali da sole il leone
7O,7OSU4,audio_6144,8,Tocca nel seguente ordine il gelato la bicicletta gli occhiali da sole la bambina
7O,7OSU4,audio_6145,8,Tocca nel seguente ordine il gelato la bicicletta gli occhiali da sole l'ombrello
7O,7OSU4,audio_6146,8,Tocca nel seguente ordine il gelato la bicicletta il monopattino il pappagallo
7O,7OSU4,audio_6147,8,Tocca nel seguente ordine il gelato la bicicletta il monopattino il polipo
7O,7OSU4,audio_6148,8,Tocca nel seguente ordine il gelato la bicicletta il monopattino gli occhiali da sole
7O,7OSU4,audio_6149,8,Tocca nel seguente ordine il gelato la bicicletta il monopattino la scimmia
7O,7OSU4,audio_6150,8,Tocca nel seguente ordine il gelato la bicicletta il monopattino il leone
7O,7OSU4,audio_6151,8,Tocca nel seguente ordine il gelato la bicicletta il monopattino la bambina
7O,7OSU4,audio_6152,8,Tocca nel seguente ordine il gelato la bicicletta il monopattino l'ombrello
7O,7OSU4,audio_6153,8,Tocca nel seguente ordine il gelato la bicicletta la bambina il pappagallo
7O,7OSU4,audio_6154,8,Tocca nel seguente ordine il gelato la bicicletta la bambina il polipo
7O,7OSU4,audio_6155,8,Tocca nel seguente ordine il gelato la bicicletta la bambina gli occhiali da sole
7O,7OSU4,audio_6156,8,Tocca nel seguente ordine il gelato la bicicletta la bambina il monopattino
7O,7OSU4,audio_6157,8,Tocca nel seguente ordine il gelato la bicicletta la bambina il leone
7O,7OSU4,audio_6158,8,Tocca nel seguente ordine il gelato la bicicletta la bambina la scimmia
7O,7OSU4,audio_6159,8,Tocca nel seguente ordine il gelato la bicicletta la bambina l'ombrello
7O,7OSU4,audio_6160,8,Tocca nel seguente ordine il gelato la bicicletta l'ombrello il pappagallo
7O,7OSU4,audio_6161,8,Tocca nel seguente ordine il gelato la bicicletta l'ombrello il polipo
7O,7OSU4,audio_6162,8,Tocca nel seguente ordine il gelato la bicicletta l'ombrello gli occhiali da sole
7O,7OSU4,audio_6163,8,Tocca nel seguente ordine il gelato la bicicletta l'ombrello il monopattino
7O,7OSU4,audio_6164,8,Tocca nel seguente ordine il gelato la bicicletta l'ombrello il leone
7O,7OSU4,audio_6165,8,Tocca nel seguente ordine il gelato la bicicletta l'ombrello la bambina
7O,7OSU4,audio_6166,8,Tocca nel seguente ordine il gelato la bicicletta l'ombrello la scimmia
7O,7OSU4,audio_6167,8,Tocca nel seguente ordine il gelato il monopattino il leone il pappagallo
7O,7OSU4,audio_6168,8,Tocca nel seguente ordine il gelato il monopattino il leone il polipo
7O,7OSU4,audio_6169,8,Tocca nel seguente ordine il gelato il monopattino il leone gli occhiali da sole
7O,7OSU4,audio_6170,8,Tocca nel seguente ordine il gelato il monopattino il leone la bicicletta
7O,7OSU4,audio_6171,8,Tocca nel seguente ordine il gelato il monopattino il leone la scimmia
7O,7OSU4,audio_6172,8,Tocca nel seguente ordine il gelato il monopattino il leone la bambina
7O,7OSU4,audio_6173,8,Tocca nel seguente ordine il gelato il monopattino il leone l'ombrello
7O,7OSU4,audio_6174,8,Tocca nel seguente ordine il gelato il monopattino la scimmia il pappagallo
7O,7OSU4,audio_6175,8,Tocca nel seguente ordine il gelato il monopattino la scimmia il polipo
7O,7OSU4,audio_6176,8,Tocca nel seguente ordine il gelato il monopattino la scimmia gli occhiali da sole
7O,7OSU4,audio_6177,8,Tocca nel seguente ordine il gelato il monopattino la scimmia la bicicletta
7O,7OSU4,audio_6178,8,Tocca nel seguente ordine il gelato il monopattino la scimmia il leone
7O,7OSU4,audio_6179,8,Tocca nel seguente ordine il gelato il monopattino la scimmia la bambina
7O,7OSU4,audio_6180,8,Tocca nel seguente ordine il gelato il monopattino la scimmia l'ombrello
7O,7OSU4,audio_6181,8,Tocca nel seguente ordine il gelato il monopattino il pappagallo la scimmia
7O,7OSU4,audio_6182,8,Tocca nel seguente ordine il gelato il monopattino il pappagallo il polipo
7O,7OSU4,audio_6183,8,Tocca nel seguente ordine il gelato il monopattino il pappagallo gli occhiali da sole
7O,7OSU4,audio_6184,8,Tocca nel seguente ordine il gelato il monopattino il pappagallo la bicicletta
7O,7OSU4,audio_6185,8,Tocca nel seguente ordine il gelato il monopattino il pappagallo il leone
7O,7OSU4,audio_6186,8,Tocca nel seguente ordine il gelato il monopattino il pappagallo la bambina
7O,7OSU4,audio_6187,8,Tocca nel seguente ordine il gelato il monopattino il pappagallo l'ombrello
7O,7OSU4,audio_6188,8,Tocca nel seguente ordine il gelato il monopattino il polipo il pappagallo
7O,7OSU4,audio_6189,8,Tocca nel seguente ordine il gelato il monopattino il polipo la scimmia
7O,7OSU4,audio_6190,8,Tocca nel seguente ordine il gelato il monopattino il polipo gli occhiali da sole
7O,7OSU4,audio_6191,8,Tocca nel seguente ordine il gelato il monopattino il polipo la bicicletta
7O,7OSU4,audio_6192,8,Tocca nel seguente ordine il gelato il monopattino il polipo il leone
7O,7OSU4,audio_6193,8,Tocca nel seguente ordine il gelato il monopattino il polipo la bambina
7O,7OSU4,audio_6194,8,Tocca nel seguente ordine il gelato il monopattino il polipo l'ombrello
7O,7OSU4,audio_6195,8,Tocca nel seguente ordine il gelato il monopattino gli occhiali da sole il pappagallo
7O,7OSU4,audio_6196,8,Tocca nel seguente ordine il gelato il monopattino gli occhiali da sole il polipo
7O,7OSU4,audio_6197,8,Tocca nel seguente ordine il gelato il monopattino gli occhiali da sole la scimmia
7O,7OSU4,audio_6198,8,Tocca nel seguente ordine il gelato il monopattino gli occhiali da sole la bicicletta
7O,7OSU4,audio_6199,8,Tocca nel seguente ordine il gelato il monopattino gli occhiali da sole il leone
7O,7OSU4,audio_6200,8,Tocca nel seguente ordine il gelato il monopattino gli occhiali da sole la bambina
7O,7OSU4,audio_6201,8,Tocca nel seguente ordine il gelato il monopattino gli occhiali da sole l'ombrello
7O,7OSU4,audio_6202,8,Tocca nel seguente ordine il gelato il monopattino la bicicletta il pappagallo
7O,7OSU4,audio_6203,8,Tocca nel seguente ordine il gelato il monopattino la bicicletta il polipo
7O,7OSU4,audio_6204,8,Tocca nel seguente ordine il gelato il monopattino la bicicletta gli occhiali da sole
7O,7OSU4,audio_6205,8,Tocca nel seguente ordine il gelato il monopattino la bicicletta la scimmia
7O,7OSU4,audio_6206,8,Tocca nel seguente ordine il gelato il monopattino la bicicletta il leone
7O,7OSU4,audio_6207,8,Tocca nel seguente ordine il gelato il monopattino la bicicletta la bambina
7O,7OSU4,audio_6208,8,Tocca nel seguente ordine il gelato il monopattino la bicicletta l'ombrello
7O,7OSU4,audio_6209,8,Tocca nel seguente ordine il gelato il monopattino la bambina il pappagallo
7O,7OSU4,audio_6210,8,Tocca nel seguente ordine il gelato il monopattino la bambina il polipo
7O,7OSU4,audio_6211,8,Tocca nel seguente ordine il gelato il monopattino la bambina gli occhiali da sole
7O,7OSU4,audio_6212,8,Tocca nel seguente ordine il gelato il monopattino la bambina la bicicletta
7O,7OSU4,audio_6213,8,Tocca nel seguente ordine il gelato il monopattino la bambina il leone
7O,7OSU4,audio_6214,8,Tocca nel seguente ordine il gelato il monopattino la bambina la scimmia
7O,7OSU4,audio_6215,8,Tocca nel seguente ordine il gelato il monopattino la bambina l'ombrello
7O,7OSU4,audio_6216,8,Tocca nel seguente ordine il gelato il monopattino l'ombrello il pappagallo
7O,7OSU4,audio_6217,8,Tocca nel seguente ordine il gelato il monopattino l'ombrello il polipo
7O,7OSU4,audio_6218,8,Tocca nel seguente ordine il gelato il monopattino l'ombrello gli occhiali da sole
7O,7OSU4,audio_6219,8,Tocca nel seguente ordine il gelato il monopattino l'ombrello la bicicletta
7O,7OSU4,audio_6220,8,Tocca nel seguente ordine il gelato il monopattino l'ombrello il leone
7O,7OSU4,audio_6221,8,Tocca nel seguente ordine il gelato il monopattino l'ombrello la bambina
7O,7OSU4,audio_6222,8,Tocca nel seguente ordine il gelato il monopattino l'ombrello la scimmia
7O,7OSU4,audio_6223,8,Tocca nel seguente ordine il gelato la bambina il leone il pappagallo
7O,7OSU4,audio_6224,8,Tocca nel seguente ordine il gelato la bambina il leone il polipo
7O,7OSU4,audio_6225,8,Tocca nel seguente ordine il gelato la bambina il leone gli occhiali da sole
7O,7OSU4,audio_6226,8,Tocca nel seguente ordine il gelato la bambina il leone la bicicletta
7O,7OSU4,audio_6227,8,Tocca nel seguente ordine il gelato la bambina il leone il monopattino
7O,7OSU4,audio_6228,8,Tocca nel seguente ordine il gelato la bambina il leone la scimmia
7O,7OSU4,audio_6229,8,Tocca nel seguente ordine il gelato la bambina il leone l'ombrello
7O,7OSU4,audio_6230,8,Tocca nel seguente ordine il gelato la bambina la scimmia il pappagallo
7O,7OSU4,audio_6231,8,Tocca nel seguente ordine il gelato la bambina la scimmia il polipo
7O,7OSU4,audio_6232,8,Tocca nel seguente ordine il gelato la bambina la scimmia gli occhiali da sole
7O,7OSU4,audio_6233,8,Tocca nel seguente ordine il gelato la bambina la scimmia la bicicletta
7O,7OSU4,audio_6234,8,Tocca nel seguente ordine il gelato la bambina la scimmia il leone
7O,7OSU4,audio_6235,8,Tocca nel seguente ordine il gelato la bambina la scimmia il monopattino
7O,7OSU4,audio_6236,8,Tocca nel seguente ordine il gelato la bambina la scimmia l'ombrello
7O,7OSU4,audio_6237,8,Tocca nel seguente ordine il gelato la bambina il pappagallo la scimmia
7O,7OSU4,audio_6238,8,Tocca nel seguente ordine il gelato la bambina il pappagallo il polipo
7O,7OSU4,audio_6239,8,Tocca nel seguente ordine il gelato la bambina il pappagallo gli occhiali da sole
7O,7OSU4,audio_6240,8,Tocca nel seguente ordine il gelato la bambina il pappagallo la bicicletta
7O,7OSU4,audio_6241,8,Tocca nel seguente ordine il gelato la bambina il pappagallo il leone
7O,7OSU4,audio_6242,8,Tocca nel seguente ordine il gelato la bambina il pappagallo il monopattino
7O,7OSU4,audio_6243,8,Tocca nel seguente ordine il gelato la bambina il pappagallo l'ombrello
7O,7OSU4,audio_6244,8,Tocca nel seguente ordine il gelato la bambina il polipo il pappagallo
7O,7OSU4,audio_6245,8,Tocca nel seguente ordine il gelato la bambina il polipo la scimmia
7O,7OSU4,audio_6246,8,Tocca nel seguente ordine il gelato la bambina il polipo gli occhiali da sole
7O,7OSU4,audio_6247,8,Tocca nel seguente ordine il gelato la bambina il polipo la bicicletta
7O,7OSU4,audio_6248,8,Tocca nel seguente ordine il gelato la bambina il polipo il leone
7O,7OSU4,audio_6249,8,Tocca nel seguente ordine il gelato la bambina il polipo il monopattino
7O,7OSU4,audio_6250,8,Tocca nel seguente ordine il gelato la bambina il polipo l'ombrello
7O,7OSU4,audio_6251,8,Tocca nel seguente ordine il gelato la bambina gli occhiali da sole il pappagallo
7O,7OSU4,audio_6252,8,Tocca nel seguente ordine il gelato la bambina gli occhiali da sole il polipo
7O,7OSU4,audio_6253,8,Tocca nel seguente ordine il gelato la bambina gli occhiali da sole la scimmia
7O,7OSU4,audio_6254,8,Tocca nel seguente ordine il gelato la bambina gli occhiali da sole la bicicletta
7O,7OSU4,audio_6255,8,Tocca nel seguente ordine il gelato la bambina gli occhiali da sole il leone
7O,7OSU4,audio_6256,8,Tocca nel seguente ordine il gelato la bambina gli occhiali da sole il monopattino
7O,7OSU4,audio_6257,8,Tocca nel seguente ordine il gelato la bambina gli occhiali da sole l'ombrello
7O,7OSU4,audio_6258,8,Tocca nel seguente ordine il gelato la bambina la bicicletta il pappagallo
7O,7OSU4,audio_6259,8,Tocca nel seguente ordine il gelato la bambina la bicicletta il polipo
7O,7OSU4,audio_6260,8,Tocca nel seguente ordine il gelato la bambina la bicicletta gli occhiali da sole
7O,7OSU4,audio_6261,8,Tocca nel seguente ordine il gelato la bambina la bicicletta la scimmia
7O,7OSU4,audio_6262,8,Tocca nel seguente ordine il gelato la bambina la bicicletta il leone
7O,7OSU4,audio_6263,8,Tocca nel seguente ordine il gelato la bambina la bicicletta il monopattino
7O,7OSU4,audio_6264,8,Tocca nel seguente ordine il gelato la bambina la bicicletta l'ombrello
7O,7OSU4,audio_6265,8,Tocca nel seguente ordine il gelato la bambina il monopattino il pappagallo
7O,7OSU4,audio_6266,8,Tocca nel seguente ordine il gelato la bambina il monopattino il polipo
7O,7OSU4,audio_6267,8,Tocca nel seguente ordine il gelato la bambina il monopattino gli occhiali da sole
7O,7OSU4,audio_6268,8,Tocca nel seguente ordine il gelato la bambina il monopattino la bicicletta
7O,7OSU4,audio_6269,8,Tocca nel seguente ordine il gelato la bambina il monopattino il leone
7O,7OSU4,audio_6270,8,Tocca nel seguente ordine il gelato la bambina il monopattino la scimmia
7O,7OSU4,audio_6271,8,Tocca nel seguente ordine il gelato la bambina il monopattino l'ombrello
7O,7OSU4,audio_6272,8,Tocca nel seguente ordine il gelato la bambina l'ombrello il pappagallo
7O,7OSU4,audio_6273,8,Tocca nel seguente ordine il gelato la bambina l'ombrello il polipo
7O,7OSU4,audio_6274,8,Tocca nel seguente ordine il gelato la bambina l'ombrello gli occhiali da sole
7O,7OSU4,audio_6275,8,Tocca nel seguente ordine il gelato la bambina l'ombrello la bicicletta
7O,7OSU4,audio_6276,8,Tocca nel seguente ordine il gelato la bambina l'ombrello il leone
7O,7OSU4,audio_6277,8,Tocca nel seguente ordine il gelato la bambina l'ombrello il monopattino
7O,7OSU4,audio_6278,8,Tocca nel seguente ordine il gelato la bambina l'ombrello la scimmia
7O,7OSU4,audio_6279,8,Tocca nel seguente ordine il gelato l'ombrello il leone il pappagallo
7O,7OSU4,audio_6280,8,Tocca nel seguente ordine il gelato l'ombrello il leone il polipo
7O,7OSU4,audio_6281,8,Tocca nel seguente ordine il gelato l'ombrello il leone gli occhiali da sole
7O,7OSU4,audio_6282,8,Tocca nel seguente ordine il gelato l'ombrello il leone la bicicletta
7O,7OSU4,audio_6283,8,Tocca nel seguente ordine il gelato l'ombrello il leone la scimmia
7O,7OSU4,audio_6284,8,Tocca nel seguente ordine il gelato l'ombrello il leone la bambina
7O,7OSU4,audio_6285,8,Tocca nel seguente ordine il gelato l'ombrello il leone il monopattino
7O,7OSU4,audio_6286,8,Tocca nel seguente ordine il gelato l'ombrello la scimmia il pappagallo
7O,7OSU4,audio_6287,8,Tocca nel seguente ordine il gelato l'ombrello la scimmia il polipo
7O,7OSU4,audio_6288,8,Tocca nel seguente ordine il gelato l'ombrello la scimmia gli occhiali da sole
7O,7OSU4,audio_6289,8,Tocca nel seguente ordine il gelato l'ombrello la scimmia la bicicletta
7O,7OSU4,audio_6290,8,Tocca nel seguente ordine il gelato l'ombrello la scimmia il leone
7O,7OSU4,audio_6291,8,Tocca nel seguente ordine il gelato l'ombrello la scimmia la bambina
7O,7OSU4,audio_6292,8,Tocca nel seguente ordine il gelato l'ombrello la scimmia il monopattino
7O,7OSU4,audio_6293,8,Tocca nel seguente ordine il gelato l'ombrello il pappagallo la scimmia
7O,7OSU4,audio_6294,8,Tocca nel seguente ordine il gelato l'ombrello il pappagallo il polipo
7O,7OSU4,audio_6295,8,Tocca nel seguente ordine il gelato l'ombrello il pappagallo gli occhiali da sole
7O,7OSU4,audio_6296,8,Tocca nel seguente ordine il gelato l'ombrello il pappagallo la bicicletta
7O,7OSU4,audio_6297,8,Tocca nel seguente ordine il gelato l'ombrello il pappagallo il leone
7O,7OSU4,audio_6298,8,Tocca nel seguente ordine il gelato l'ombrello il pappagallo la bambina
7O,7OSU4,audio_6299,8,Tocca nel seguente ordine il gelato l'ombrello il pappagallo il monopattino
7O,7OSU4,audio_6300,8,Tocca nel seguente ordine il gelato l'ombrello il polipo il pappagallo
7O,7OSU4,audio_6301,8,Tocca nel seguente ordine il gelato l'ombrello il polipo la scimmia
7O,7OSU4,audio_6302,8,Tocca nel seguente ordine il gelato l'ombrello il polipo gli occhiali da sole
7O,7OSU4,audio_6303,8,Tocca nel seguente ordine il gelato l'ombrello il polipo la bicicletta
7O,7OSU4,audio_6304,8,Tocca nel seguente ordine il gelato l'ombrello il polipo il leone
7O,7OSU4,audio_6305,8,Tocca nel seguente ordine il gelato l'ombrello il polipo la bambina
7O,7OSU4,audio_6306,8,Tocca nel seguente ordine il gelato l'ombrello il polipo il monopattino
7O,7OSU4,audio_6307,8,Tocca nel seguente ordine il gelato l'ombrello gli occhiali da sole il pappagallo
7O,7OSU4,audio_6308,8,Tocca nel seguente ordine il gelato l'ombrello gli occhiali da sole il polipo
7O,7OSU4,audio_6309,8,Tocca nel seguente ordine il gelato l'ombrello gli occhiali da sole la scimmia
7O,7OSU4,audio_6310,8,Tocca nel seguente ordine il gelato l'ombrello gli occhiali da sole la bicicletta
7O,7OSU4,audio_6311,8,Tocca nel seguente ordine il gelato l'ombrello gli occhiali da sole il leone
7O,7OSU4,audio_6312,8,Tocca nel seguente ordine il gelato l'ombrello gli occhiali da sole la bambina
7O,7OSU4,audio_6313,8,Tocca nel seguente ordine il gelato l'ombrello gli occhiali da sole il monopattino
7O,7OSU4,audio_6314,8,Tocca nel seguente ordine il gelato l'ombrello la bicicletta il pappagallo
7O,7OSU4,audio_6315,8,Tocca nel seguente ordine il gelato l'ombrello la bicicletta il polipo
7O,7OSU4,audio_6316,8,Tocca nel seguente ordine il gelato l'ombrello la bicicletta gli occhiali da sole
7O,7OSU4,audio_6317,8,Tocca nel seguente ordine il gelato l'ombrello la bicicletta la scimmia
7O,7OSU4,audio_6318,8,Tocca nel seguente ordine il gelato l'ombrello la bicicletta il leone
7O,7OSU4,audio_6319,8,Tocca nel seguente ordine il gelato l'ombrello la bicicletta la bambina
7O,7OSU4,audio_6320,8,Tocca nel seguente ordine il gelato l'ombrello la bicicletta il monopattino
7O,7OSU4,audio_6321,8,Tocca nel seguente ordine il gelato l'ombrello il monopattino il pappagallo
7O,7OSU4,audio_6322,8,Tocca nel seguente ordine il gelato l'ombrello il monopattino il polipo
7O,7OSU4,audio_6323,8,Tocca nel seguente ordine il gelato l'ombrello il monopattino gli occhiali da sole
7O,7OSU4,audio_6324,8,Tocca nel seguente ordine il gelato l'ombrello il monopattino la bicicletta
7O,7OSU4,audio_6325,8,Tocca nel seguente ordine il gelato l'ombrello il monopattino il leone
7O,7OSU4,audio_6326,8,Tocca nel seguente ordine il gelato l'ombrello il monopattino la bambina
7O,7OSU4,audio_6327,8,Tocca nel seguente ordine il gelato l'ombrello il monopattino la scimmia
7O,7OSU4,audio_6328,8,Tocca nel seguente ordine il gelato l'ombrello la bambina il pappagallo
7O,7OSU4,audio_6329,8,Tocca nel seguente ordine il gelato l'ombrello la bambina il polipo
7O,7OSU4,audio_6330,8,Tocca nel seguente ordine il gelato l'ombrello la bambina gli occhiali da sole
7O,7OSU4,audio_6331,8,Tocca nel seguente ordine il gelato l'ombrello la bambina la bicicletta
7O,7OSU4,audio_6332,8,Tocca nel seguente ordine il gelato l'ombrello la bambina il leone
7O,7OSU4,audio_6333,8,Tocca nel seguente ordine il gelato l'ombrello la bambina la scimmia
7O,7OSU4,audio_6334,8,Tocca nel seguente ordine il gelato l'ombrello la bambina il monopattino
7O,7OSU4,audio_6335,8,Tocca nel seguente ordine gli occhiali da sole il leone la scimmia il gelato
7O,7OSU4,audio_6336,8,Tocca nel seguente ordine gli occhiali da sole il leone la scimmia il pappagallo
7O,7OSU4,audio_6337,8,Tocca nel seguente ordine gli occhiali da sole il leone la scimmia il polipo
7O,7OSU4,audio_6338,8,Tocca nel seguente ordine gli occhiali da sole il leone la scimmia la bicicletta
7O,7OSU4,audio_6339,8,Tocca nel seguente ordine gli occhiali da sole il leone la scimmia il monopattino
7O,7OSU4,audio_6340,8,Tocca nel seguente ordine gli occhiali da sole il leone la scimmia la bambina
7O,7OSU4,audio_6341,8,Tocca nel seguente ordine gli occhiali da sole il leone la scimmia l'ombrello
7O,7OSU4,audio_6342,8,Tocca nel seguente ordine gli occhiali da sole il leone il pappagallo il gelato
7O,7OSU4,audio_6343,8,Tocca nel seguente ordine gli occhiali da sole il leone il pappagallo la scimmia
7O,7OSU4,audio_6344,8,Tocca nel seguente ordine gli occhiali da sole il leone il pappagallo il polipo
7O,7OSU4,audio_6345,8,Tocca nel seguente ordine gli occhiali da sole il leone il pappagallo la bicicletta
7O,7OSU4,audio_6346,8,Tocca nel seguente ordine gli occhiali da sole il leone il pappagallo il monopattino
7O,7OSU4,audio_6347,8,Tocca nel seguente ordine gli occhiali da sole il leone il pappagallo la bambina
7O,7OSU4,audio_6348,8,Tocca nel seguente ordine gli occhiali da sole il leone il pappagallo l'ombrello
7O,7OSU4,audio_6349,8,Tocca nel seguente ordine gli occhiali da sole il leone il polipo il gelato
7O,7OSU4,audio_6350,8,Tocca nel seguente ordine gli occhiali da sole il leone il polipo il pappagallo
7O,7OSU4,audio_6351,8,Tocca nel seguente ordine gli occhiali da sole il leone il polipo la scimmia
7O,7OSU4,audio_6352,8,Tocca nel seguente ordine gli occhiali da sole il leone il polipo la bicicletta
7O,7OSU4,audio_6353,8,Tocca nel seguente ordine gli occhiali da sole il leone il polipo il monopattino
7O,7OSU4,audio_6354,8,Tocca nel seguente ordine gli occhiali da sole il leone il polipo la bambina
7O,7OSU4,audio_6355,8,Tocca nel seguente ordine gli occhiali da sole il leone il polipo l'ombrello
7O,7OSU4,audio_6356,8,Tocca nel seguente ordine gli occhiali da sole il leone il gelato la scimmia
7O,7OSU4,audio_6357,8,Tocca nel seguente ordine gli occhiali da sole il leone il gelato il pappagallo
7O,7OSU4,audio_6358,8,Tocca nel seguente ordine gli occhiali da sole il leone il gelato il polipo
7O,7OSU4,audio_6359,8,Tocca nel seguente ordine gli occhiali da sole il leone il gelato la bicicletta
7O,7OSU4,audio_6360,8,Tocca nel seguente ordine gli occhiali da sole il leone il gelato il monopattino
7O,7OSU4,audio_6361,8,Tocca nel seguente ordine gli occhiali da sole il leone il gelato la bambina
7O,7OSU4,audio_6362,8,Tocca nel seguente ordine gli occhiali da sole il leone il gelato l'ombrello
7O,7OSU4,audio_6363,8,Tocca nel seguente ordine gli occhiali da sole il leone la bicicletta il gelato
7O,7OSU4,audio_6364,8,Tocca nel seguente ordine gli occhiali da sole il leone la bicicletta il pappagallo
7O,7OSU4,audio_6365,8,Tocca nel seguente ordine gli occhiali da sole il leone la bicicletta il polipo
7O,7OSU4,audio_6366,8,Tocca nel seguente ordine gli occhiali da sole il leone la bicicletta la scimmia
7O,7OSU4,audio_6367,8,Tocca nel seguente ordine gli occhiali da sole il leone la bicicletta il monopattino
7O,7OSU4,audio_6368,8,Tocca nel seguente ordine gli occhiali da sole il leone la bicicletta la bambina
7O,7OSU4,audio_6369,8,Tocca nel seguente ordine gli occhiali da sole il leone la bicicletta l'ombrello
7O,7OSU4,audio_6370,8,Tocca nel seguente ordine gli occhiali da sole il leone il monopattino il gelato
7O,7OSU4,audio_6371,8,Tocca nel seguente ordine gli occhiali da sole il leone il monopattino il pappagallo
7O,7OSU4,audio_6372,8,Tocca nel seguente ordine gli occhiali da sole il leone il monopattino il polipo
7O,7OSU4,audio_6373,8,Tocca nel seguente ordine gli occhiali da sole il leone il monopattino la bicicletta
7O,7OSU4,audio_6374,8,Tocca nel seguente ordine gli occhiali da sole il leone il monopattino la scimmia
7O,7OSU4,audio_6375,8,Tocca nel seguente ordine gli occhiali da sole il leone il monopattino la bambina
7O,7OSU4,audio_6376,8,Tocca nel seguente ordine gli occhiali da sole il leone il monopattino l'ombrello
7O,7OSU4,audio_6377,8,Tocca nel seguente ordine gli occhiali da sole il leone la bambina il gelato
7O,7OSU4,audio_6378,8,Tocca nel seguente ordine gli occhiali da sole il leone la bambina il pappagallo
7O,7OSU4,audio_6379,8,Tocca nel seguente ordine gli occhiali da sole il leone la bambina il polipo
7O,7OSU4,audio_6380,8,Tocca nel seguente ordine gli occhiali da sole il leone la bambina la bicicletta
7O,7OSU4,audio_6381,8,Tocca nel seguente ordine gli occhiali da sole il leone la bambina il monopattino
7O,7OSU4,audio_6382,8,Tocca nel seguente ordine gli occhiali da sole il leone la bambina la scimmia
7O,7OSU4,audio_6383,8,Tocca nel seguente ordine gli occhiali da sole il leone la bambina l'ombrello
7O,7OSU4,audio_6384,8,Tocca nel seguente ordine gli occhiali da sole il leone l'ombrello il gelato
7O,7OSU4,audio_6385,8,Tocca nel seguente ordine gli occhiali da sole il leone l'ombrello il pappagallo
7O,7OSU4,audio_6386,8,Tocca nel seguente ordine gli occhiali da sole il leone l'ombrello il polipo
7O,7OSU4,audio_6387,8,Tocca nel seguente ordine gli occhiali da sole il leone l'ombrello la bicicletta
7O,7OSU4,audio_6388,8,Tocca nel seguente ordine gli occhiali da sole il leone l'ombrello il monopattino
7O,7OSU4,audio_6389,8,Tocca nel seguente ordine gli occhiali da sole il leone l'ombrello la bambina
7O,7OSU4,audio_6390,8,Tocca nel seguente ordine gli occhiali da sole il leone l'ombrello la scimmia
7O,7OSU4,audio_6391,8,Tocca nel seguente ordine gli occhiali da sole la scimmia il leone il gelato
7O,7OSU4,audio_6392,8,Tocca nel seguente ordine gli occhiali da sole la scimmia il leone il pappagallo
7O,7OSU4,audio_6393,8,Tocca nel seguente ordine gli occhiali da sole la scimmia il leone il polipo
7O,7OSU4,audio_6394,8,Tocca nel seguente ordine gli occhiali da sole la scimmia il leone la bicicletta
7O,7OSU4,audio_6395,8,Tocca nel seguente ordine gli occhiali da sole la scimmia il leone il monopattino
7O,7OSU4,audio_6396,8,Tocca nel seguente ordine gli occhiali da sole la scimmia il leone la bambina
7O,7OSU4,audio_6397,8,Tocca nel seguente ordine gli occhiali da sole la scimmia il leone l'ombrello
7O,7OSU4,audio_6398,8,Tocca nel seguente ordine gli occhiali da sole la scimmia il pappagallo il gelato
7O,7OSU4,audio_6399,8,Tocca nel seguente ordine gli occhiali da sole la scimmia il pappagallo il leone
7O,7OSU4,audio_6400,8,Tocca nel seguente ordine gli occhiali da sole la scimmia il pappagallo il polipo
7O,7OSU4,audio_6401,8,Tocca nel seguente ordine gli occhiali da sole la scimmia il pappagallo la bicicletta
7O,7OSU4,audio_6402,8,Tocca nel seguente ordine gli occhiali da sole la scimmia il pappagallo il monopattino
7O,7OSU4,audio_6403,8,Tocca nel seguente ordine gli occhiali da sole la scimmia il pappagallo la bambina
7O,7OSU4,audio_6404,8,Tocca nel seguente ordine gli occhiali da sole la scimmia il pappagallo l'ombrello
7O,7OSU4,audio_6405,8,Tocca nel seguente ordine gli occhiali da sole la scimmia il polipo il gelato
7O,7OSU4,audio_6406,8,Tocca nel seguente ordine gli occhiali da sole la scimmia il polipo il pappagallo
7O,7OSU4,audio_6407,8,Tocca nel seguente ordine gli occhiali da sole la scimmia il polipo il leone
7O,7OSU4,audio_6408,8,Tocca nel seguente ordine gli occhiali da sole la scimmia il polipo la bicicletta
7O,7OSU4,audio_6409,8,Tocca nel seguente ordine gli occhiali da sole la scimmia il polipo il monopattino
7O,7OSU4,audio_6410,8,Tocca nel seguente ordine gli occhiali da sole la scimmia il polipo la bambina
7O,7OSU4,audio_6411,8,Tocca nel seguente ordine gli occhiali da sole la scimmia il polipo l'ombrello
7O,7OSU4,audio_6412,8,Tocca nel seguente ordine gli occhiali da sole la scimmia il gelato il leone
7O,7OSU4,audio_6413,8,Tocca nel seguente ordine gli occhiali da sole la scimmia il gelato il pappagallo
7O,7OSU4,audio_6414,8,Tocca nel seguente ordine gli occhiali da sole la scimmia il gelato il polipo
7O,7OSU4,audio_6415,8,Tocca nel seguente ordine gli occhiali da sole la scimmia il gelato la bicicletta
7O,7OSU4,audio_6416,8,Tocca nel seguente ordine gli occhiali da sole la scimmia il gelato il monopattino
7O,7OSU4,audio_6417,8,Tocca nel seguente ordine gli occhiali da sole la scimmia il gelato la bambina
7O,7OSU4,audio_6418,8,Tocca nel seguente ordine gli occhiali da sole la scimmia il gelato l'ombrello
7O,7OSU4,audio_6419,8,Tocca nel seguente ordine gli occhiali da sole la scimmia la bicicletta il gelato
7O,7OSU4,audio_6420,8,Tocca nel seguente ordine gli occhiali da sole la scimmia la bicicletta il pappagallo
7O,7OSU4,audio_6421,8,Tocca nel seguente ordine gli occhiali da sole la scimmia la bicicletta il polipo
7O,7OSU4,audio_6422,8,Tocca nel seguente ordine gli occhiali da sole la scimmia la bicicletta il leone
7O,7OSU4,audio_6423,8,Tocca nel seguente ordine gli occhiali da sole la scimmia la bicicletta il monopattino
7O,7OSU4,audio_6424,8,Tocca nel seguente ordine gli occhiali da sole la scimmia la bicicletta la bambina
7O,7OSU4,audio_6425,8,Tocca nel seguente ordine gli occhiali da sole la scimmia la bicicletta l'ombrello
7O,7OSU4,audio_6426,8,Tocca nel seguente ordine gli occhiali da sole la scimmia il monopattino il gelato
7O,7OSU4,audio_6427,8,Tocca nel seguente ordine gli occhiali da sole la scimmia il monopattino il pappagallo
7O,7OSU4,audio_6428,8,Tocca nel seguente ordine gli occhiali da sole la scimmia il monopattino il polipo
7O,7OSU4,audio_6429,8,Tocca nel seguente ordine gli occhiali da sole la scimmia il monopattino la bicicletta
7O,7OSU4,audio_6430,8,Tocca nel seguente ordine gli occhiali da sole la scimmia il monopattino il leone
7O,7OSU4,audio_6431,8,Tocca nel seguente ordine gli occhiali da sole la scimmia il monopattino la bambina
7O,7OSU4,audio_6432,8,Tocca nel seguente ordine gli occhiali da sole la scimmia il monopattino l'ombrello
7O,7OSU4,audio_6433,8,Tocca nel seguente ordine gli occhiali da sole la scimmia la bambina il gelato
7O,7OSU4,audio_6434,8,Tocca nel seguente ordine gli occhiali da sole la scimmia la bambina il pappagallo
7O,7OSU4,audio_6435,8,Tocca nel seguente ordine gli occhiali da sole la scimmia la bambina il polipo
7O,7OSU4,audio_6436,8,Tocca nel seguente ordine gli occhiali da sole la scimmia la bambina la bicicletta
7O,7OSU4,audio_6437,8,Tocca nel seguente ordine gli occhiali da sole la scimmia la bambina il monopattino
7O,7OSU4,audio_6438,8,Tocca nel seguente ordine gli occhiali da sole la scimmia la bambina il leone
7O,7OSU4,audio_6439,8,Tocca nel seguente ordine gli occhiali da sole la scimmia la bambina l'ombrello
7O,7OSU4,audio_6440,8,Tocca nel seguente ordine gli occhiali da sole la scimmia l'ombrello il gelato
7O,7OSU4,audio_6441,8,Tocca nel seguente ordine gli occhiali da sole la scimmia l'ombrello il pappagallo
7O,7OSU4,audio_6442,8,Tocca nel seguente ordine gli occhiali da sole la scimmia l'ombrello il polipo
7O,7OSU4,audio_6443,8,Tocca nel seguente ordine gli occhiali da sole la scimmia l'ombrello la bicicletta
7O,7OSU4,audio_6444,8,Tocca nel seguente ordine gli occhiali da sole la scimmia l'ombrello il monopattino
7O,7OSU4,audio_6445,8,Tocca nel seguente ordine gli occhiali da sole la scimmia l'ombrello la bambina
7O,7OSU4,audio_6446,8,Tocca nel seguente ordine gli occhiali da sole la scimmia l'ombrello il leone
7O,7OSU4,audio_6447,8,Tocca nel seguente ordine gli occhiali da sole il pappagallo il leone il gelato
7O,7OSU4,audio_6448,8,Tocca nel seguente ordine gli occhiali da sole il pappagallo il leone la scimmia
7O,7OSU4,audio_6449,8,Tocca nel seguente ordine gli occhiali da sole il pappagallo il leone il polipo
7O,7OSU4,audio_6450,8,Tocca nel seguente ordine gli occhiali da sole il pappagallo il leone la bicicletta
7O,7OSU4,audio_6451,8,Tocca nel seguente ordine gli occhiali da sole il pappagallo il leone il monopattino
7O,7OSU4,audio_6452,8,Tocca nel seguente ordine gli occhiali da sole il pappagallo il leone la bambina
7O,7OSU4,audio_6453,8,Tocca nel seguente ordine gli occhiali da sole il pappagallo il leone l'ombrello
7O,7OSU4,audio_6454,8,Tocca nel seguente ordine gli occhiali da sole il pappagallo la scimmia il gelato
7O,7OSU4,audio_6455,8,Tocca nel seguente ordine gli occhiali da sole il pappagallo la scimmia il leone
7O,7OSU4,audio_6456,8,Tocca nel seguente ordine gli occhiali da sole il pappagallo la scimmia il polipo
7O,7OSU4,audio_6457,8,Tocca nel seguente ordine gli occhiali da sole il pappagallo la scimmia la bicicletta
7O,7OSU4,audio_6458,8,Tocca nel seguente ordine gli occhiali da sole il pappagallo la scimmia il monopattino
7O,7OSU4,audio_6459,8,Tocca nel seguente ordine gli occhiali da sole il pappagallo la scimmia la bambina
7O,7OSU4,audio_6460,8,Tocca nel seguente ordine gli occhiali da sole il pappagallo la scimmia l'ombrello
7O,7OSU4,audio_6461,8,Tocca nel seguente ordine gli occhiali da sole il pappagallo il polipo il gelato
7O,7OSU4,audio_6462,8,Tocca nel seguente ordine gli occhiali da sole il pappagallo il polipo il leone
7O,7OSU4,audio_6463,8,Tocca nel seguente ordine gli occhiali da sole il pappagallo il polipo la scimmia
7O,7OSU4,audio_6464,8,Tocca nel seguente ordine gli occhiali da sole il pappagallo il polipo la bicicletta
7O,7OSU4,audio_6465,8,Tocca nel seguente ordine gli occhiali da sole il pappagallo il polipo il monopattino
7O,7OSU4,audio_6466,8,Tocca nel seguente ordine gli occhiali da sole il pappagallo il polipo la bambina
7O,7OSU4,audio_6467,8,Tocca nel seguente ordine gli occhiali da sole il pappagallo il polipo l'ombrello
7O,7OSU4,audio_6468,8,Tocca nel seguente ordine gli occhiali da sole il pappagallo il gelato la scimmia
7O,7OSU4,audio_6469,8,Tocca nel seguente ordine gli occhiali da sole il pappagallo il gelato il leone
7O,7OSU4,audio_6470,8,Tocca nel seguente ordine gli occhiali da sole il pappagallo il gelato il polipo
7O,7OSU4,audio_6471,8,Tocca nel seguente ordine gli occhiali da sole il pappagallo il gelato la bicicletta
7O,7OSU4,audio_6472,8,Tocca nel seguente ordine gli occhiali da sole il pappagallo il gelato il monopattino
7O,7OSU4,audio_6473,8,Tocca nel seguente ordine gli occhiali da sole il pappagallo il gelato la bambina
7O,7OSU4,audio_6474,8,Tocca nel seguente ordine gli occhiali da sole il pappagallo il gelato l'ombrello
7O,7OSU4,audio_6475,8,Tocca nel seguente ordine gli occhiali da sole il pappagallo la bicicletta il gelato
7O,7OSU4,audio_6476,8,Tocca nel seguente ordine gli occhiali da sole il pappagallo la bicicletta il leone
7O,7OSU4,audio_6477,8,Tocca nel seguente ordine gli occhiali da sole il pappagallo la bicicletta il polipo
7O,7OSU4,audio_6478,8,Tocca nel seguente ordine gli occhiali da sole il pappagallo la bicicletta la scimmia
7O,7OSU4,audio_6479,8,Tocca nel seguente ordine gli occhiali da sole il pappagallo la bicicletta il monopattino
7O,7OSU4,audio_6480,8,Tocca nel seguente ordine gli occhiali da sole il pappagallo la bicicletta la bambina
7O,7OSU4,audio_6481,8,Tocca nel seguente ordine gli occhiali da sole il pappagallo la bicicletta l'ombrello
7O,7OSU4,audio_6482,8,Tocca nel seguente ordine gli occhiali da sole il pappagallo il monopattino il gelato
7O,7OSU4,audio_6483,8,Tocca nel seguente ordine gli occhiali da sole il pappagallo il monopattino il leone
7O,7OSU4,audio_6484,8,Tocca nel seguente ordine gli occhiali da sole il pappagallo il monopattino il polipo
7O,7OSU4,audio_6485,8,Tocca nel seguente ordine gli occhiali da sole il pappagallo il monopattino la bicicletta
7O,7OSU4,audio_6486,8,Tocca nel seguente ordine gli occhiali da sole il pappagallo il monopattino la scimmia
7O,7OSU4,audio_6487,8,Tocca nel seguente ordine gli occhiali da sole il pappagallo il monopattino la bambina
7O,7OSU4,audio_6488,8,Tocca nel seguente ordine gli occhiali da sole il pappagallo il monopattino l'ombrello
7O,7OSU4,audio_6489,8,Tocca nel seguente ordine gli occhiali da sole il pappagallo la bambina il leone
7O,7OSU4,audio_6490,8,Tocca nel seguente ordine gli occhiali da sole il pappagallo la bambina il polipo
7O,7OSU4,audio_6491,8,Tocca nel seguente ordine gli occhiali da sole il pappagallo la bambina la bicicletta
7O,7OSU4,audio_6492,8,Tocca nel seguente ordine gli occhiali da sole il pappagallo la bambina il monopattino
7O,7OSU4,audio_6493,8,Tocca nel seguente ordine gli occhiali da sole il pappagallo la bambina la scimmia
7O,7OSU4,audio_6494,8,Tocca nel seguente ordine gli occhiali da sole il pappagallo la bambina l'ombrello
7O,7OSU4,audio_6495,8,Tocca nel seguente ordine gli occhiali da sole il pappagallo l'ombrello il gelato
7O,7OSU4,audio_6496,8,Tocca nel seguente ordine gli occhiali da sole il pappagallo l'ombrello il leone
7O,7OSU4,audio_6497,8,Tocca nel seguente ordine gli occhiali da sole il pappagallo l'ombrello il polipo
7O,7OSU4,audio_6498,8,Tocca nel seguente ordine gli occhiali da sole il pappagallo l'ombrello la bicicletta
7O,7OSU4,audio_6499,8,Tocca nel seguente ordine gli occhiali da sole il pappagallo l'ombrello il monopattino
7O,7OSU4,audio_6500,8,Tocca nel seguente ordine gli occhiali da sole il pappagallo l'ombrello la bambina
7O,7OSU4,audio_6501,8,Tocca nel seguente ordine gli occhiali da sole il pappagallo l'ombrello la scimmia
7O,7OSU4,audio_6502,8,Tocca nel seguente ordine gli occhiali da sole il polipo il leone il gelato
7O,7OSU4,audio_6503,8,Tocca nel seguente ordine gli occhiali da sole il polipo il leone il pappagallo
7O,7OSU4,audio_6504,8,Tocca nel seguente ordine gli occhiali da sole il polipo il leone la scimmia
7O,7OSU4,audio_6505,8,Tocca nel seguente ordine gli occhiali da sole il polipo il leone la bicicletta
7O,7OSU4,audio_6506,8,Tocca nel seguente ordine gli occhiali da sole il polipo il leone il monopattino
7O,7OSU4,audio_6507,8,Tocca nel seguente ordine gli occhiali da sole il polipo il leone la bambina
7O,7OSU4,audio_6508,8,Tocca nel seguente ordine gli occhiali da sole il polipo il leone l'ombrello
7O,7OSU4,audio_6509,8,Tocca nel seguente ordine gli occhiali da sole il polipo la scimmia il gelato
7O,7OSU4,audio_6510,8,Tocca nel seguente ordine gli occhiali da sole il polipo la scimmia il pappagallo
7O,7OSU4,audio_6511,8,Tocca nel seguente ordine gli occhiali da sole il polipo la scimmia il leone
7O,7OSU4,audio_6512,8,Tocca nel seguente ordine gli occhiali da sole il polipo la scimmia la bicicletta
7O,7OSU4,audio_6513,8,Tocca nel seguente ordine gli occhiali da sole il polipo la scimmia il monopattino
7O,7OSU4,audio_6514,8,Tocca nel seguente ordine gli occhiali da sole il polipo la scimmia la bambina
7O,7OSU4,audio_6515,8,Tocca nel seguente ordine gli occhiali da sole il polipo la scimmia l'ombrello
7O,7OSU4,audio_6516,8,Tocca nel seguente ordine gli occhiali da sole il polipo il pappagallo il gelato
7O,7OSU4,audio_6517,8,Tocca nel seguente ordine gli occhiali da sole il polipo il pappagallo il leone
7O,7OSU4,audio_6518,8,Tocca nel seguente ordine gli occhiali da sole il polipo il pappagallo la scimmia
7O,7OSU4,audio_6519,8,Tocca nel seguente ordine gli occhiali da sole il polipo il pappagallo la bicicletta
7O,7OSU4,audio_6520,8,Tocca nel seguente ordine gli occhiali da sole il polipo il pappagallo il monopattino
7O,7OSU4,audio_6521,8,Tocca nel seguente ordine gli occhiali da sole il polipo il pappagallo la bambina
7O,7OSU4,audio_6522,8,Tocca nel seguente ordine gli occhiali da sole il polipo il pappagallo l'ombrello
7O,7OSU4,audio_6523,8,Tocca nel seguente ordine gli occhiali da sole il polipo il gelato il leone
7O,7OSU4,audio_6524,8,Tocca nel seguente ordine gli occhiali da sole il polipo il gelato il pappagallo
7O,7OSU4,audio_6525,8,Tocca nel seguente ordine gli occhiali da sole il polipo il gelato la scimmia
7O,7OSU4,audio_6526,8,Tocca nel seguente ordine gli occhiali da sole il polipo il gelato la bicicletta
7O,7OSU4,audio_6527,8,Tocca nel seguente ordine gli occhiali da sole il polipo il gelato il monopattino
7O,7OSU4,audio_6528,8,Tocca nel seguente ordine gli occhiali da sole il polipo il gelato la bambina
7O,7OSU4,audio_6529,8,Tocca nel seguente ordine gli occhiali da sole il polipo il gelato l'ombrello
7O,7OSU4,audio_6530,8,Tocca nel seguente ordine gli occhiali da sole il polipo la bicicletta il gelato
7O,7OSU4,audio_6531,8,Tocca nel seguente ordine gli occhiali da sole il polipo la bicicletta il pappagallo
7O,7OSU4,audio_6532,8,Tocca nel seguente ordine gli occhiali da sole il polipo la bicicletta il leone
7O,7OSU4,audio_6533,8,Tocca nel seguente ordine gli occhiali da sole il polipo la bicicletta la scimmia
7O,7OSU4,audio_6534,8,Tocca nel seguente ordine gli occhiali da sole il polipo la bicicletta il monopattino
7O,7OSU4,audio_6535,8,Tocca nel seguente ordine gli occhiali da sole il polipo la bicicletta la bambina
7O,7OSU4,audio_6536,8,Tocca nel seguente ordine gli occhiali da sole il polipo la bicicletta l'ombrello
7O,7OSU4,audio_6537,8,Tocca nel seguente ordine gli occhiali da sole il polipo il monopattino il gelato
7O,7OSU4,audio_6538,8,Tocca nel seguente ordine gli occhiali da sole il polipo il monopattino il pappagallo
7O,7OSU4,audio_6539,8,Tocca nel seguente ordine gli occhiali da sole il polipo il monopattino il leone
7O,7OSU4,audio_6540,8,Tocca nel seguente ordine gli occhiali da sole il polipo il monopattino la bicicletta
7O,7OSU4,audio_6541,8,Tocca nel seguente ordine gli occhiali da sole il polipo il monopattino la scimmia
7O,7OSU4,audio_6542,8,Tocca nel seguente ordine gli occhiali da sole il polipo il monopattino la bambina
7O,7OSU4,audio_6543,8,Tocca nel seguente ordine gli occhiali da sole il polipo il monopattino l'ombrello
7O,7OSU4,audio_6544,8,Tocca nel seguente ordine gli occhiali da sole il polipo la bambina il gelato
7O,7OSU4,audio_6545,8,Tocca nel seguente ordine gli occhiali da sole il polipo la bambina il pappagallo
7O,7OSU4,audio_6546,8,Tocca nel seguente ordine gli occhiali da sole il polipo la bambina il leone
7O,7OSU4,audio_6547,8,Tocca nel seguente ordine gli occhiali da sole il polipo la bambina la bicicletta
7O,7OSU4,audio_6548,8,Tocca nel seguente ordine gli occhiali da sole il polipo la bambina il monopattino
7O,7OSU4,audio_6549,8,Tocca nel seguente ordine gli occhiali da sole il polipo la bambina la scimmia
7O,7OSU4,audio_6550,8,Tocca nel seguente ordine gli occhiali da sole il polipo la bambina l'ombrello
7O,7OSU4,audio_6551,8,Tocca nel seguente ordine gli occhiali da sole il polipo l'ombrello il gelato
7O,7OSU4,audio_6552,8,Tocca nel seguente ordine gli occhiali da sole il polipo l'ombrello il pappagallo
7O,7OSU4,audio_6553,8,Tocca nel seguente ordine gli occhiali da sole il polipo l'ombrello il leone
7O,7OSU4,audio_6554,8,Tocca nel seguente ordine gli occhiali da sole il polipo l'ombrello la bicicletta
7O,7OSU4,audio_6555,8,Tocca nel seguente ordine gli occhiali da sole il polipo l'ombrello il monopattino
7O,7OSU4,audio_6556,8,Tocca nel seguente ordine gli occhiali da sole il polipo l'ombrello la bambina
7O,7OSU4,audio_6557,8,Tocca nel seguente ordine gli occhiali da sole il polipo l'ombrello la scimmia
7O,7OSU4,audio_6558,8,Tocca nel seguente ordine gli occhiali da sole il gelato il leone la scimmia
7O,7OSU4,audio_6559,8,Tocca nel seguente ordine gli occhiali da sole il gelato il leone il pappagallo
7O,7OSU4,audio_6560,8,Tocca nel seguente ordine gli occhiali da sole il gelato il leone il polipo
7O,7OSU4,audio_6561,8,Tocca nel seguente ordine gli occhiali da sole il gelato il leone la bicicletta
7O,7OSU4,audio_6562,8,Tocca nel seguente ordine gli occhiali da sole il gelato il leone il monopattino
7O,7OSU4,audio_6563,8,Tocca nel seguente ordine gli occhiali da sole il gelato il leone la bambina
7O,7OSU4,audio_6564,8,Tocca nel seguente ordine gli occhiali da sole il gelato il leone l'ombrello
7O,7OSU4,audio_6565,8,Tocca nel seguente ordine gli occhiali da sole il gelato la scimmia il leone
7O,7OSU4,audio_6566,8,Tocca nel seguente ordine gli occhiali da sole il gelato la scimmia il pappagallo
7O,7OSU4,audio_6567,8,Tocca nel seguente ordine gli occhiali da sole il gelato la scimmia il polipo
7O,7OSU4,audio_6568,8,Tocca nel seguente ordine gli occhiali da sole il gelato la scimmia la bicicletta
7O,7OSU4,audio_6569,8,Tocca nel seguente ordine gli occhiali da sole il gelato la scimmia il monopattino
7O,7OSU4,audio_6570,8,Tocca nel seguente ordine gli occhiali da sole il gelato la scimmia la bambina
7O,7OSU4,audio_6571,8,Tocca nel seguente ordine gli occhiali da sole il gelato la scimmia l'ombrello
7O,7OSU4,audio_6572,8,Tocca nel seguente ordine gli occhiali da sole il gelato il pappagallo il leone
7O,7OSU4,audio_6573,8,Tocca nel seguente ordine gli occhiali da sole il gelato il pappagallo la scimmia
7O,7OSU4,audio_6574,8,Tocca nel seguente ordine gli occhiali da sole il gelato il pappagallo il polipo
7O,7OSU4,audio_6575,8,Tocca nel seguente ordine gli occhiali da sole il gelato il pappagallo la bicicletta
7O,7OSU4,audio_6576,8,Tocca nel seguente ordine gli occhiali da sole il gelato il pappagallo il monopattino
7O,7OSU4,audio_6577,8,Tocca nel seguente ordine gli occhiali da sole il gelato il pappagallo la bambina
7O,7OSU4,audio_6578,8,Tocca nel seguente ordine gli occhiali da sole il gelato il pappagallo l'ombrello
7O,7OSU4,audio_6579,8,Tocca nel seguente ordine gli occhiali da sole il gelato il polipo il leone
7O,7OSU4,audio_6580,8,Tocca nel seguente ordine gli occhiali da sole il gelato il polipo il pappagallo
7O,7OSU4,audio_6581,8,Tocca nel seguente ordine gli occhiali da sole il gelato il polipo la scimmia
7O,7OSU4,audio_6582,8,Tocca nel seguente ordine gli occhiali da sole il gelato il polipo la bicicletta
7O,7OSU4,audio_6583,8,Tocca nel seguente ordine gli occhiali da sole il gelato il polipo il monopattino
7O,7OSU4,audio_6584,8,Tocca nel seguente ordine gli occhiali da sole il gelato il polipo la bambina
7O,7OSU4,audio_6585,8,Tocca nel seguente ordine gli occhiali da sole il gelato il polipo l'ombrello
7O,7OSU4,audio_6586,8,Tocca nel seguente ordine gli occhiali da sole il gelato la bicicletta il leone
7O,7OSU4,audio_6587,8,Tocca nel seguente ordine gli occhiali da sole il gelato la bicicletta il pappagallo
7O,7OSU4,audio_6588,8,Tocca nel seguente ordine gli occhiali da sole il gelato la bicicletta il polipo
7O,7OSU4,audio_6589,8,Tocca nel seguente ordine gli occhiali da sole il gelato la bicicletta la scimmia
7O,7OSU4,audio_6590,8,Tocca nel seguente ordine gli occhiali da sole il gelato la bicicletta il monopattino
7O,7OSU4,audio_6591,8,Tocca nel seguente ordine gli occhiali da sole il gelato la bicicletta la bambina
7O,7OSU4,audio_6592,8,Tocca nel seguente ordine gli occhiali da sole il gelato la bicicletta l'ombrello
7O,7OSU4,audio_6593,8,Tocca nel seguente ordine gli occhiali da sole il gelato il monopattino il leone
7O,7OSU4,audio_6594,8,Tocca nel seguente ordine gli occhiali da sole il gelato il monopattino il pappagallo
7O,7OSU4,audio_6595,8,Tocca nel seguente ordine gli occhiali da sole il gelato il monopattino il polipo
7O,7OSU4,audio_6596,8,Tocca nel seguente ordine gli occhiali da sole il gelato il monopattino la bicicletta
7O,7OSU4,audio_6597,8,Tocca nel seguente ordine gli occhiali da sole il gelato il monopattino la scimmia
7O,7OSU4,audio_6598,8,Tocca nel seguente ordine gli occhiali da sole il gelato il monopattino la bambina
7O,7OSU4,audio_6599,8,Tocca nel seguente ordine gli occhiali da sole il gelato il monopattino l'ombrello
7O,7OSU4,audio_6600,8,Tocca nel seguente ordine gli occhiali da sole il gelato la bambina il leone
7O,7OSU4,audio_6601,8,Tocca nel seguente ordine gli occhiali da sole il gelato la bambina il pappagallo
7O,7OSU4,audio_6602,8,Tocca nel seguente ordine gli occhiali da sole il gelato la bambina il polipo
7O,7OSU4,audio_6603,8,Tocca nel seguente ordine gli occhiali da sole il gelato la bambina la bicicletta
7O,7OSU4,audio_6604,8,Tocca nel seguente ordine gli occhiali da sole il gelato la bambina il monopattino
7O,7OSU4,audio_6605,8,Tocca nel seguente ordine gli occhiali da sole il gelato la bambina la scimmia
7O,7OSU4,audio_6606,8,Tocca nel seguente ordine gli occhiali da sole il gelato la bambina l'ombrello
7O,7OSU4,audio_6607,8,Tocca nel seguente ordine gli occhiali da sole il gelato l'ombrello il leone
7O,7OSU4,audio_6608,8,Tocca nel seguente ordine gli occhiali da sole il gelato l'ombrello il pappagallo
7O,7OSU4,audio_6609,8,Tocca nel seguente ordine gli occhiali da sole il gelato l'ombrello il polipo
7O,7OSU4,audio_6610,8,Tocca nel seguente ordine gli occhiali da sole il gelato l'ombrello la bicicletta
7O,7OSU4,audio_6611,8,Tocca nel seguente ordine gli occhiali da sole il gelato l'ombrello il monopattino
7O,7OSU4,audio_6612,8,Tocca nel seguente ordine gli occhiali da sole il gelato l'ombrello la bambina
7O,7OSU4,audio_6613,8,Tocca nel seguente ordine gli occhiali da sole il gelato l'ombrello la scimmia
7O,7OSU4,audio_6614,8,Tocca nel seguente ordine gli occhiali da sole la bicicletta il leone il gelato
7O,7OSU4,audio_6615,8,Tocca nel seguente ordine gli occhiali da sole la bicicletta il leone il pappagallo
7O,7OSU4,audio_6616,8,Tocca nel seguente ordine gli occhiali da sole la bicicletta il leone il polipo
7O,7OSU4,audio_6617,8,Tocca nel seguente ordine gli occhiali da sole la bicicletta il leone la scimmia
7O,7OSU4,audio_6618,8,Tocca nel seguente ordine gli occhiali da sole la bicicletta il leone il monopattino
7O,7OSU4,audio_6619,8,Tocca nel seguente ordine gli occhiali da sole la bicicletta il leone la bambina
7O,7OSU4,audio_6620,8,Tocca nel seguente ordine gli occhiali da sole la bicicletta il leone l'ombrello
7O,7OSU4,audio_6621,8,Tocca nel seguente ordine gli occhiali da sole la bicicletta la scimmia il gelato
7O,7OSU4,audio_6622,8,Tocca nel seguente ordine gli occhiali da sole la bicicletta la scimmia il pappagallo
7O,7OSU4,audio_6623,8,Tocca nel seguente ordine gli occhiali da sole la bicicletta la scimmia il polipo
7O,7OSU4,audio_6624,8,Tocca nel seguente ordine gli occhiali da sole la bicicletta la scimmia il leone
7O,7OSU4,audio_6625,8,Tocca nel seguente ordine gli occhiali da sole la bicicletta la scimmia il monopattino
7O,7OSU4,audio_6626,8,Tocca nel seguente ordine gli occhiali da sole la bicicletta la scimmia la bambina
7O,7OSU4,audio_6627,8,Tocca nel seguente ordine gli occhiali da sole la bicicletta la scimmia l'ombrello
7O,7OSU4,audio_6628,8,Tocca nel seguente ordine gli occhiali da sole la bicicletta il pappagallo il gelato
7O,7OSU4,audio_6629,8,Tocca nel seguente ordine gli occhiali da sole la bicicletta il pappagallo il leone
7O,7OSU4,audio_6630,8,Tocca nel seguente ordine gli occhiali da sole la bicicletta il pappagallo il polipo
7O,7OSU4,audio_6631,8,Tocca nel seguente ordine gli occhiali da sole la bicicletta il pappagallo la scimmia
7O,7OSU4,audio_6632,8,Tocca nel seguente ordine gli occhiali da sole la bicicletta il pappagallo il monopattino
7O,7OSU4,audio_6633,8,Tocca nel seguente ordine gli occhiali da sole la bicicletta il pappagallo la bambina
7O,7OSU4,audio_6634,8,Tocca nel seguente ordine gli occhiali da sole la bicicletta il pappagallo l'ombrello
7O,7OSU4,audio_6635,8,Tocca nel seguente ordine gli occhiali da sole la bicicletta il polipo il gelato
7O,7OSU4,audio_6636,8,Tocca nel seguente ordine gli occhiali da sole la bicicletta il polipo il pappagallo
7O,7OSU4,audio_6637,8,Tocca nel seguente ordine gli occhiali da sole la bicicletta il polipo il leone
7O,7OSU4,audio_6638,8,Tocca nel seguente ordine gli occhiali da sole la bicicletta il polipo la scimmia
7O,7OSU4,audio_6639,8,Tocca nel seguente ordine gli occhiali da sole la bicicletta il polipo il monopattino
7O,7OSU4,audio_6640,8,Tocca nel seguente ordine gli occhiali da sole la bicicletta il polipo la bambina
7O,7OSU4,audio_6641,8,Tocca nel seguente ordine gli occhiali da sole la bicicletta il polipo l'ombrello
7O,7OSU4,audio_6642,8,Tocca nel seguente ordine gli occhiali da sole la bicicletta il gelato il leone
7O,7OSU4,audio_6643,8,Tocca nel seguente ordine gli occhiali da sole la bicicletta il gelato il pappagallo
7O,7OSU4,audio_6644,8,Tocca nel seguente ordine gli occhiali da sole la bicicletta il gelato il polipo
7O,7OSU4,audio_6645,8,Tocca nel seguente ordine gli occhiali da sole la bicicletta il gelato la scimmia
7O,7OSU4,audio_6646,8,Tocca nel seguente ordine gli occhiali da sole la bicicletta il gelato il monopattino
7O,7OSU4,audio_6647,8,Tocca nel seguente ordine gli occhiali da sole la bicicletta il gelato la bambina
7O,7OSU4,audio_6648,8,Tocca nel seguente ordine gli occhiali da sole la bicicletta il gelato l'ombrello
7O,7OSU4,audio_6649,8,Tocca nel seguente ordine gli occhiali da sole la bicicletta il monopattino il gelato
7O,7OSU4,audio_6650,8,Tocca nel seguente ordine gli occhiali da sole la bicicletta il monopattino il pappagallo
7O,7OSU4,audio_6651,8,Tocca nel seguente ordine gli occhiali da sole la bicicletta il monopattino il polipo
7O,7OSU4,audio_6652,8,Tocca nel seguente ordine gli occhiali da sole la bicicletta il monopattino la scimmia
7O,7OSU4,audio_6653,8,Tocca nel seguente ordine gli occhiali da sole la bicicletta il monopattino il leone
7O,7OSU4,audio_6654,8,Tocca nel seguente ordine gli occhiali da sole la bicicletta il monopattino la bambina
7O,7OSU4,audio_6655,8,Tocca nel seguente ordine gli occhiali da sole la bicicletta il monopattino l'ombrello
7O,7OSU4,audio_6656,8,Tocca nel seguente ordine gli occhiali da sole la bicicletta la bambina il gelato
7O,7OSU4,audio_6657,8,Tocca nel seguente ordine gli occhiali da sole la bicicletta la bambina il pappagallo
7O,7OSU4,audio_6658,8,Tocca nel seguente ordine gli occhiali da sole la bicicletta la bambina il polipo
7O,7OSU4,audio_6659,8,Tocca nel seguente ordine gli occhiali da sole la bicicletta la bambina la scimmia
7O,7OSU4,audio_6660,8,Tocca nel seguente ordine gli occhiali da sole la bicicletta la bambina il monopattino
7O,7OSU4,audio_6661,8,Tocca nel seguente ordine gli occhiali da sole la bicicletta la bambina il leone
7O,7OSU4,audio_6662,8,Tocca nel seguente ordine gli occhiali da sole la bicicletta la bambina l'ombrello
7O,7OSU4,audio_6663,8,Tocca nel seguente ordine gli occhiali da sole la bicicletta l'ombrello il gelato
7O,7OSU4,audio_6664,8,Tocca nel seguente ordine gli occhiali da sole la bicicletta l'ombrello il pappagallo
7O,7OSU4,audio_6665,8,Tocca nel seguente ordine gli occhiali da sole la bicicletta l'ombrello il polipo
7O,7OSU4,audio_6666,8,Tocca nel seguente ordine gli occhiali da sole la bicicletta l'ombrello il leone
7O,7OSU4,audio_6667,8,Tocca nel seguente ordine gli occhiali da sole la bicicletta l'ombrello il monopattino
7O,7OSU4,audio_6668,8,Tocca nel seguente ordine gli occhiali da sole la bicicletta l'ombrello la bambina
7O,7OSU4,audio_6669,8,Tocca nel seguente ordine gli occhiali da sole la bicicletta l'ombrello la scimmia
7O,7OSU4,audio_6670,8,Tocca nel seguente ordine gli occhiali da sole il monopattino il leone il gelato
7O,7OSU4,audio_6671,8,Tocca nel seguente ordine gli occhiali da sole il monopattino il leone il pappagallo
7O,7OSU4,audio_6672,8,Tocca nel seguente ordine gli occhiali da sole il monopattino il leone il polipo
7O,7OSU4,audio_6673,8,Tocca nel seguente ordine gli occhiali da sole il monopattino il leone la bicicletta
7O,7OSU4,audio_6674,8,Tocca nel seguente ordine gli occhiali da sole il monopattino il leone la scimmia
7O,7OSU4,audio_6675,8,Tocca nel seguente ordine gli occhiali da sole il monopattino il leone la bambina
7O,7OSU4,audio_6676,8,Tocca nel seguente ordine gli occhiali da sole il monopattino il leone l'ombrello
7O,7OSU4,audio_6677,8,Tocca nel seguente ordine gli occhiali da sole il monopattino la scimmia il gelato
7O,7OSU4,audio_6678,8,Tocca nel seguente ordine gli occhiali da sole il monopattino la scimmia il pappagallo
7O,7OSU4,audio_6679,8,Tocca nel seguente ordine gli occhiali da sole il monopattino la scimmia il polipo
7O,7OSU4,audio_6680,8,Tocca nel seguente ordine gli occhiali da sole il monopattino la scimmia la bicicletta
7O,7OSU4,audio_6681,8,Tocca nel seguente ordine gli occhiali da sole il monopattino la scimmia il leone
7O,7OSU4,audio_6682,8,Tocca nel seguente ordine gli occhiali da sole il monopattino la scimmia la bambina
7O,7OSU4,audio_6683,8,Tocca nel seguente ordine gli occhiali da sole il monopattino la scimmia l'ombrello
7O,7OSU4,audio_6684,8,Tocca nel seguente ordine gli occhiali da sole il monopattino il pappagallo il gelato
7O,7OSU4,audio_6685,8,Tocca nel seguente ordine gli occhiali da sole il monopattino il pappagallo la scimmia
7O,7OSU4,audio_6686,8,Tocca nel seguente ordine gli occhiali da sole il monopattino il pappagallo il polipo
7O,7OSU4,audio_6687,8,Tocca nel seguente ordine gli occhiali da sole il monopattino il pappagallo la bicicletta
7O,7OSU4,audio_6688,8,Tocca nel seguente ordine gli occhiali da sole il monopattino il pappagallo il leone
7O,7OSU4,audio_6689,8,Tocca nel seguente ordine gli occhiali da sole il monopattino il pappagallo la bambina
7O,7OSU4,audio_6690,8,Tocca nel seguente ordine gli occhiali da sole il monopattino il pappagallo l'ombrello
7O,7OSU4,audio_6691,8,Tocca nel seguente ordine gli occhiali da sole il monopattino il polipo il gelato
7O,7OSU4,audio_6692,8,Tocca nel seguente ordine gli occhiali da sole il monopattino il polipo il pappagallo
7O,7OSU4,audio_6693,8,Tocca nel seguente ordine gli occhiali da sole il monopattino il polipo il leone
7O,7OSU4,audio_6694,8,Tocca nel seguente ordine gli occhiali da sole il monopattino il polipo la bicicletta
7O,7OSU4,audio_6695,8,Tocca nel seguente ordine gli occhiali da sole il monopattino il polipo la scimmia
7O,7OSU4,audio_6696,8,Tocca nel seguente ordine gli occhiali da sole il monopattino il polipo la bambina
7O,7OSU4,audio_6697,8,Tocca nel seguente ordine gli occhiali da sole il monopattino il polipo l'ombrello
7O,7OSU4,audio_6698,8,Tocca nel seguente ordine gli occhiali da sole il monopattino il gelato il leone
7O,7OSU4,audio_6699,8,Tocca nel seguente ordine gli occhiali da sole il monopattino il gelato il pappagallo
7O,7OSU4,audio_6700,8,Tocca nel seguente ordine gli occhiali da sole il monopattino il gelato il polipo
7O,7OSU4,audio_6701,8,Tocca nel seguente ordine gli occhiali da sole il monopattino il gelato la bicicletta
7O,7OSU4,audio_6702,8,Tocca nel seguente ordine gli occhiali da sole il monopattino il gelato la scimmia
7O,7OSU4,audio_6703,8,Tocca nel seguente ordine gli occhiali da sole il monopattino il gelato la bambina
7O,7OSU4,audio_6704,8,Tocca nel seguente ordine gli occhiali da sole il monopattino il gelato l'ombrello
7O,7OSU4,audio_6705,8,Tocca nel seguente ordine gli occhiali da sole il monopattino la bicicletta il gelato
7O,7OSU4,audio_6706,8,Tocca nel seguente ordine gli occhiali da sole il monopattino la bicicletta il pappagallo
7O,7OSU4,audio_6707,8,Tocca nel seguente ordine gli occhiali da sole il monopattino la bicicletta il polipo
7O,7OSU4,audio_6708,8,Tocca nel seguente ordine gli occhiali da sole il monopattino la bicicletta la scimmia
7O,7OSU4,audio_6709,8,Tocca nel seguente ordine gli occhiali da sole il monopattino la bicicletta il leone
7O,7OSU4,audio_6710,8,Tocca nel seguente ordine gli occhiali da sole il monopattino la bicicletta la bambina
7O,7OSU4,audio_6711,8,Tocca nel seguente ordine gli occhiali da sole il monopattino la bicicletta l'ombrello
7O,7OSU4,audio_6712,8,Tocca nel seguente ordine gli occhiali da sole il monopattino la bambina il gelato
7O,7OSU4,audio_6713,8,Tocca nel seguente ordine gli occhiali da sole il monopattino la bambina il pappagallo
7O,7OSU4,audio_6714,8,Tocca nel seguente ordine gli occhiali da sole il monopattino la bambina il polipo
7O,7OSU4,audio_6715,8,Tocca nel seguente ordine gli occhiali da sole il monopattino la bambina la bicicletta
7O,7OSU4,audio_6716,8,Tocca nel seguente ordine gli occhiali da sole il monopattino la bambina il leone
7O,7OSU4,audio_6717,8,Tocca nel seguente ordine gli occhiali da sole il monopattino la bambina la scimmia
7O,7OSU4,audio_6718,8,Tocca nel seguente ordine gli occhiali da sole il monopattino la bambina l'ombrello
7O,7OSU4,audio_6719,8,Tocca nel seguente ordine gli occhiali da sole il monopattino l'ombrello il gelato
7O,7OSU4,audio_6720,8,Tocca nel seguente ordine gli occhiali da sole il monopattino l'ombrello il pappagallo
7O,7OSU4,audio_6721,8,Tocca nel seguente ordine gli occhiali da sole il monopattino l'ombrello il polipo
7O,7OSU4,audio_6722,8,Tocca nel seguente ordine gli occhiali da sole il monopattino l'ombrello la bicicletta
7O,7OSU4,audio_6723,8,Tocca nel seguente ordine gli occhiali da sole il monopattino l'ombrello il leone
7O,7OSU4,audio_6724,8,Tocca nel seguente ordine gli occhiali da sole il monopattino l'ombrello la bambina
7O,7OSU4,audio_6725,8,Tocca nel seguente ordine gli occhiali da sole il monopattino l'ombrello la scimmia
7O,7OSU4,audio_6726,8,Tocca nel seguente ordine gli occhiali da sole la bambina il leone il gelato
7O,7OSU4,audio_6727,8,Tocca nel seguente ordine gli occhiali da sole la bambina il leone il pappagallo
7O,7OSU4,audio_6728,8,Tocca nel seguente ordine gli occhiali da sole la bambina il leone il polipo
7O,7OSU4,audio_6729,8,Tocca nel seguente ordine gli occhiali da sole la bambina il leone la bicicletta
7O,7OSU4,audio_6730,8,Tocca nel seguente ordine gli occhiali da sole la bambina il leone il monopattino
7O,7OSU4,audio_6731,8,Tocca nel seguente ordine gli occhiali da sole la bambina il leone la scimmia
7O,7OSU4,audio_6732,8,Tocca nel seguente ordine gli occhiali da sole la bambina il leone l'ombrello
7O,7OSU4,audio_6733,8,Tocca nel seguente ordine gli occhiali da sole la bambina la scimmia il gelato
7O,7OSU4,audio_6734,8,Tocca nel seguente ordine gli occhiali da sole la bambina la scimmia il pappagallo
7O,7OSU4,audio_6735,8,Tocca nel seguente ordine gli occhiali da sole la bambina la scimmia il polipo
7O,7OSU4,audio_6736,8,Tocca nel seguente ordine gli occhiali da sole la bambina la scimmia la bicicletta
7O,7OSU4,audio_6737,8,Tocca nel seguente ordine gli occhiali da sole la bambina la scimmia il monopattino
7O,7OSU4,audio_6738,8,Tocca nel seguente ordine gli occhiali da sole la bambina la scimmia il leone
7O,7OSU4,audio_6739,8,Tocca nel seguente ordine gli occhiali da sole la bambina la scimmia l'ombrello
7O,7OSU4,audio_6740,8,Tocca nel seguente ordine gli occhiali da sole la bambina il pappagallo il gelato
7O,7OSU4,audio_6741,8,Tocca nel seguente ordine gli occhiali da sole la bambina il pappagallo il leone
7O,7OSU4,audio_6742,8,Tocca nel seguente ordine gli occhiali da sole la bambina il pappagallo il polipo
7O,7OSU4,audio_6743,8,Tocca nel seguente ordine gli occhiali da sole la bambina il pappagallo la bicicletta
7O,7OSU4,audio_6744,8,Tocca nel seguente ordine gli occhiali da sole la bambina il pappagallo il monopattino
7O,7OSU4,audio_6745,8,Tocca nel seguente ordine gli occhiali da sole la bambina il pappagallo la scimmia
7O,7OSU4,audio_6746,8,Tocca nel seguente ordine gli occhiali da sole la bambina il pappagallo l'ombrello
7O,7OSU4,audio_6747,8,Tocca nel seguente ordine gli occhiali da sole la bambina il polipo il gelato
7O,7OSU4,audio_6748,8,Tocca nel seguente ordine gli occhiali da sole la bambina il polipo il pappagallo
7O,7OSU4,audio_6749,8,Tocca nel seguente ordine gli occhiali da sole la bambina il polipo il leone
7O,7OSU4,audio_6750,8,Tocca nel seguente ordine gli occhiali da sole la bambina il polipo la bicicletta
7O,7OSU4,audio_6751,8,Tocca nel seguente ordine gli occhiali da sole la bambina il polipo il monopattino
7O,7OSU4,audio_6752,8,Tocca nel seguente ordine gli occhiali da sole la bambina il polipo la scimmia
7O,7OSU4,audio_6753,8,Tocca nel seguente ordine gli occhiali da sole la bambina il polipo l'ombrello
7O,7OSU4,audio_6754,8,Tocca nel seguente ordine gli occhiali da sole la bambina il gelato il leone
7O,7OSU4,audio_6755,8,Tocca nel seguente ordine gli occhiali da sole la bambina il gelato il pappagallo
7O,7OSU4,audio_6756,8,Tocca nel seguente ordine gli occhiali da sole la bambina il gelato il polipo
7O,7OSU4,audio_6757,8,Tocca nel seguente ordine gli occhiali da sole la bambina il gelato la bicicletta
7O,7OSU4,audio_6758,8,Tocca nel seguente ordine gli occhiali da sole la bambina il gelato il monopattino
7O,7OSU4,audio_6759,8,Tocca nel seguente ordine gli occhiali da sole la bambina il gelato la scimmia
7O,7OSU4,audio_6760,8,Tocca nel seguente ordine gli occhiali da sole la bambina il gelato l'ombrello
7O,7OSU4,audio_6761,8,Tocca nel seguente ordine gli occhiali da sole la bambina la bicicletta il gelato
7O,7OSU4,audio_6762,8,Tocca nel seguente ordine gli occhiali da sole la bambina la bicicletta il pappagallo
7O,7OSU4,audio_6763,8,Tocca nel seguente ordine gli occhiali da sole la bambina la bicicletta il polipo
7O,7OSU4,audio_6764,8,Tocca nel seguente ordine gli occhiali da sole la bambina la bicicletta il leone
7O,7OSU4,audio_6765,8,Tocca nel seguente ordine gli occhiali da sole la bambina la bicicletta il monopattino
7O,7OSU4,audio_6766,8,Tocca nel seguente ordine gli occhiali da sole la bambina la bicicletta la scimmia
7O,7OSU4,audio_6767,8,Tocca nel seguente ordine gli occhiali da sole la bambina la bicicletta l'ombrello
7O,7OSU4,audio_6768,8,Tocca nel seguente ordine gli occhiali da sole la bambina il monopattino il gelato
7O,7OSU4,audio_6769,8,Tocca nel seguente ordine gli occhiali da sole la bambina il monopattino il pappagallo
7O,7OSU4,audio_6770,8,Tocca nel seguente ordine gli occhiali da sole la bambina il monopattino il polipo
7O,7OSU4,audio_6771,8,Tocca nel seguente ordine gli occhiali da sole la bambina il monopattino la bicicletta
7O,7OSU4,audio_6772,8,Tocca nel seguente ordine gli occhiali da sole la bambina il monopattino il leone
7O,7OSU4,audio_6773,8,Tocca nel seguente ordine gli occhiali da sole la bambina il monopattino la scimmia
7O,7OSU4,audio_6774,8,Tocca nel seguente ordine gli occhiali da sole la bambina il monopattino l'ombrello
7O,7OSU4,audio_6775,8,Tocca nel seguente ordine gli occhiali da sole la bambina l'ombrello il gelato
7O,7OSU4,audio_6776,8,Tocca nel seguente ordine gli occhiali da sole la bambina l'ombrello il pappagallo
7O,7OSU4,audio_6777,8,Tocca nel seguente ordine gli occhiali da sole la bambina l'ombrello il polipo
7O,7OSU4,audio_6778,8,Tocca nel seguente ordine gli occhiali da sole la bambina l'ombrello la bicicletta
7O,7OSU4,audio_6779,8,Tocca nel seguente ordine gli occhiali da sole la bambina l'ombrello il monopattino
7O,7OSU4,audio_6780,8,Tocca nel seguente ordine gli occhiali da sole la bambina l'ombrello la scimmia
7O,7OSU4,audio_6781,8,Tocca nel seguente ordine gli occhiali da sole la bambina l'ombrello il leone
7O,7OSU4,audio_6782,8,Tocca nel seguente ordine gli occhiali da sole l'ombrello il leone il gelato
7O,7OSU4,audio_6783,8,Tocca nel seguente ordine gli occhiali da sole l'ombrello il leone il pappagallo
7O,7OSU4,audio_6784,8,Tocca nel seguente ordine gli occhiali da sole l'ombrello il leone il polipo
7O,7OSU4,audio_6785,8,Tocca nel seguente ordine gli occhiali da sole l'ombrello il leone la bicicletta
7O,7OSU4,audio_6786,8,Tocca nel seguente ordine gli occhiali da sole l'ombrello il leone il monopattino
7O,7OSU4,audio_6787,8,Tocca nel seguente ordine gli occhiali da sole l'ombrello il leone la bambina
7O,7OSU4,audio_6788,8,Tocca nel seguente ordine gli occhiali da sole l'ombrello il leone la scimmia
7O,7OSU4,audio_6789,8,Tocca nel seguente ordine gli occhiali da sole l'ombrello la scimmia il gelato
7O,7OSU4,audio_6790,8,Tocca nel seguente ordine gli occhiali da sole l'ombrello la scimmia il pappagallo
7O,7OSU4,audio_6791,8,Tocca nel seguente ordine gli occhiali da sole l'ombrello la scimmia il polipo
7O,7OSU4,audio_6792,8,Tocca nel seguente ordine gli occhiali da sole l'ombrello la scimmia la bicicletta
7O,7OSU4,audio_6793,8,Tocca nel seguente ordine gli occhiali da sole l'ombrello la scimmia il monopattino
7O,7OSU4,audio_6794,8,Tocca nel seguente ordine gli occhiali da sole l'ombrello la scimmia la bambina
7O,7OSU4,audio_6795,8,Tocca nel seguente ordine gli occhiali da sole l'ombrello la scimmia il leone
7O,7OSU4,audio_6796,8,Tocca nel seguente ordine gli occhiali da sole l'ombrello il pappagallo il gelato
7O,7OSU4,audio_6797,8,Tocca nel seguente ordine gli occhiali da sole l'ombrello il pappagallo il leone
7O,7OSU4,audio_6798,8,Tocca nel seguente ordine gli occhiali da sole l'ombrello il pappagallo il polipo
7O,7OSU4,audio_6799,8,Tocca nel seguente ordine gli occhiali da sole l'ombrello il pappagallo la bicicletta
7O,7OSU4,audio_6800,8,Tocca nel seguente ordine gli occhiali da sole l'ombrello il pappagallo il monopattino
7O,7OSU4,audio_6801,8,Tocca nel seguente ordine gli occhiali da sole l'ombrello il pappagallo la bambina
7O,7OSU4,audio_6802,8,Tocca nel seguente ordine gli occhiali da sole l'ombrello il pappagallo la scimmia
7O,7OSU4,audio_6803,8,Tocca nel seguente ordine gli occhiali da sole l'ombrello il polipo il gelato
7O,7OSU4,audio_6804,8,Tocca nel seguente ordine gli occhiali da sole l'ombrello il polipo il pappagallo
7O,7OSU4,audio_6805,8,Tocca nel seguente ordine gli occhiali da sole l'ombrello il polipo il leone
7O,7OSU4,audio_6806,8,Tocca nel seguente ordine gli occhiali da sole l'ombrello il polipo la bicicletta
7O,7OSU4,audio_6807,8,Tocca nel seguente ordine gli occhiali da sole l'ombrello il polipo il monopattino
7O,7OSU4,audio_6808,8,Tocca nel seguente ordine gli occhiali da sole l'ombrello il polipo la bambina
7O,7OSU4,audio_6809,8,Tocca nel seguente ordine gli occhiali da sole l'ombrello il polipo la scimmia
7O,7OSU4,audio_6810,8,Tocca nel seguente ordine gli occhiali da sole l'ombrello il gelato il leone
7O,7OSU4,audio_6811,8,Tocca nel seguente ordine gli occhiali da sole l'ombrello il gelato il pappagallo
7O,7OSU4,audio_6812,8,Tocca nel seguente ordine gli occhiali da sole l'ombrello il gelato il polipo
7O,7OSU4,audio_6813,8,Tocca nel seguente ordine gli occhiali da sole l'ombrello il gelato la bicicletta
7O,7OSU4,audio_6814,8,Tocca nel seguente ordine gli occhiali da sole l'ombrello il gelato il monopattino
7O,7OSU4,audio_6815,8,Tocca nel seguente ordine gli occhiali da sole l'ombrello il gelato la bambina
7O,7OSU4,audio_6816,8,Tocca nel seguente ordine gli occhiali da sole l'ombrello il gelato la scimmia
7O,7OSU4,audio_6817,8,Tocca nel seguente ordine gli occhiali da sole l'ombrello la bicicletta il gelato
7O,7OSU4,audio_6818,8,Tocca nel seguente ordine gli occhiali da sole l'ombrello la bicicletta il pappagallo
7O,7OSU4,audio_6819,8,Tocca nel seguente ordine gli occhiali da sole l'ombrello la bicicletta il polipo
7O,7OSU4,audio_6820,8,Tocca nel seguente ordine gli occhiali da sole l'ombrello la bicicletta il leone
7O,7OSU4,audio_6821,8,Tocca nel seguente ordine gli occhiali da sole l'ombrello la bicicletta il monopattino
7O,7OSU4,audio_6822,8,Tocca nel seguente ordine gli occhiali da sole l'ombrello la bicicletta la bambina
7O,7OSU4,audio_6823,8,Tocca nel seguente ordine gli occhiali da sole l'ombrello la bicicletta la scimmia
7O,7OSU4,audio_6824,8,Tocca nel seguente ordine gli occhiali da sole l'ombrello il monopattino il gelato
7O,7OSU4,audio_6825,8,Tocca nel seguente ordine gli occhiali da sole l'ombrello il monopattino il pappagallo
7O,7OSU4,audio_6826,8,Tocca nel seguente ordine gli occhiali da sole l'ombrello il monopattino il polipo
7O,7OSU4,audio_6827,8,Tocca nel seguente ordine gli occhiali da sole l'ombrello il monopattino la bicicletta
7O,7OSU4,audio_6828,8,Tocca nel seguente ordine gli occhiali da sole l'ombrello il monopattino il leone
7O,7OSU4,audio_6829,8,Tocca nel seguente ordine gli occhiali da sole l'ombrello il monopattino la bambina
7O,7OSU4,audio_6830,8,Tocca nel seguente ordine gli occhiali da sole l'ombrello il monopattino la scimmia
7O,7OSU4,audio_6831,8,Tocca nel seguente ordine gli occhiali da sole l'ombrello la bambina il gelato
7O,7OSU4,audio_6832,8,Tocca nel seguente ordine gli occhiali da sole l'ombrello la bambina il pappagallo
7O,7OSU4,audio_6833,8,Tocca nel seguente ordine gli occhiali da sole l'ombrello la bambina il polipo
7O,7OSU4,audio_6834,8,Tocca nel seguente ordine gli occhiali da sole l'ombrello la bambina la bicicletta
7O,7OSU4,audio_6835,8,Tocca nel seguente ordine gli occhiali da sole l'ombrello la bambina il monopattino
7O,7OSU4,audio_6836,8,Tocca nel seguente ordine gli occhiali da sole l'ombrello la bambina il leone
7O,7OSU4,audio_6837,8,Tocca nel seguente ordine gli occhiali da sole l'ombrello la bambina la scimmia
7O,7OSU4,audio_6838,8,Tocca nel seguente ordine la bicicletta il leone la scimmia il polipo
7O,7OSU4,audio_6839,8,Tocca nel seguente ordine la bicicletta il leone la scimmia il pappagallo
7O,7OSU4,audio_6840,8,Tocca nel seguente ordine la bicicletta il leone la scimmia il gelato
7O,7OSU4,audio_6841,8,Tocca nel seguente ordine la bicicletta il leone la scimmia gli occhiali da sole
7O,7OSU4,audio_6842,8,Tocca nel seguente ordine la bicicletta il leone la scimmia il monopattino
7O,7OSU4,audio_6843,8,Tocca nel seguente ordine la bicicletta il leone la scimmia la bambina
7O,7OSU4,audio_6844,8,Tocca nel seguente ordine la bicicletta il leone la scimmia l'ombrello
7O,7OSU4,audio_6845,8,Tocca nel seguente ordine la bicicletta il leone il pappagallo il polipo
7O,7OSU4,audio_6846,8,Tocca nel seguente ordine la bicicletta il leone il pappagallo la scimmia
7O,7OSU4,audio_6847,8,Tocca nel seguente ordine la bicicletta il leone il pappagallo il gelato
7O,7OSU4,audio_6848,8,Tocca nel seguente ordine la bicicletta il leone il pappagallo gli occhiali da sole
7O,7OSU4,audio_6849,8,Tocca nel seguente ordine la bicicletta il leone il pappagallo il monopattino
7O,7OSU4,audio_6850,8,Tocca nel seguente ordine la bicicletta il leone il pappagallo la bambina
7O,7OSU4,audio_6851,8,Tocca nel seguente ordine la bicicletta il leone il pappagallo l'ombrello
7O,7OSU4,audio_6852,8,Tocca nel seguente ordine la bicicletta il leone il polipo la scimmia
7O,7OSU4,audio_6853,8,Tocca nel seguente ordine la bicicletta il leone il polipo il pappagallo
7O,7OSU4,audio_6854,8,Tocca nel seguente ordine la bicicletta il leone il polipo il gelato
7O,7OSU4,audio_6855,8,Tocca nel seguente ordine la bicicletta il leone il polipo gli occhiali da sole
7O,7OSU4,audio_6856,8,Tocca nel seguente ordine la bicicletta il leone il polipo il monopattino
7O,7OSU4,audio_6857,8,Tocca nel seguente ordine la bicicletta il leone il polipo la bambina
7O,7OSU4,audio_6858,8,Tocca nel seguente ordine la bicicletta il leone il polipo l'ombrello
7O,7OSU4,audio_6859,8,Tocca nel seguente ordine la bicicletta il leone il gelato il polipo
7O,7OSU4,audio_6860,8,Tocca nel seguente ordine la bicicletta il leone il gelato il pappagallo
7O,7OSU4,audio_6861,8,Tocca nel seguente ordine la bicicletta il leone il gelato la scimmia
7O,7OSU4,audio_6862,8,Tocca nel seguente ordine la bicicletta il leone il gelato gli occhiali da sole
7O,7OSU4,audio_6863,8,Tocca nel seguente ordine la bicicletta il leone il gelato il monopattino
7O,7OSU4,audio_6864,8,Tocca nel seguente ordine la bicicletta il leone il gelato la bambina
7O,7OSU4,audio_6865,8,Tocca nel seguente ordine la bicicletta il leone il gelato l'ombrello
7O,7OSU4,audio_6866,8,Tocca nel seguente ordine la bicicletta il leone gli occhiali da sole il polipo
7O,7OSU4,audio_6867,8,Tocca nel seguente ordine la bicicletta il leone gli occhiali da sole il pappagallo
7O,7OSU4,audio_6868,8,Tocca nel seguente ordine la bicicletta il leone gli occhiali da sole il gelato
7O,7OSU4,audio_6869,8,Tocca nel seguente ordine la bicicletta il leone gli occhiali da sole la scimmia
7O,7OSU4,audio_6870,8,Tocca nel seguente ordine la bicicletta il leone gli occhiali da sole il monopattino
7O,7OSU4,audio_6871,8,Tocca nel seguente ordine la bicicletta il leone gli occhiali da sole la bambina
7O,7OSU4,audio_6872,8,Tocca nel seguente ordine la bicicletta il leone gli occhiali da sole l'ombrello
7O,7OSU4,audio_6873,8,Tocca nel seguente ordine la bicicletta il leone il monopattino il polipo
7O,7OSU4,audio_6874,8,Tocca nel seguente ordine la bicicletta il leone il monopattino il pappagallo
7O,7OSU4,audio_6875,8,Tocca nel seguente ordine la bicicletta il leone il monopattino il gelato
7O,7OSU4,audio_6876,8,Tocca nel seguente ordine la bicicletta il leone il monopattino gli occhiali da sole
7O,7OSU4,audio_6877,8,Tocca nel seguente ordine la bicicletta il leone il monopattino la scimmia
7O,7OSU4,audio_6878,8,Tocca nel seguente ordine la bicicletta il leone il monopattino la bambina
7O,7OSU4,audio_6879,8,Tocca nel seguente ordine la bicicletta il leone il monopattino l'ombrello
7O,7OSU4,audio_6880,8,Tocca nel seguente ordine la bicicletta il leone la bambina il polipo
7O,7OSU4,audio_6881,8,Tocca nel seguente ordine la bicicletta il leone la bambina il pappagallo
7O,7OSU4,audio_6882,8,Tocca nel seguente ordine la bicicletta il leone la bambina il gelato
7O,7OSU4,audio_6883,8,Tocca nel seguente ordine la bicicletta il leone la bambina gli occhiali da sole
7O,7OSU4,audio_6884,8,Tocca nel seguente ordine la bicicletta il leone la bambina il monopattino
7O,7OSU4,audio_6885,8,Tocca nel seguente ordine la bicicletta il leone la bambina la scimmia
7O,7OSU4,audio_6886,8,Tocca nel seguente ordine la bicicletta il leone la bambina l'ombrello
7O,7OSU4,audio_6887,8,Tocca nel seguente ordine la bicicletta il leone l'ombrello il polipo
7O,7OSU4,audio_6888,8,Tocca nel seguente ordine la bicicletta il leone l'ombrello il pappagallo
7O,7OSU4,audio_6889,8,Tocca nel seguente ordine la bicicletta il leone l'ombrello il gelato
7O,7OSU4,audio_6890,8,Tocca nel seguente ordine la bicicletta il leone l'ombrello gli occhiali da sole
7O,7OSU4,audio_6891,8,Tocca nel seguente ordine la bicicletta il leone l'ombrello il monopattino
7O,7OSU4,audio_6892,8,Tocca nel seguente ordine la bicicletta il leone l'ombrello la bambina
7O,7OSU4,audio_6893,8,Tocca nel seguente ordine la bicicletta il leone l'ombrello la scimmia
7O,7OSU4,audio_6894,8,Tocca nel seguente ordine la bicicletta la scimmia il leone il polipo
7O,7OSU4,audio_6895,8,Tocca nel seguente ordine la bicicletta la scimmia il leone il pappagallo
7O,7OSU4,audio_6896,8,Tocca nel seguente ordine la bicicletta la scimmia il leone il gelato
7O,7OSU4,audio_6897,8,Tocca nel seguente ordine la bicicletta la scimmia il leone gli occhiali da sole
7O,7OSU4,audio_6898,8,Tocca nel seguente ordine la bicicletta la scimmia il leone il monopattino
7O,7OSU4,audio_6899,8,Tocca nel seguente ordine la bicicletta la scimmia il leone la bambina
7O,7OSU4,audio_6900,8,Tocca nel seguente ordine la bicicletta la scimmia il leone l'ombrello
7O,7OSU4,audio_6901,8,Tocca nel seguente ordine la bicicletta la scimmia il pappagallo il polipo
7O,7OSU4,audio_6902,8,Tocca nel seguente ordine la bicicletta la scimmia il pappagallo il leone
7O,7OSU4,audio_6903,8,Tocca nel seguente ordine la bicicletta la scimmia il pappagallo il gelato
7O,7OSU4,audio_6904,8,Tocca nel seguente ordine la bicicletta la scimmia il pappagallo gli occhiali da sole
7O,7OSU4,audio_6905,8,Tocca nel seguente ordine la bicicletta la scimmia il pappagallo il monopattino
7O,7OSU4,audio_6906,8,Tocca nel seguente ordine la bicicletta la scimmia il pappagallo la bambina
7O,7OSU4,audio_6907,8,Tocca nel seguente ordine la bicicletta la scimmia il pappagallo l'ombrello
7O,7OSU4,audio_6908,8,Tocca nel seguente ordine la bicicletta la scimmia il polipo il leone
7O,7OSU4,audio_6909,8,Tocca nel seguente ordine la bicicletta la scimmia il polipo il pappagallo
7O,7OSU4,audio_6910,8,Tocca nel seguente ordine la bicicletta la scimmia il polipo il gelato
7O,7OSU4,audio_6911,8,Tocca nel seguente ordine la bicicletta la scimmia il polipo gli occhiali da sole
7O,7OSU4,audio_6912,8,Tocca nel seguente ordine la bicicletta la scimmia il polipo il monopattino
7O,7OSU4,audio_6913,8,Tocca nel seguente ordine la bicicletta la scimmia il polipo la bambina
7O,7OSU4,audio_6914,8,Tocca nel seguente ordine la bicicletta la scimmia il polipo l'ombrello
7O,7OSU4,audio_6915,8,Tocca nel seguente ordine la bicicletta la scimmia il gelato il polipo
7O,7OSU4,audio_6916,8,Tocca nel seguente ordine la bicicletta la scimmia il gelato il pappagallo
7O,7OSU4,audio_6917,8,Tocca nel seguente ordine la bicicletta la scimmia il gelato il leone
7O,7OSU4,audio_6918,8,Tocca nel seguente ordine la bicicletta la scimmia il gelato gli occhiali da sole
7O,7OSU4,audio_6919,8,Tocca nel seguente ordine la bicicletta la scimmia il gelato il monopattino
7O,7OSU4,audio_6920,8,Tocca nel seguente ordine la bicicletta la scimmia il gelato la bambina
7O,7OSU4,audio_6921,8,Tocca nel seguente ordine la bicicletta la scimmia il gelato l'ombrello
7O,7OSU4,audio_6922,8,Tocca nel seguente ordine la bicicletta la scimmia gli occhiali da sole il polipo
7O,7OSU4,audio_6923,8,Tocca nel seguente ordine la bicicletta la scimmia gli occhiali da sole il pappagallo
7O,7OSU4,audio_6924,8,Tocca nel seguente ordine la bicicletta la scimmia gli occhiali da sole il gelato
7O,7OSU4,audio_6925,8,Tocca nel seguente ordine la bicicletta la scimmia gli occhiali da sole il leone
7O,7OSU4,audio_6926,8,Tocca nel seguente ordine la bicicletta la scimmia gli occhiali da sole il monopattino
7O,7OSU4,audio_6927,8,Tocca nel seguente ordine la bicicletta la scimmia gli occhiali da sole la bambina
7O,7OSU4,audio_6928,8,Tocca nel seguente ordine la bicicletta la scimmia gli occhiali da sole l'ombrello
7O,7OSU4,audio_6929,8,Tocca nel seguente ordine la bicicletta la scimmia il monopattino il polipo
7O,7OSU4,audio_6930,8,Tocca nel seguente ordine la bicicletta la scimmia il monopattino il pappagallo
7O,7OSU4,audio_6931,8,Tocca nel seguente ordine la bicicletta la scimmia il monopattino il gelato
7O,7OSU4,audio_6932,8,Tocca nel seguente ordine la bicicletta la scimmia il monopattino gli occhiali da sole
7O,7OSU4,audio_6933,8,Tocca nel seguente ordine la bicicletta la scimmia il monopattino il leone
7O,7OSU4,audio_6934,8,Tocca nel seguente ordine la bicicletta la scimmia il monopattino la bambina
7O,7OSU4,audio_6935,8,Tocca nel seguente ordine la bicicletta la scimmia il monopattino l'ombrello
7O,7OSU4,audio_6936,8,Tocca nel seguente ordine la bicicletta la scimmia la bambina il polipo
7O,7OSU4,audio_6937,8,Tocca nel seguente ordine la bicicletta la scimmia la bambina il pappagallo
7O,7OSU4,audio_6938,8,Tocca nel seguente ordine la bicicletta la scimmia la bambina il gelato
7O,7OSU4,audio_6939,8,Tocca nel seguente ordine la bicicletta la scimmia la bambina gli occhiali da sole
7O,7OSU4,audio_6940,8,Tocca nel seguente ordine la bicicletta la scimmia la bambina il monopattino
7O,7OSU4,audio_6941,8,Tocca nel seguente ordine la bicicletta la scimmia la bambina il leone
7O,7OSU4,audio_6942,8,Tocca nel seguente ordine la bicicletta la scimmia la bambina l'ombrello
7O,7OSU4,audio_6943,8,Tocca nel seguente ordine la bicicletta la scimmia l'ombrello il polipo
7O,7OSU4,audio_6944,8,Tocca nel seguente ordine la bicicletta la scimmia l'ombrello il pappagallo
7O,7OSU4,audio_6945,8,Tocca nel seguente ordine la bicicletta la scimmia l'ombrello il gelato
7O,7OSU4,audio_6946,8,Tocca nel seguente ordine la bicicletta la scimmia l'ombrello gli occhiali da sole
7O,7OSU4,audio_6947,8,Tocca nel seguente ordine la bicicletta la scimmia l'ombrello il monopattino
7O,7OSU4,audio_6948,8,Tocca nel seguente ordine la bicicletta la scimmia l'ombrello la bambina
7O,7OSU4,audio_6949,8,Tocca nel seguente ordine la bicicletta la scimmia l'ombrello il leone
7O,7OSU4,audio_6950,8,Tocca nel seguente ordine la bicicletta il pappagallo il leone il polipo
7O,7OSU4,audio_6951,8,Tocca nel seguente ordine la bicicletta il pappagallo il leone la scimmia
7O,7OSU4,audio_6952,8,Tocca nel seguente ordine la bicicletta il pappagallo il leone il gelato
7O,7OSU4,audio_6953,8,Tocca nel seguente ordine la bicicletta il pappagallo il leone gli occhiali da sole
7O,7OSU4,audio_6954,8,Tocca nel seguente ordine la bicicletta il pappagallo il leone il monopattino
7O,7OSU4,audio_6955,8,Tocca nel seguente ordine la bicicletta il pappagallo il leone la bambina
7O,7OSU4,audio_6956,8,Tocca nel seguente ordine la bicicletta il pappagallo il leone l'ombrello
7O,7OSU4,audio_6957,8,Tocca nel seguente ordine la bicicletta il pappagallo la scimmia il polipo
7O,7OSU4,audio_6958,8,Tocca nel seguente ordine la bicicletta il pappagallo la scimmia il leone
7O,7OSU4,audio_6959,8,Tocca nel seguente ordine la bicicletta il pappagallo la scimmia il gelato
7O,7OSU4,audio_6960,8,Tocca nel seguente ordine la bicicletta il pappagallo la scimmia gli occhiali da sole
7O,7OSU4,audio_6961,8,Tocca nel seguente ordine la bicicletta il pappagallo la scimmia il monopattino
7O,7OSU4,audio_6962,8,Tocca nel seguente ordine la bicicletta il pappagallo la scimmia la bambina
7O,7OSU4,audio_6963,8,Tocca nel seguente ordine la bicicletta il pappagallo la scimmia l'ombrello
7O,7OSU4,audio_6964,8,Tocca nel seguente ordine la bicicletta il pappagallo il polipo il leone
7O,7OSU4,audio_6965,8,Tocca nel seguente ordine la bicicletta il pappagallo il polipo la scimmia
7O,7OSU4,audio_6966,8,Tocca nel seguente ordine la bicicletta il pappagallo il polipo il gelato
7O,7OSU4,audio_6967,8,Tocca nel seguente ordine la bicicletta il pappagallo il polipo gli occhiali da sole
7O,7OSU4,audio_6968,8,Tocca nel seguente ordine la bicicletta il pappagallo il polipo il monopattino
7O,7OSU4,audio_6969,8,Tocca nel seguente ordine la bicicletta il pappagallo il polipo la bambina
7O,7OSU4,audio_6970,8,Tocca nel seguente ordine la bicicletta il pappagallo il polipo l'ombrello
7O,7OSU4,audio_6971,8,Tocca nel seguente ordine la bicicletta il pappagallo il gelato il polipo
7O,7OSU4,audio_6972,8,Tocca nel seguente ordine la bicicletta il pappagallo il gelato la scimmia
7O,7OSU4,audio_6973,8,Tocca nel seguente ordine la bicicletta il pappagallo il gelato il leone
7O,7OSU4,audio_6974,8,Tocca nel seguente ordine la bicicletta il pappagallo il gelato gli occhiali da sole
7O,7OSU4,audio_6975,8,Tocca nel seguente ordine la bicicletta il pappagallo il gelato il monopattino
7O,7OSU4,audio_6976,8,Tocca nel seguente ordine la bicicletta il pappagallo il gelato la bambina
7O,7OSU4,audio_6977,8,Tocca nel seguente ordine la bicicletta il pappagallo il gelato l'ombrello
7O,7OSU4,audio_6978,8,Tocca nel seguente ordine la bicicletta il pappagallo gli occhiali da sole il polipo
7O,7OSU4,audio_6979,8,Tocca nel seguente ordine la bicicletta il pappagallo gli occhiali da sole la scimmia
7O,7OSU4,audio_6980,8,Tocca nel seguente ordine la bicicletta il pappagallo gli occhiali da sole il gelato
7O,7OSU4,audio_6981,8,Tocca nel seguente ordine la bicicletta il pappagallo gli occhiali da sole il leone
7O,7OSU4,audio_6982,8,Tocca nel seguente ordine la bicicletta il pappagallo gli occhiali da sole il monopattino
7O,7OSU4,audio_6983,8,Tocca nel seguente ordine la bicicletta il pappagallo gli occhiali da sole la bambina
7O,7OSU4,audio_6984,8,Tocca nel seguente ordine la bicicletta il pappagallo gli occhiali da sole l'ombrello
7O,7OSU4,audio_6985,8,Tocca nel seguente ordine la bicicletta il pappagallo il monopattino il polipo
7O,7OSU4,audio_6986,8,Tocca nel seguente ordine la bicicletta il pappagallo il monopattino la scimmia
7O,7OSU4,audio_6987,8,Tocca nel seguente ordine la bicicletta il pappagallo il monopattino il gelato
7O,7OSU4,audio_6988,8,Tocca nel seguente ordine la bicicletta il pappagallo il monopattino gli occhiali da sole
7O,7OSU4,audio_6989,8,Tocca nel seguente ordine la bicicletta il pappagallo il monopattino il leone
7O,7OSU4,audio_6990,8,Tocca nel seguente ordine la bicicletta il pappagallo il monopattino la bambina
7O,7OSU4,audio_6991,8,Tocca nel seguente ordine la bicicletta il pappagallo il monopattino l'ombrello
7O,7OSU4,audio_6992,8,Tocca nel seguente ordine la bicicletta il pappagallo la bambina il polipo
7O,7OSU4,audio_6993,8,Tocca nel seguente ordine la bicicletta il pappagallo la bambina la scimmia
7O,7OSU4,audio_6994,8,Tocca nel seguente ordine la bicicletta il pappagallo la bambina il gelato
7O,7OSU4,audio_6995,8,Tocca nel seguente ordine la bicicletta il pappagallo la bambina gli occhiali da sole
7O,7OSU4,audio_6996,8,Tocca nel seguente ordine la bicicletta il pappagallo la bambina il monopattino
7O,7OSU4,audio_6997,8,Tocca nel seguente ordine la bicicletta il pappagallo la bambina il leone
7O,7OSU4,audio_6998,8,Tocca nel seguente ordine la bicicletta il pappagallo la bambina l'ombrello
7O,7OSU4,audio_6999,8,Tocca nel seguente ordine la bicicletta il pappagallo l'ombrello il polipo
7O,7OSU4,audio_7000,8,Tocca nel seguente ordine la bicicletta il pappagallo l'ombrello il leone
7O,7OSU4,audio_7001,8,Tocca nel seguente ordine la bicicletta il pappagallo l'ombrello il gelato
7O,7OSU4,audio_7002,8,Tocca nel seguente ordine la bicicletta il pappagallo l'ombrello gli occhiali da sole
7O,7OSU4,audio_7003,8,Tocca nel seguente ordine la bicicletta il pappagallo l'ombrello il monopattino
7O,7OSU4,audio_7004,8,Tocca nel seguente ordine la bicicletta il pappagallo l'ombrello la bambina
7O,7OSU4,audio_7005,8,Tocca nel seguente ordine la bicicletta il pappagallo l'ombrello la scimmia
7O,7OSU4,audio_7006,8,Tocca nel seguente ordine la bicicletta il polipo il leone la scimmia
7O,7OSU4,audio_7007,8,Tocca nel seguente ordine la bicicletta il polipo il leone il pappagallo
7O,7OSU4,audio_7008,8,Tocca nel seguente ordine la bicicletta il polipo il leone il gelato
7O,7OSU4,audio_7009,8,Tocca nel seguente ordine la bicicletta il polipo il leone gli occhiali da sole
7O,7OSU4,audio_7010,8,Tocca nel seguente ordine la bicicletta il polipo il leone il monopattino
7O,7OSU4,audio_7011,8,Tocca nel seguente ordine la bicicletta il polipo il leone la bambina
7O,7OSU4,audio_7012,8,Tocca nel seguente ordine la bicicletta il polipo il leone l'ombrello
7O,7OSU4,audio_7013,8,Tocca nel seguente ordine la bicicletta il polipo la scimmia il leone
7O,7OSU4,audio_7014,8,Tocca nel seguente ordine la bicicletta il polipo la scimmia il pappagallo
7O,7OSU4,audio_7015,8,Tocca nel seguente ordine la bicicletta il polipo la scimmia il gelato
7O,7OSU4,audio_7016,8,Tocca nel seguente ordine la bicicletta il polipo la scimmia gli occhiali da sole
7O,7OSU4,audio_7017,8,Tocca nel seguente ordine la bicicletta il polipo la scimmia il monopattino
7O,7OSU4,audio_7018,8,Tocca nel seguente ordine la bicicletta il polipo la scimmia la bambina
7O,7OSU4,audio_7019,8,Tocca nel seguente ordine la bicicletta il polipo la scimmia l'ombrello
7O,7OSU4,audio_7020,8,Tocca nel seguente ordine la bicicletta il polipo il pappagallo il leone
7O,7OSU4,audio_7021,8,Tocca nel seguente ordine la bicicletta il polipo il pappagallo la scimmia
7O,7OSU4,audio_7022,8,Tocca nel seguente ordine la bicicletta il polipo il pappagallo il gelato
7O,7OSU4,audio_7023,8,Tocca nel seguente ordine la bicicletta il polipo il pappagallo gli occhiali da sole
7O,7OSU4,audio_7024,8,Tocca nel seguente ordine la bicicletta il polipo il pappagallo il monopattino
7O,7OSU4,audio_7025,8,Tocca nel seguente ordine la bicicletta il polipo il pappagallo la bambina
7O,7OSU4,audio_7026,8,Tocca nel seguente ordine la bicicletta il polipo il pappagallo l'ombrello
7O,7OSU4,audio_7027,8,Tocca nel seguente ordine la bicicletta il polipo il gelato il leone
7O,7OSU4,audio_7028,8,Tocca nel seguente ordine la bicicletta il polipo il gelato il pappagallo
7O,7OSU4,audio_7029,8,Tocca nel seguente ordine la bicicletta il polipo il gelato la scimmia
7O,7OSU4,audio_7030,8,Tocca nel seguente ordine la bicicletta il polipo il gelato gli occhiali da sole
7O,7OSU4,audio_7031,8,Tocca nel seguente ordine la bicicletta il polipo il gelato il monopattino
7O,7OSU4,audio_7032,8,Tocca nel seguente ordine la bicicletta il polipo il gelato la bambina
7O,7OSU4,audio_7033,8,Tocca nel seguente ordine la bicicletta il polipo il gelato l'ombrello
7O,7OSU4,audio_7034,8,Tocca nel seguente ordine la bicicletta il polipo gli occhiali da sole il leone
7O,7OSU4,audio_7035,8,Tocca nel seguente ordine la bicicletta il polipo gli occhiali da sole il pappagallo
7O,7OSU4,audio_7036,8,Tocca nel seguente ordine la bicicletta il polipo gli occhiali da sole il gelato
7O,7OSU4,audio_7037,8,Tocca nel seguente ordine la bicicletta il polipo gli occhiali da sole la scimmia
7O,7OSU4,audio_7038,8,Tocca nel seguente ordine la bicicletta il polipo gli occhiali da sole il monopattino
7O,7OSU4,audio_7039,8,Tocca nel seguente ordine la bicicletta il polipo gli occhiali da sole la bambina
7O,7OSU4,audio_7040,8,Tocca nel seguente ordine la bicicletta il polipo gli occhiali da sole l'ombrello
7O,7OSU4,audio_7041,8,Tocca nel seguente ordine la bicicletta il polipo il monopattino il leone
7O,7OSU4,audio_7042,8,Tocca nel seguente ordine la bicicletta il polipo il monopattino il pappagallo
7O,7OSU4,audio_7043,8,Tocca nel seguente ordine la bicicletta il polipo il monopattino il gelato
7O,7OSU4,audio_7044,8,Tocca nel seguente ordine la bicicletta il polipo il monopattino gli occhiali da sole
7O,7OSU4,audio_7045,8,Tocca nel seguente ordine la bicicletta il polipo il monopattino la scimmia
7O,7OSU4,audio_7046,8,Tocca nel seguente ordine la bicicletta il polipo il monopattino la bambina
7O,7OSU4,audio_7047,8,Tocca nel seguente ordine la bicicletta il polipo il monopattino l'ombrello
7O,7OSU4,audio_7048,8,Tocca nel seguente ordine la bicicletta il polipo la bambina il leone
7O,7OSU4,audio_7049,8,Tocca nel seguente ordine la bicicletta il polipo la bambina il pappagallo
7O,7OSU4,audio_7050,8,Tocca nel seguente ordine la bicicletta il polipo la bambina il gelato
7O,7OSU4,audio_7051,8,Tocca nel seguente ordine la bicicletta il polipo la bambina gli occhiali da sole
7O,7OSU4,audio_7052,8,Tocca nel seguente ordine la bicicletta il polipo la bambina il monopattino
7O,7OSU4,audio_7053,8,Tocca nel seguente ordine la bicicletta il polipo la bambina la scimmia
7O,7OSU4,audio_7054,8,Tocca nel seguente ordine la bicicletta il polipo la bambina l'ombrello
7O,7OSU4,audio_7055,8,Tocca nel seguente ordine la bicicletta il polipo l'ombrello il leone
7O,7OSU4,audio_7056,8,Tocca nel seguente ordine la bicicletta il polipo l'ombrello il pappagallo
7O,7OSU4,audio_7057,8,Tocca nel seguente ordine la bicicletta il polipo l'ombrello il gelato
7O,7OSU4,audio_7058,8,Tocca nel seguente ordine la bicicletta il polipo l'ombrello gli occhiali da sole
7O,7OSU4,audio_7059,8,Tocca nel seguente ordine la bicicletta il polipo l'ombrello il monopattino
7O,7OSU4,audio_7060,8,Tocca nel seguente ordine la bicicletta il polipo l'ombrello la bambina
7O,7OSU4,audio_7061,8,Tocca nel seguente ordine la bicicletta il polipo l'ombrello la scimmia
7O,7OSU4,audio_7062,8,Tocca nel seguente ordine la bicicletta il gelato il leone il polipo
7O,7OSU4,audio_7063,8,Tocca nel seguente ordine la bicicletta il gelato il leone il pappagallo
7O,7OSU4,audio_7064,8,Tocca nel seguente ordine la bicicletta il gelato il leone la scimmia
7O,7OSU4,audio_7065,8,Tocca nel seguente ordine la bicicletta il gelato il leone gli occhiali da sole
7O,7OSU4,audio_7066,8,Tocca nel seguente ordine la bicicletta il gelato il leone il monopattino
7O,7OSU4,audio_7067,8,Tocca nel seguente ordine la bicicletta il gelato il leone la bambina
7O,7OSU4,audio_7068,8,Tocca nel seguente ordine la bicicletta il gelato il leone l'ombrello
7O,7OSU4,audio_7069,8,Tocca nel seguente ordine la bicicletta il gelato la scimmia il polipo
7O,7OSU4,audio_7070,8,Tocca nel seguente ordine la bicicletta il gelato la scimmia il pappagallo
7O,7OSU4,audio_7071,8,Tocca nel seguente ordine la bicicletta il gelato la scimmia il leone
7O,7OSU4,audio_7072,8,Tocca nel seguente ordine la bicicletta il gelato la scimmia gli occhiali da sole
7O,7OSU4,audio_7073,8,Tocca nel seguente ordine la bicicletta il gelato la scimmia il monopattino
7O,7OSU4,audio_7074,8,Tocca nel seguente ordine la bicicletta il gelato la scimmia la bambina
7O,7OSU4,audio_7075,8,Tocca nel seguente ordine la bicicletta il gelato la scimmia l'ombrello
7O,7OSU4,audio_7076,8,Tocca nel seguente ordine la bicicletta il gelato il pappagallo il polipo
7O,7OSU4,audio_7077,8,Tocca nel seguente ordine la bicicletta il gelato il pappagallo la scimmia
7O,7OSU4,audio_7078,8,Tocca nel seguente ordine la bicicletta il gelato il pappagallo il leone
7O,7OSU4,audio_7079,8,Tocca nel seguente ordine la bicicletta il gelato il pappagallo gli occhiali da sole
7O,7OSU4,audio_7080,8,Tocca nel seguente ordine la bicicletta il gelato il pappagallo il monopattino
7O,7OSU4,audio_7081,8,Tocca nel seguente ordine la bicicletta il gelato il pappagallo la bambina
7O,7OSU4,audio_7082,8,Tocca nel seguente ordine la bicicletta il gelato il pappagallo l'ombrello
7O,7OSU4,audio_7083,8,Tocca nel seguente ordine la bicicletta il gelato il polipo il leone
7O,7OSU4,audio_7084,8,Tocca nel seguente ordine la bicicletta il gelato il polipo il pappagallo
7O,7OSU4,audio_7085,8,Tocca nel seguente ordine la bicicletta il gelato il polipo la scimmia
7O,7OSU4,audio_7086,8,Tocca nel seguente ordine la bicicletta il gelato il polipo gli occhiali da sole
7O,7OSU4,audio_7087,8,Tocca nel seguente ordine la bicicletta il gelato il polipo il monopattino
7O,7OSU4,audio_7088,8,Tocca nel seguente ordine la bicicletta il gelato il polipo la bambina
7O,7OSU4,audio_7089,8,Tocca nel seguente ordine la bicicletta il gelato il polipo l'ombrello
7O,7OSU4,audio_7090,8,Tocca nel seguente ordine la bicicletta il gelato gli occhiali da sole il polipo
7O,7OSU4,audio_7091,8,Tocca nel seguente ordine la bicicletta il gelato gli occhiali da sole il pappagallo
7O,7OSU4,audio_7092,8,Tocca nel seguente ordine la bicicletta il gelato gli occhiali da sole la scimmia
7O,7OSU4,audio_7093,8,Tocca nel seguente ordine la bicicletta il gelato gli occhiali da sole il leone
7O,7OSU4,audio_7094,8,Tocca nel seguente ordine la bicicletta il gelato gli occhiali da sole il monopattino
7O,7OSU4,audio_7095,8,Tocca nel seguente ordine la bicicletta il gelato gli occhiali da sole la bambina
7O,7OSU4,audio_7096,8,Tocca nel seguente ordine la bicicletta il gelato gli occhiali da sole l'ombrello
7O,7OSU4,audio_7097,8,Tocca nel seguente ordine la bicicletta il gelato il monopattino il polipo
7O,7OSU4,audio_7098,8,Tocca nel seguente ordine la bicicletta il gelato il monopattino il pappagallo
7O,7OSU4,audio_7099,8,Tocca nel seguente ordine la bicicletta il gelato il monopattino la scimmia
7O,7OSU4,audio_7100,8,Tocca nel seguente ordine la bicicletta il gelato il monopattino gli occhiali da sole
7O,7OSU4,audio_7101,8,Tocca nel seguente ordine la bicicletta il gelato il monopattino il leone
7O,7OSU4,audio_7102,8,Tocca nel seguente ordine la bicicletta il gelato il monopattino la bambina
7O,7OSU4,audio_7103,8,Tocca nel seguente ordine la bicicletta il gelato il monopattino l'ombrello
7O,7OSU4,audio_7104,8,Tocca nel seguente ordine la bicicletta il gelato la bambina il polipo
7O,7OSU4,audio_7105,8,Tocca nel seguente ordine la bicicletta il gelato la bambina il pappagallo
7O,7OSU4,audio_7106,8,Tocca nel seguente ordine la bicicletta il gelato la bambina la scimmia
7O,7OSU4,audio_7107,8,Tocca nel seguente ordine la bicicletta il gelato la bambina gli occhiali da sole
7O,7OSU4,audio_7108,8,Tocca nel seguente ordine la bicicletta il gelato la bambina il monopattino
7O,7OSU4,audio_7109,8,Tocca nel seguente ordine la bicicletta il gelato la bambina il leone
7O,7OSU4,audio_7110,8,Tocca nel seguente ordine la bicicletta il gelato la bambina l'ombrello
7O,7OSU4,audio_7111,8,Tocca nel seguente ordine la bicicletta il gelato l'ombrello il polipo
7O,7OSU4,audio_7112,8,Tocca nel seguente ordine la bicicletta il gelato l'ombrello il pappagallo
7O,7OSU4,audio_7113,8,Tocca nel seguente ordine la bicicletta il gelato l'ombrello la scimmia
7O,7OSU4,audio_7114,8,Tocca nel seguente ordine la bicicletta il gelato l'ombrello gli occhiali da sole
7O,7OSU4,audio_7115,8,Tocca nel seguente ordine la bicicletta il gelato l'ombrello il monopattino
7O,7OSU4,audio_7116,8,Tocca nel seguente ordine la bicicletta il gelato l'ombrello la bambina
7O,7OSU4,audio_7117,8,Tocca nel seguente ordine la bicicletta il gelato l'ombrello il leone
7O,7OSU4,audio_7118,8,Tocca nel seguente ordine la bicicletta gli occhiali da sole il leone il polipo
7O,7OSU4,audio_7119,8,Tocca nel seguente ordine la bicicletta gli occhiali da sole il leone il pappagallo
7O,7OSU4,audio_7120,8,Tocca nel seguente ordine la bicicletta gli occhiali da sole il leone il gelato
7O,7OSU4,audio_7121,8,Tocca nel seguente ordine la bicicletta gli occhiali da sole il leone la scimmia
7O,7OSU4,audio_7122,8,Tocca nel seguente ordine la bicicletta gli occhiali da sole il leone il monopattino
7O,7OSU4,audio_7123,8,Tocca nel seguente ordine la bicicletta gli occhiali da sole il leone la bambina
7O,7OSU4,audio_7124,8,Tocca nel seguente ordine la bicicletta gli occhiali da sole il leone l'ombrello
7O,7OSU4,audio_7125,8,Tocca nel seguente ordine la bicicletta gli occhiali da sole la scimmia il polipo
7O,7OSU4,audio_7126,8,Tocca nel seguente ordine la bicicletta gli occhiali da sole la scimmia il pappagallo
7O,7OSU4,audio_7127,8,Tocca nel seguente ordine la bicicletta gli occhiali da sole la scimmia il gelato
7O,7OSU4,audio_7128,8,Tocca nel seguente ordine la bicicletta gli occhiali da sole la scimmia il leone
7O,7OSU4,audio_7129,8,Tocca nel seguente ordine la bicicletta gli occhiali da sole la scimmia il monopattino
7O,7OSU4,audio_7130,8,Tocca nel seguente ordine la bicicletta gli occhiali da sole la scimmia la bambina
7O,7OSU4,audio_7131,8,Tocca nel seguente ordine la bicicletta gli occhiali da sole la scimmia l'ombrello
7O,7OSU4,audio_7132,8,Tocca nel seguente ordine la bicicletta gli occhiali da sole il pappagallo il polipo
7O,7OSU4,audio_7133,8,Tocca nel seguente ordine la bicicletta gli occhiali da sole il pappagallo la scimmia
7O,7OSU4,audio_7134,8,Tocca nel seguente ordine la bicicletta gli occhiali da sole il pappagallo il gelato
7O,7OSU4,audio_7135,8,Tocca nel seguente ordine la bicicletta gli occhiali da sole il pappagallo il leone
7O,7OSU4,audio_7136,8,Tocca nel seguente ordine la bicicletta gli occhiali da sole il pappagallo il monopattino
7O,7OSU4,audio_7137,8,Tocca nel seguente ordine la bicicletta gli occhiali da sole il pappagallo la bambina
7O,7OSU4,audio_7138,8,Tocca nel seguente ordine la bicicletta gli occhiali da sole il pappagallo l'ombrello
7O,7OSU4,audio_7139,8,Tocca nel seguente ordine la bicicletta gli occhiali da sole il polipo la scimmia
7O,7OSU4,audio_7140,8,Tocca nel seguente ordine la bicicletta gli occhiali da sole il polipo il pappagallo
7O,7OSU4,audio_7141,8,Tocca nel seguente ordine la bicicletta gli occhiali da sole il polipo il gelato
7O,7OSU4,audio_7142,8,Tocca nel seguente ordine la bicicletta gli occhiali da sole il polipo il leone
7O,7OSU4,audio_7143,8,Tocca nel seguente ordine la bicicletta gli occhiali da sole il polipo il monopattino
7O,7OSU4,audio_7144,8,Tocca nel seguente ordine la bicicletta gli occhiali da sole il polipo la bambina
7O,7OSU4,audio_7145,8,Tocca nel seguente ordine la bicicletta gli occhiali da sole il polipo l'ombrello
7O,7OSU4,audio_7146,8,Tocca nel seguente ordine la bicicletta gli occhiali da sole il gelato il polipo
7O,7OSU4,audio_7147,8,Tocca nel seguente ordine la bicicletta gli occhiali da sole il gelato il pappagallo
7O,7OSU4,audio_7148,8,Tocca nel seguente ordine la bicicletta gli occhiali da sole il gelato la scimmia
7O,7OSU4,audio_7149,8,Tocca nel seguente ordine la bicicletta gli occhiali da sole il gelato il leone
7O,7OSU4,audio_7150,8,Tocca nel seguente ordine la bicicletta gli occhiali da sole il gelato il monopattino
7O,7OSU4,audio_7151,8,Tocca nel seguente ordine la bicicletta gli occhiali da sole il gelato la bambina
7O,7OSU4,audio_7152,8,Tocca nel seguente ordine la bicicletta gli occhiali da sole il gelato l'ombrello
7O,7OSU4,audio_7153,8,Tocca nel seguente ordine la bicicletta gli occhiali da sole il monopattino il polipo
7O,7OSU4,audio_7154,8,Tocca nel seguente ordine la bicicletta gli occhiali da sole il monopattino il pappagallo
7O,7OSU4,audio_7155,8,Tocca nel seguente ordine la bicicletta gli occhiali da sole il monopattino il gelato
7O,7OSU4,audio_7156,8,Tocca nel seguente ordine la bicicletta gli occhiali da sole il monopattino il leone
7O,7OSU4,audio_7157,8,Tocca nel seguente ordine la bicicletta gli occhiali da sole il monopattino la scimmia
7O,7OSU4,audio_7158,8,Tocca nel seguente ordine la bicicletta gli occhiali da sole il monopattino la bambina
7O,7OSU4,audio_7159,8,Tocca nel seguente ordine la bicicletta gli occhiali da sole il monopattino l'ombrello
7O,7OSU4,audio_7160,8,Tocca nel seguente ordine la bicicletta gli occhiali da sole la bambina il polipo
7O,7OSU4,audio_7161,8,Tocca nel seguente ordine la bicicletta gli occhiali da sole la bambina il pappagallo
7O,7OSU4,audio_7162,8,Tocca nel seguente ordine la bicicletta gli occhiali da sole la bambina il gelato
7O,7OSU4,audio_7163,8,Tocca nel seguente ordine la bicicletta gli occhiali da sole la bambina la scimmia
7O,7OSU4,audio_7164,8,Tocca nel seguente ordine la bicicletta gli occhiali da sole la bambina il monopattino
7O,7OSU4,audio_7165,8,Tocca nel seguente ordine la bicicletta gli occhiali da sole la bambina il leone
7O,7OSU4,audio_7166,8,Tocca nel seguente ordine la bicicletta gli occhiali da sole la bambina l'ombrello
7O,7OSU4,audio_7167,8,Tocca nel seguente ordine la bicicletta gli occhiali da sole l'ombrello il polipo
7O,7OSU4,audio_7168,8,Tocca nel seguente ordine la bicicletta gli occhiali da sole l'ombrello il pappagallo
7O,7OSU4,audio_7169,8,Tocca nel seguente ordine la bicicletta gli occhiali da sole l'ombrello il gelato
7O,7OSU4,audio_7170,8,Tocca nel seguente ordine la bicicletta gli occhiali da sole l'ombrello la scimmia
7O,7OSU4,audio_7171,8,Tocca nel seguente ordine la bicicletta gli occhiali da sole l'ombrello il monopattino
7O,7OSU4,audio_7172,8,Tocca nel seguente ordine la bicicletta gli occhiali da sole l'ombrello la bambina
7O,7OSU4,audio_7173,8,Tocca nel seguente ordine la bicicletta gli occhiali da sole l'ombrello il leone
7O,7OSU4,audio_7174,8,Tocca nel seguente ordine la bicicletta il monopattino il leone il polipo
7O,7OSU4,audio_7175,8,Tocca nel seguente ordine la bicicletta il monopattino il leone il pappagallo
7O,7OSU4,audio_7176,8,Tocca nel seguente ordine la bicicletta il monopattino il leone il gelato
7O,7OSU4,audio_7177,8,Tocca nel seguente ordine la bicicletta il monopattino il leone gli occhiali da sole
7O,7OSU4,audio_7178,8,Tocca nel seguente ordine la bicicletta il monopattino il leone la scimmia
7O,7OSU4,audio_7179,8,Tocca nel seguente ordine la bicicletta il monopattino il leone la bambina
7O,7OSU4,audio_7180,8,Tocca nel seguente ordine la bicicletta il monopattino il leone l'ombrello
7O,7OSU4,audio_7181,8,Tocca nel seguente ordine la bicicletta il monopattino la scimmia il polipo
7O,7OSU4,audio_7182,8,Tocca nel seguente ordine la bicicletta il monopattino la scimmia il pappagallo
7O,7OSU4,audio_7183,8,Tocca nel seguente ordine la bicicletta il monopattino la scimmia il gelato
7O,7OSU4,audio_7184,8,Tocca nel seguente ordine la bicicletta il monopattino la scimmia gli occhiali da sole
7O,7OSU4,audio_7185,8,Tocca nel seguente ordine la bicicletta il monopattino la scimmia il leone
7O,7OSU4,audio_7186,8,Tocca nel seguente ordine la bicicletta il monopattino la scimmia la bambina
7O,7OSU4,audio_7187,8,Tocca nel seguente ordine la bicicletta il monopattino la scimmia l'ombrello
7O,7OSU4,audio_7188,8,Tocca nel seguente ordine la bicicletta il monopattino il pappagallo il polipo
7O,7OSU4,audio_7189,8,Tocca nel seguente ordine la bicicletta il monopattino il pappagallo la scimmia
7O,7OSU4,audio_7190,8,Tocca nel seguente ordine la bicicletta il monopattino il pappagallo il gelato
7O,7OSU4,audio_7191,8,Tocca nel seguente ordine la bicicletta il monopattino il pappagallo gli occhiali da sole
7O,7OSU4,audio_7192,8,Tocca nel seguente ordine la bicicletta il monopattino il pappagallo il leone
7O,7OSU4,audio_7193,8,Tocca nel seguente ordine la bicicletta il monopattino il pappagallo la bambina
7O,7OSU4,audio_7194,8,Tocca nel seguente ordine la bicicletta il monopattino il pappagallo l'ombrello
7O,7OSU4,audio_7195,8,Tocca nel seguente ordine la bicicletta il monopattino il polipo la scimmia
7O,7OSU4,audio_7196,8,Tocca nel seguente ordine la bicicletta il monopattino il polipo il pappagallo
7O,7OSU4,audio_7197,8,Tocca nel seguente ordine la bicicletta il monopattino il polipo il gelato
7O,7OSU4,audio_7198,8,Tocca nel seguente ordine la bicicletta il monopattino il polipo gli occhiali da sole
7O,7OSU4,audio_7199,8,Tocca nel seguente ordine la bicicletta il monopattino il polipo il leone
7O,7OSU4,audio_7200,8,Tocca nel seguente ordine la bicicletta il monopattino il polipo la bambina
7O,7OSU4,audio_7201,8,Tocca nel seguente ordine la bicicletta il monopattino il polipo l'ombrello
7O,7OSU4,audio_7202,8,Tocca nel seguente ordine la bicicletta il monopattino il gelato il polipo
7O,7OSU4,audio_7203,8,Tocca nel seguente ordine la bicicletta il monopattino il gelato il pappagallo
7O,7OSU4,audio_7204,8,Tocca nel seguente ordine la bicicletta il monopattino il gelato la scimmia
7O,7OSU4,audio_7205,8,Tocca nel seguente ordine la bicicletta il monopattino il gelato gli occhiali da sole
7O,7OSU4,audio_7206,8,Tocca nel seguente ordine la bicicletta il monopattino il gelato il leone
7O,7OSU4,audio_7207,8,Tocca nel seguente ordine la bicicletta il monopattino il gelato la bambina
7O,7OSU4,audio_7208,8,Tocca nel seguente ordine la bicicletta il monopattino il gelato l'ombrello
7O,7OSU4,audio_7209,8,Tocca nel seguente ordine la bicicletta il monopattino gli occhiali da sole il polipo
7O,7OSU4,audio_7210,8,Tocca nel seguente ordine la bicicletta il monopattino gli occhiali da sole il pappagallo
7O,7OSU4,audio_7211,8,Tocca nel seguente ordine la bicicletta il monopattino gli occhiali da sole il gelato
7O,7OSU4,audio_7212,8,Tocca nel seguente ordine la bicicletta il monopattino gli occhiali da sole la scimmia
7O,7OSU4,audio_7213,8,Tocca nel seguente ordine la bicicletta il monopattino gli occhiali da sole il leone
7O,7OSU4,audio_7214,8,Tocca nel seguente ordine la bicicletta il monopattino gli occhiali da sole la bambina
7O,7OSU4,audio_7215,8,Tocca nel seguente ordine la bicicletta il monopattino gli occhiali da sole l'ombrello
7O,7OSU4,audio_7216,8,Tocca nel seguente ordine la bicicletta il monopattino la bambina il polipo
7O,7OSU4,audio_7217,8,Tocca nel seguente ordine la bicicletta il monopattino la bambina il pappagallo
7O,7OSU4,audio_7218,8,Tocca nel seguente ordine la bicicletta il monopattino la bambina il gelato
7O,7OSU4,audio_7219,8,Tocca nel seguente ordine la bicicletta il monopattino la bambina gli occhiali da sole
7O,7OSU4,audio_7220,8,Tocca nel seguente ordine la bicicletta il monopattino la bambina il leone
7O,7OSU4,audio_7221,8,Tocca nel seguente ordine la bicicletta il monopattino la bambina la scimmia
7O,7OSU4,audio_7222,8,Tocca nel seguente ordine la bicicletta il monopattino la bambina l'ombrello
7O,7OSU4,audio_7223,8,Tocca nel seguente ordine la bicicletta il monopattino l'ombrello il polipo
7O,7OSU4,audio_7224,8,Tocca nel seguente ordine la bicicletta il monopattino l'ombrello il pappagallo
7O,7OSU4,audio_7225,8,Tocca nel seguente ordine la bicicletta il monopattino l'ombrello il gelato
7O,7OSU4,audio_7226,8,Tocca nel seguente ordine la bicicletta il monopattino l'ombrello gli occhiali da sole
7O,7OSU4,audio_7227,8,Tocca nel seguente ordine la bicicletta il monopattino l'ombrello il leone
7O,7OSU4,audio_7228,8,Tocca nel seguente ordine la bicicletta il monopattino l'ombrello la bambina
7O,7OSU4,audio_7229,8,Tocca nel seguente ordine la bicicletta il monopattino l'ombrello la scimmia
7O,7OSU4,audio_7230,8,Tocca nel seguente ordine la bicicletta la bambina il leone il polipo
7O,7OSU4,audio_7231,8,Tocca nel seguente ordine la bicicletta la bambina il leone il pappagallo
7O,7OSU4,audio_7232,8,Tocca nel seguente ordine la bicicletta la bambina il leone il gelato
7O,7OSU4,audio_7233,8,Tocca nel seguente ordine la bicicletta la bambina il leone gli occhiali da sole
7O,7OSU4,audio_7234,8,Tocca nel seguente ordine la bicicletta la bambina il leone il monopattino
7O,7OSU4,audio_7235,8,Tocca nel seguente ordine la bicicletta la bambina il leone la scimmia
7O,7OSU4,audio_7236,8,Tocca nel seguente ordine la bicicletta la bambina il leone l'ombrello
7O,7OSU4,audio_7237,8,Tocca nel seguente ordine la bicicletta la bambina la scimmia il polipo
7O,7OSU4,audio_7238,8,Tocca nel seguente ordine la bicicletta la bambina la scimmia il pappagallo
7O,7OSU4,audio_7239,8,Tocca nel seguente ordine la bicicletta la bambina la scimmia il gelato
7O,7OSU4,audio_7240,8,Tocca nel seguente ordine la bicicletta la bambina la scimmia gli occhiali da sole
7O,7OSU4,audio_7241,8,Tocca nel seguente ordine la bicicletta la bambina la scimmia il monopattino
7O,7OSU4,audio_7242,8,Tocca nel seguente ordine la bicicletta la bambina la scimmia il leone
7O,7OSU4,audio_7243,8,Tocca nel seguente ordine la bicicletta la bambina la scimmia l'ombrello
7O,7OSU4,audio_7244,8,Tocca nel seguente ordine la bicicletta la bambina il pappagallo il polipo
7O,7OSU4,audio_7245,8,Tocca nel seguente ordine la bicicletta la bambina il pappagallo la scimmia
7O,7OSU4,audio_7246,8,Tocca nel seguente ordine la bicicletta la bambina il pappagallo il gelato
7O,7OSU4,audio_7247,8,Tocca nel seguente ordine la bicicletta la bambina il pappagallo gli occhiali da sole
7O,7OSU4,audio_7248,8,Tocca nel seguente ordine la bicicletta la bambina il pappagallo il monopattino
7O,7OSU4,audio_7249,8,Tocca nel seguente ordine la bicicletta la bambina il pappagallo il leone
7O,7OSU4,audio_7250,8,Tocca nel seguente ordine la bicicletta la bambina il pappagallo l'ombrello
7O,7OSU4,audio_7251,8,Tocca nel seguente ordine la bicicletta la bambina il polipo la scimmia
7O,7OSU4,audio_7252,8,Tocca nel seguente ordine la bicicletta la bambina il polipo il pappagallo
7O,7OSU4,audio_7253,8,Tocca nel seguente ordine la bicicletta la bambina il polipo il gelato
7O,7OSU4,audio_7254,8,Tocca nel seguente ordine la bicicletta la bambina il polipo gli occhiali da sole
7O,7OSU4,audio_7255,8,Tocca nel seguente ordine la bicicletta la bambina il polipo il monopattino
7O,7OSU4,audio_7256,8,Tocca nel seguente ordine la bicicletta la bambina il polipo il leone
7O,7OSU4,audio_7257,8,Tocca nel seguente ordine la bicicletta la bambina il polipo l'ombrello
7O,7OSU4,audio_7258,8,Tocca nel seguente ordine la bicicletta la bambina il gelato il polipo
7O,7OSU4,audio_7259,8,Tocca nel seguente ordine la bicicletta la bambina il gelato il pappagallo
7O,7OSU4,audio_7260,8,Tocca nel seguente ordine la bicicletta la bambina il gelato la scimmia
7O,7OSU4,audio_7261,8,Tocca nel seguente ordine la bicicletta la bambina il gelato gli occhiali da sole
7O,7OSU4,audio_7262,8,Tocca nel seguente ordine la bicicletta la bambina il gelato il monopattino
7O,7OSU4,audio_7263,8,Tocca nel seguente ordine la bicicletta la bambina il gelato il leone
7O,7OSU4,audio_7264,8,Tocca nel seguente ordine la bicicletta la bambina il gelato l'ombrello
7O,7OSU4,audio_7265,8,Tocca nel seguente ordine la bicicletta la bambina gli occhiali da sole il polipo
7O,7OSU4,audio_7266,8,Tocca nel seguente ordine la bicicletta la bambina gli occhiali da sole il pappagallo
7O,7OSU4,audio_7267,8,Tocca nel seguente ordine la bicicletta la bambina gli occhiali da sole il gelato
7O,7OSU4,audio_7268,8,Tocca nel seguente ordine la bicicletta la bambina gli occhiali da sole la scimmia
7O,7OSU4,audio_7269,8,Tocca nel seguente ordine la bicicletta la bambina gli occhiali da sole il monopattino
7O,7OSU4,audio_7270,8,Tocca nel seguente ordine la bicicletta la bambina gli occhiali da sole il leone
7O,7OSU4,audio_7271,8,Tocca nel seguente ordine la bicicletta la bambina gli occhiali da sole l'ombrello
7O,7OSU4,audio_7272,8,Tocca nel seguente ordine la bicicletta la bambina il monopattino il polipo
7O,7OSU4,audio_7273,8,Tocca nel seguente ordine la bicicletta la bambina il monopattino il pappagallo
7O,7OSU4,audio_7274,8,Tocca nel seguente ordine la bicicletta la bambina il monopattino il gelato
7O,7OSU4,audio_7275,8,Tocca nel seguente ordine la bicicletta la bambina il monopattino gli occhiali da sole
7O,7OSU4,audio_7276,8,Tocca nel seguente ordine la bicicletta la bambina il monopattino il leone
7O,7OSU4,audio_7277,8,Tocca nel seguente ordine la bicicletta la bambina il monopattino la scimmia
7O,7OSU4,audio_7278,8,Tocca nel seguente ordine la bicicletta la bambina il monopattino l'ombrello
7O,7OSU4,audio_7279,8,Tocca nel seguente ordine la bicicletta la bambina l'ombrello il polipo
7O,7OSU4,audio_7280,8,Tocca nel seguente ordine la bicicletta la bambina l'ombrello il pappagallo
7O,7OSU4,audio_7281,8,Tocca nel seguente ordine la bicicletta la bambina l'ombrello il gelato
7O,7OSU4,audio_7282,8,Tocca nel seguente ordine la bicicletta la bambina l'ombrello gli occhiali da sole
7O,7OSU4,audio_7283,8,Tocca nel seguente ordine la bicicletta la bambina l'ombrello il monopattino
7O,7OSU4,audio_7284,8,Tocca nel seguente ordine la bicicletta la bambina l'ombrello la scimmia
7O,7OSU4,audio_7285,8,Tocca nel seguente ordine la bicicletta la bambina l'ombrello il leone
7O,7OSU4,audio_7286,8,Tocca nel seguente ordine la bicicletta l'ombrello il leone il polipo
7O,7OSU4,audio_7287,8,Tocca nel seguente ordine la bicicletta l'ombrello il leone il pappagallo
7O,7OSU4,audio_7288,8,Tocca nel seguente ordine la bicicletta l'ombrello il leone il gelato
7O,7OSU4,audio_7289,8,Tocca nel seguente ordine la bicicletta l'ombrello il leone gli occhiali da sole
7O,7OSU4,audio_7290,8,Tocca nel seguente ordine la bicicletta l'ombrello il leone il monopattino
7O,7OSU4,audio_7291,8,Tocca nel seguente ordine la bicicletta l'ombrello il leone la bambina
7O,7OSU4,audio_7292,8,Tocca nel seguente ordine la bicicletta l'ombrello il leone la scimmia
7O,7OSU4,audio_7293,8,Tocca nel seguente ordine la bicicletta l'ombrello la scimmia il polipo
7O,7OSU4,audio_7294,8,Tocca nel seguente ordine la bicicletta l'ombrello la scimmia il pappagallo
7O,7OSU4,audio_7295,8,Tocca nel seguente ordine la bicicletta l'ombrello la scimmia il gelato
7O,7OSU4,audio_7296,8,Tocca nel seguente ordine la bicicletta l'ombrello la scimmia gli occhiali da sole
7O,7OSU4,audio_7297,8,Tocca nel seguente ordine la bicicletta l'ombrello la scimmia il monopattino
7O,7OSU4,audio_7298,8,Tocca nel seguente ordine la bicicletta l'ombrello la scimmia la bambina
7O,7OSU4,audio_7299,8,Tocca nel seguente ordine la bicicletta l'ombrello la scimmia il leone
7O,7OSU4,audio_7300,8,Tocca nel seguente ordine la bicicletta l'ombrello il pappagallo il polipo
7O,7OSU4,audio_7301,8,Tocca nel seguente ordine la bicicletta l'ombrello il pappagallo la scimmia
7O,7OSU4,audio_7302,8,Tocca nel seguente ordine la bicicletta l'ombrello il pappagallo il gelato
7O,7OSU4,audio_7303,8,Tocca nel seguente ordine la bicicletta l'ombrello il pappagallo gli occhiali da sole
7O,7OSU4,audio_7304,8,Tocca nel seguente ordine la bicicletta l'ombrello il pappagallo il monopattino
7O,7OSU4,audio_7305,8,Tocca nel seguente ordine la bicicletta l'ombrello il pappagallo la bambina
7O,7OSU4,audio_7306,8,Tocca nel seguente ordine la bicicletta l'ombrello il pappagallo il leone
7O,7OSU4,audio_7307,8,Tocca nel seguente ordine la bicicletta l'ombrello il polipo la scimmia
7O,7OSU4,audio_7308,8,Tocca nel seguente ordine la bicicletta l'ombrello il polipo il pappagallo
7O,7OSU4,audio_7309,8,Tocca nel seguente ordine la bicicletta l'ombrello il polipo il gelato
7O,7OSU4,audio_7310,8,Tocca nel seguente ordine la bicicletta l'ombrello il polipo gli occhiali da sole
7O,7OSU4,audio_7311,8,Tocca nel seguente ordine la bicicletta l'ombrello il polipo il monopattino
7O,7OSU4,audio_7312,8,Tocca nel seguente ordine la bicicletta l'ombrello il polipo la bambina
7O,7OSU4,audio_7313,8,Tocca nel seguente ordine la bicicletta l'ombrello il polipo il leone
7O,7OSU4,audio_7314,8,Tocca nel seguente ordine la bicicletta l'ombrello il gelato il polipo
7O,7OSU4,audio_7315,8,Tocca nel seguente ordine la bicicletta l'ombrello il gelato il pappagallo
7O,7OSU4,audio_7316,8,Tocca nel seguente ordine la bicicletta l'ombrello il gelato la scimmia
7O,7OSU4,audio_7317,8,Tocca nel seguente ordine la bicicletta l'ombrello il gelato gli occhiali da sole
7O,7OSU4,audio_7318,8,Tocca nel seguente ordine la bicicletta l'ombrello il gelato il monopattino
7O,7OSU4,audio_7319,8,Tocca nel seguente ordine la bicicletta l'ombrello il gelato la bambina
7O,7OSU4,audio_7320,8,Tocca nel seguente ordine la bicicletta l'ombrello il gelato il leone
7O,7OSU4,audio_7321,8,Tocca nel seguente ordine la bicicletta l'ombrello gli occhiali da sole il polipo
7O,7OSU4,audio_7322,8,Tocca nel seguente ordine la bicicletta l'ombrello gli occhiali da sole il pappagallo
7O,7OSU4,audio_7323,8,Tocca nel seguente ordine la bicicletta l'ombrello gli occhiali da sole il gelato
7O,7OSU4,audio_7324,8,Tocca nel seguente ordine la bicicletta l'ombrello gli occhiali da sole gli occhiali da sole
7O,7OSU4,audio_7325,8,Tocca nel seguente ordine la bicicletta l'ombrello gli occhiali da sole il monopattino
7O,7OSU4,audio_7326,8,Tocca nel seguente ordine la bicicletta l'ombrello gli occhiali da sole la bambina
7O,7OSU4,audio_7327,8,Tocca nel seguente ordine la bicicletta l'ombrello gli occhiali da sole il leone
7O,7OSU4,audio_7328,8,Tocca nel seguente ordine la bicicletta l'ombrello il monopattino il polipo
7O,7OSU4,audio_7329,8,Tocca nel seguente ordine la bicicletta l'ombrello il monopattino il pappagallo
7O,7OSU4,audio_7330,8,Tocca nel seguente ordine la bicicletta l'ombrello il monopattino il gelato
7O,7OSU4,audio_7331,8,Tocca nel seguente ordine la bicicletta l'ombrello il monopattino gli occhiali da sole
7O,7OSU4,audio_7332,8,Tocca nel seguente ordine la bicicletta l'ombrello il monopattino la scimmia
7O,7OSU4,audio_7333,8,Tocca nel seguente ordine la bicicletta l'ombrello il monopattino la bambina
7O,7OSU4,audio_7334,8,Tocca nel seguente ordine la bicicletta l'ombrello il monopattino il leone
7O,7OSU4,audio_7335,8,Tocca nel seguente ordine la bicicletta l'ombrello la bambina il polipo
7O,7OSU4,audio_7336,8,Tocca nel seguente ordine la bicicletta l'ombrello la bambina il pappagallo
7O,7OSU4,audio_7337,8,Tocca nel seguente ordine la bicicletta l'ombrello la bambina il gelato
7O,7OSU4,audio_7338,8,Tocca nel seguente ordine la bicicletta l'ombrello la bambina gli occhiali da sole
7O,7OSU4,audio_7339,8,Tocca nel seguente ordine la bicicletta l'ombrello la bambina il monopattino
7O,7OSU4,audio_7340,8,Tocca nel seguente ordine la bicicletta l'ombrello la bambina la scimmia
7O,7OSU4,audio_7341,8,Tocca nel seguente ordine la bicicletta l'ombrello la bambina il leone
7O,7OSU4,audio_7342,8,Tocca nel seguente ordine il monopattino il leone la scimmia il polipo
7O,7OSU4,audio_7343,8,Tocca nel seguente ordine il monopattino il leone la scimmia il pappagallo
7O,7OSU4,audio_7344,8,Tocca nel seguente ordine il monopattino il leone la scimmia il gelato
7O,7OSU4,audio_7345,8,Tocca nel seguente ordine il monopattino il leone la scimmia la bambina
7O,7OSU4,audio_7346,8,Tocca nel seguente ordine il monopattino il leone la scimmia gli occhiali da sole
7O,7OSU4,audio_7347,8,Tocca nel seguente ordine il monopattino il leone la scimmia la bicicletta
7O,7OSU4,audio_7348,8,Tocca nel seguente ordine il monopattino il leone la scimmia l'ombrello
7O,7OSU4,audio_7349,8,Tocca nel seguente ordine il monopattino il leone il pappagallo il polipo
7O,7OSU4,audio_7350,8,Tocca nel seguente ordine il monopattino il leone il pappagallo la scimmia
7O,7OSU4,audio_7351,8,Tocca nel seguente ordine il monopattino il leone il pappagallo il gelato
7O,7OSU4,audio_7352,8,Tocca nel seguente ordine il monopattino il leone il pappagallo la bambina
7O,7OSU4,audio_7353,8,Tocca nel seguente ordine il monopattino il leone il pappagallo gli occhiali da sole
7O,7OSU4,audio_7354,8,Tocca nel seguente ordine il monopattino il leone il pappagallo la bicicletta
7O,7OSU4,audio_7355,8,Tocca nel seguente ordine il monopattino il leone il pappagallo l'ombrello
7O,7OSU4,audio_7356,8,Tocca nel seguente ordine il monopattino il leone il polipo la scimmia
7O,7OSU4,audio_7357,8,Tocca nel seguente ordine il monopattino il leone il polipo il pappagallo
7O,7OSU4,audio_7358,8,Tocca nel seguente ordine il monopattino il leone il polipo il gelato
7O,7OSU4,audio_7359,8,Tocca nel seguente ordine il monopattino il leone il polipo la bambina
7O,7OSU4,audio_7360,8,Tocca nel seguente ordine il monopattino il leone il polipo gli occhiali da sole
7O,7OSU4,audio_7361,8,Tocca nel seguente ordine il monopattino il leone il polipo la bicicletta
7O,7OSU4,audio_7362,8,Tocca nel seguente ordine il monopattino il leone il polipo l'ombrello
7O,7OSU4,audio_7363,8,Tocca nel seguente ordine il monopattino il leone il gelato il polipo
7O,7OSU4,audio_7364,8,Tocca nel seguente ordine il monopattino il leone il gelato il pappagallo
7O,7OSU4,audio_7365,8,Tocca nel seguente ordine il monopattino il leone il gelato la scimmia
7O,7OSU4,audio_7366,8,Tocca nel seguente ordine il monopattino il leone il gelato la bambina
7O,7OSU4,audio_7367,8,Tocca nel seguente ordine il monopattino il leone il gelato gli occhiali da sole
7O,7OSU4,audio_7368,8,Tocca nel seguente ordine il monopattino il leone il gelato la bicicletta
7O,7OSU4,audio_7369,8,Tocca nel seguente ordine il monopattino il leone il gelato l'ombrello
7O,7OSU4,audio_7370,8,Tocca nel seguente ordine il monopattino il leone gli occhiali da sole il polipo
7O,7OSU4,audio_7371,8,Tocca nel seguente ordine il monopattino il leone gli occhiali da sole il pappagallo
7O,7OSU4,audio_7372,8,Tocca nel seguente ordine il monopattino il leone gli occhiali da sole il gelato
7O,7OSU4,audio_7373,8,Tocca nel seguente ordine il monopattino il leone gli occhiali da sole la bambina
7O,7OSU4,audio_7374,8,Tocca nel seguente ordine il monopattino il leone gli occhiali da sole la scimmia
7O,7OSU4,audio_7375,8,Tocca nel seguente ordine il monopattino il leone gli occhiali da sole la bicicletta
7O,7OSU4,audio_7376,8,Tocca nel seguente ordine il monopattino il leone gli occhiali da sole l'ombrello
7O,7OSU4,audio_7377,8,Tocca nel seguente ordine il monopattino il leone la bicicletta il polipo
7O,7OSU4,audio_7378,8,Tocca nel seguente ordine il monopattino il leone la bicicletta il pappagallo
7O,7OSU4,audio_7379,8,Tocca nel seguente ordine il monopattino il leone la bicicletta il gelato
7O,7OSU4,audio_7380,8,Tocca nel seguente ordine il monopattino il leone la bicicletta la bambina
7O,7OSU4,audio_7381,8,Tocca nel seguente ordine il monopattino il leone la bicicletta gli occhiali da sole
7O,7OSU4,audio_7382,8,Tocca nel seguente ordine il monopattino il leone la bicicletta la scimmia
7O,7OSU4,audio_7383,8,Tocca nel seguente ordine il monopattino il leone la bicicletta l'ombrello
7O,7OSU4,audio_7384,8,Tocca nel seguente ordine il monopattino il leone la bambina il polipo
7O,7OSU4,audio_7385,8,Tocca nel seguente ordine il monopattino il leone la bambina il pappagallo
7O,7OSU4,audio_7386,8,Tocca nel seguente ordine il monopattino il leone la bambina il gelato
7O,7OSU4,audio_7387,8,Tocca nel seguente ordine il monopattino il leone la bambina la scimmia
7O,7OSU4,audio_7388,8,Tocca nel seguente ordine il monopattino il leone la bambina gli occhiali da sole
7O,7OSU4,audio_7389,8,Tocca nel seguente ordine il monopattino il leone la bambina la bicicletta
7O,7OSU4,audio_7390,8,Tocca nel seguente ordine il monopattino il leone la bambina l'ombrello
7O,7OSU4,audio_7391,8,Tocca nel seguente ordine il monopattino il leone l'ombrello il polipo
7O,7OSU4,audio_7392,8,Tocca nel seguente ordine il monopattino il leone l'ombrello il pappagallo
7O,7OSU4,audio_7393,8,Tocca nel seguente ordine il monopattino il leone l'ombrello il gelato
7O,7OSU4,audio_7394,8,Tocca nel seguente ordine il monopattino il leone l'ombrello la bambina
7O,7OSU4,audio_7395,8,Tocca nel seguente ordine il monopattino il leone l'ombrello gli occhiali da sole
7O,7OSU4,audio_7396,8,Tocca nel seguente ordine il monopattino il leone l'ombrello la bicicletta
7O,7OSU4,audio_7397,8,Tocca nel seguente ordine il monopattino il leone l'ombrello la scimmia
7O,7OSU4,audio_7398,8,Tocca nel seguente ordine il monopattino la scimmia il leone il polipo
7O,7OSU4,audio_7399,8,Tocca nel seguente ordine il monopattino la scimmia il leone il pappagallo
7O,7OSU4,audio_7400,8,Tocca nel seguente ordine il monopattino la scimmia il leone il gelato
7O,7OSU4,audio_7401,8,Tocca nel seguente ordine il monopattino la scimmia il leone la bambina
7O,7OSU4,audio_7402,8,Tocca nel seguente ordine il monopattino la scimmia il leone gli occhiali da sole
7O,7OSU4,audio_7403,8,Tocca nel seguente ordine il monopattino la scimmia il leone la bicicletta
7O,7OSU4,audio_7404,8,Tocca nel seguente ordine il monopattino la scimmia il leone l'ombrello
7O,7OSU4,audio_7405,8,Tocca nel seguente ordine il monopattino la scimmia il pappagallo il polipo
7O,7OSU4,audio_7406,8,Tocca nel seguente ordine il monopattino la scimmia il pappagallo il leone
7O,7OSU4,audio_7407,8,Tocca nel seguente ordine il monopattino la scimmia il pappagallo il gelato
7O,7OSU4,audio_7408,8,Tocca nel seguente ordine il monopattino la scimmia il pappagallo la bambina
7O,7OSU4,audio_7409,8,Tocca nel seguente ordine il monopattino la scimmia il pappagallo gli occhiali da sole
7O,7OSU4,audio_7410,8,Tocca nel seguente ordine il monopattino la scimmia il pappagallo la bicicletta
7O,7OSU4,audio_7411,8,Tocca nel seguente ordine il monopattino la scimmia il pappagallo l'ombrello
7O,7OSU4,audio_7412,8,Tocca nel seguente ordine il monopattino la scimmia il polipo il leone
7O,7OSU4,audio_7413,8,Tocca nel seguente ordine il monopattino la scimmia il polipo il pappagallo
7O,7OSU4,audio_7414,8,Tocca nel seguente ordine il monopattino la scimmia il polipo il gelato
7O,7OSU4,audio_7415,8,Tocca nel seguente ordine il monopattino la scimmia il polipo la bambina
7O,7OSU4,audio_7416,8,Tocca nel seguente ordine il monopattino la scimmia il polipo gli occhiali da sole
7O,7OSU4,audio_7417,8,Tocca nel seguente ordine il monopattino la scimmia il polipo la bicicletta
7O,7OSU4,audio_7418,8,Tocca nel seguente ordine il monopattino la scimmia il polipo l'ombrello
7O,7OSU4,audio_7419,8,Tocca nel seguente ordine il monopattino la scimmia il gelato il polipo
7O,7OSU4,audio_7420,8,Tocca nel seguente ordine il monopattino la scimmia il gelato il pappagallo
7O,7OSU4,audio_7421,8,Tocca nel seguente ordine il monopattino la scimmia il gelato il leone
7O,7OSU4,audio_7422,8,Tocca nel seguente ordine il monopattino la scimmia il gelato la bambina
7O,7OSU4,audio_7423,8,Tocca nel seguente ordine il monopattino la scimmia il gelato gli occhiali da sole
7O,7OSU4,audio_7424,8,Tocca nel seguente ordine il monopattino la scimmia il gelato la bicicletta
7O,7OSU4,audio_7425,8,Tocca nel seguente ordine il monopattino la scimmia il gelato l'ombrello
7O,7OSU4,audio_7426,8,Tocca nel seguente ordine il monopattino la scimmia gli occhiali da sole il polipo
7O,7OSU4,audio_7427,8,Tocca nel seguente ordine il monopattino la scimmia gli occhiali da sole il pappagallo
7O,7OSU4,audio_7428,8,Tocca nel seguente ordine il monopattino la scimmia gli occhiali da sole il gelato
7O,7OSU4,audio_7429,8,Tocca nel seguente ordine il monopattino la scimmia gli occhiali da sole la bambina
7O,7OSU4,audio_7430,8,Tocca nel seguente ordine il monopattino la scimmia gli occhiali da sole il leone
7O,7OSU4,audio_7431,8,Tocca nel seguente ordine il monopattino la scimmia gli occhiali da sole la bicicletta
7O,7OSU4,audio_7432,8,Tocca nel seguente ordine il monopattino la scimmia gli occhiali da sole l'ombrello
7O,7OSU4,audio_7433,8,Tocca nel seguente ordine il monopattino la scimmia la bicicletta il polipo
7O,7OSU4,audio_7434,8,Tocca nel seguente ordine il monopattino la scimmia la bicicletta il pappagallo
7O,7OSU4,audio_7435,8,Tocca nel seguente ordine il monopattino la scimmia la bicicletta il gelato
7O,7OSU4,audio_7436,8,Tocca nel seguente ordine il monopattino la scimmia la bicicletta la bambina
7O,7OSU4,audio_7437,8,Tocca nel seguente ordine il monopattino la scimmia la bicicletta gli occhiali da sole
7O,7OSU4,audio_7438,8,Tocca nel seguente ordine il monopattino la scimmia la bicicletta il leone
7O,7OSU4,audio_7439,8,Tocca nel seguente ordine il monopattino la scimmia la bicicletta l'ombrello
7O,7OSU4,audio_7440,8,Tocca nel seguente ordine il monopattino la scimmia la bambina il polipo
7O,7OSU4,audio_7441,8,Tocca nel seguente ordine il monopattino la scimmia la bambina il pappagallo
7O,7OSU4,audio_7442,8,Tocca nel seguente ordine il monopattino la scimmia la bambina il gelato
7O,7OSU4,audio_7443,8,Tocca nel seguente ordine il monopattino la scimmia la bambina il leone
7O,7OSU4,audio_7444,8,Tocca nel seguente ordine il monopattino la scimmia la bambina gli occhiali da sole
7O,7OSU4,audio_7445,8,Tocca nel seguente ordine il monopattino la scimmia la bambina la bicicletta
7O,7OSU4,audio_7446,8,Tocca nel seguente ordine il monopattino la scimmia la bambina l'ombrello
7O,7OSU4,audio_7447,8,Tocca nel seguente ordine il monopattino la scimmia l'ombrello il polipo
7O,7OSU4,audio_7448,8,Tocca nel seguente ordine il monopattino la scimmia l'ombrello il pappagallo
7O,7OSU4,audio_7449,8,Tocca nel seguente ordine il monopattino la scimmia l'ombrello il gelato
7O,7OSU4,audio_7450,8,Tocca nel seguente ordine il monopattino la scimmia l'ombrello la bambina
7O,7OSU4,audio_7451,8,Tocca nel seguente ordine il monopattino la scimmia l'ombrello gli occhiali da sole
7O,7OSU4,audio_7452,8,Tocca nel seguente ordine il monopattino la scimmia l'ombrello la bicicletta
7O,7OSU4,audio_7453,8,Tocca nel seguente ordine il monopattino la scimmia l'ombrello il leone
7O,7OSU4,audio_7454,8,Tocca nel seguente ordine il monopattino il pappagallo il leone il polipo
7O,7OSU4,audio_7455,8,Tocca nel seguente ordine il monopattino il pappagallo il leone la scimmia
7O,7OSU4,audio_7456,8,Tocca nel seguente ordine il monopattino il pappagallo il leone il gelato
7O,7OSU4,audio_7457,8,Tocca nel seguente ordine il monopattino il pappagallo il leone la bambina
7O,7OSU4,audio_7458,8,Tocca nel seguente ordine il monopattino il pappagallo il leone gli occhiali da sole
7O,7OSU4,audio_7459,8,Tocca nel seguente ordine il monopattino il pappagallo il leone la bicicletta
7O,7OSU4,audio_7460,8,Tocca nel seguente ordine il monopattino il pappagallo il leone l'ombrello
7O,7OSU4,audio_7461,8,Tocca nel seguente ordine il monopattino il pappagallo la scimmia il polipo
7O,7OSU4,audio_7462,8,Tocca nel seguente ordine il monopattino il pappagallo la scimmia il leone
7O,7OSU4,audio_7463,8,Tocca nel seguente ordine il monopattino il pappagallo la scimmia il gelato
7O,7OSU4,audio_7464,8,Tocca nel seguente ordine il monopattino il pappagallo la scimmia la bambina
7O,7OSU4,audio_7465,8,Tocca nel seguente ordine il monopattino il pappagallo la scimmia gli occhiali da sole
7O,7OSU4,audio_7466,8,Tocca nel seguente ordine il monopattino il pappagallo la scimmia la bicicletta
7O,7OSU4,audio_7467,8,Tocca nel seguente ordine il monopattino il pappagallo la scimmia l'ombrello
7O,7OSU4,audio_7468,8,Tocca nel seguente ordine il monopattino il pappagallo il polipo il leone
7O,7OSU4,audio_7469,8,Tocca nel seguente ordine il monopattino il pappagallo il polipo la scimmia
7O,7OSU4,audio_7470,8,Tocca nel seguente ordine il monopattino il pappagallo il polipo il gelato
7O,7OSU4,audio_7471,8,Tocca nel seguente ordine il monopattino il pappagallo il polipo la bambina
7O,7OSU4,audio_7472,8,Tocca nel seguente ordine il monopattino il pappagallo il polipo gli occhiali da sole
7O,7OSU4,audio_7473,8,Tocca nel seguente ordine il monopattino il pappagallo il polipo la bicicletta
7O,7OSU4,audio_7474,8,Tocca nel seguente ordine il monopattino il pappagallo il polipo l'ombrello
7O,7OSU4,audio_7475,8,Tocca nel seguente ordine il monopattino il pappagallo il gelato il polipo
7O,7OSU4,audio_7476,8,Tocca nel seguente ordine il monopattino il pappagallo il gelato la scimmia
7O,7OSU4,audio_7477,8,Tocca nel seguente ordine il monopattino il pappagallo il gelato il leone
7O,7OSU4,audio_7478,8,Tocca nel seguente ordine il monopattino il pappagallo il gelato la bambina
7O,7OSU4,audio_7479,8,Tocca nel seguente ordine il monopattino il pappagallo il gelato gli occhiali da sole
7O,7OSU4,audio_7480,8,Tocca nel seguente ordine il monopattino il pappagallo il gelato la bicicletta
7O,7OSU4,audio_7481,8,Tocca nel seguente ordine il monopattino il pappagallo il gelato l'ombrello
7O,7OSU4,audio_7482,8,Tocca nel seguente ordine il monopattino il pappagallo gli occhiali da sole il polipo
7O,7OSU4,audio_7483,8,Tocca nel seguente ordine il monopattino il pappagallo gli occhiali da sole la scimmia
7O,7OSU4,audio_7484,8,Tocca nel seguente ordine il monopattino il pappagallo gli occhiali da sole il gelato
7O,7OSU4,audio_7485,8,Tocca nel seguente ordine il monopattino il pappagallo gli occhiali da sole la bambina
7O,7OSU4,audio_7486,8,Tocca nel seguente ordine il monopattino il pappagallo gli occhiali da sole il leone
7O,7OSU4,audio_7487,8,Tocca nel seguente ordine il monopattino il pappagallo gli occhiali da sole la bicicletta
7O,7OSU4,audio_7488,8,Tocca nel seguente ordine il monopattino il pappagallo gli occhiali da sole l'ombrello
7O,7OSU4,audio_7489,8,Tocca nel seguente ordine il monopattino il pappagallo la bicicletta il polipo
7O,7OSU4,audio_7490,8,Tocca nel seguente ordine il monopattino il pappagallo la bicicletta la scimmia
7O,7OSU4,audio_7491,8,Tocca nel seguente ordine il monopattino il pappagallo la bicicletta il gelato
7O,7OSU4,audio_7492,8,Tocca nel seguente ordine il monopattino il pappagallo la bicicletta la bambina
7O,7OSU4,audio_7493,8,Tocca nel seguente ordine il monopattino il pappagallo la bicicletta gli occhiali da sole
7O,7OSU4,audio_7494,8,Tocca nel seguente ordine il monopattino il pappagallo la bicicletta il leone
7O,7OSU4,audio_7495,8,Tocca nel seguente ordine il monopattino il pappagallo la bicicletta l'ombrello
7O,7OSU4,audio_7496,8,Tocca nel seguente ordine il monopattino il pappagallo la bambina il polipo
7O,7OSU4,audio_7497,8,Tocca nel seguente ordine il monopattino il pappagallo la bambina la scimmia
7O,7OSU4,audio_7498,8,Tocca nel seguente ordine il monopattino il pappagallo la bambina il gelato
7O,7OSU4,audio_7499,8,Tocca nel seguente ordine il monopattino il pappagallo la bambina il leone
7O,7OSU4,audio_7500,8,Tocca nel seguente ordine il monopattino il pappagallo la bambina gli occhiali da sole
7O,7OSU4,audio_7501,8,Tocca nel seguente ordine il monopattino il pappagallo la bambina la bicicletta
7O,7OSU4,audio_7502,8,Tocca nel seguente ordine il monopattino il pappagallo la bambina l'ombrello
7O,7OSU4,audio_7503,8,Tocca nel seguente ordine il monopattino il pappagallo l'ombrello il polipo
7O,7OSU4,audio_7504,8,Tocca nel seguente ordine il monopattino il pappagallo l'ombrello la scimmia
7O,7OSU4,audio_7505,8,Tocca nel seguente ordine il monopattino il pappagallo l'ombrello il gelato
7O,7OSU4,audio_7506,8,Tocca nel seguente ordine il monopattino il pappagallo l'ombrello la bambina
7O,7OSU4,audio_7507,8,Tocca nel seguente ordine il monopattino il pappagallo l'ombrello gli occhiali da sole
7O,7OSU4,audio_7508,8,Tocca nel seguente ordine il monopattino il pappagallo l'ombrello la bicicletta
7O,7OSU4,audio_7509,8,Tocca nel seguente ordine il monopattino il pappagallo l'ombrello il leone
7O,7OSU4,audio_7510,8,Tocca nel seguente ordine il monopattino il polipo il leone la scimmia
7O,7OSU4,audio_7511,8,Tocca nel seguente ordine il monopattino il polipo il leone il pappagallo
7O,7OSU4,audio_7512,8,Tocca nel seguente ordine il monopattino il polipo il leone il gelato
7O,7OSU4,audio_7513,8,Tocca nel seguente ordine il monopattino il polipo il leone la bambina
7O,7OSU4,audio_7514,8,Tocca nel seguente ordine il monopattino il polipo il leone gli occhiali da sole
7O,7OSU4,audio_7515,8,Tocca nel seguente ordine il monopattino il polipo il leone la bicicletta
7O,7OSU4,audio_7516,8,Tocca nel seguente ordine il monopattino il polipo il leone l'ombrello
7O,7OSU4,audio_7517,8,Tocca nel seguente ordine il monopattino il polipo la scimmia il leone
7O,7OSU4,audio_7518,8,Tocca nel seguente ordine il monopattino il polipo la scimmia il pappagallo
7O,7OSU4,audio_7519,8,Tocca nel seguente ordine il monopattino il polipo la scimmia il gelato
7O,7OSU4,audio_7520,8,Tocca nel seguente ordine il monopattino il polipo la scimmia la bambina
7O,7OSU4,audio_7521,8,Tocca nel seguente ordine il monopattino il polipo la scimmia gli occhiali da sole
7O,7OSU4,audio_7522,8,Tocca nel seguente ordine il monopattino il polipo la scimmia la bicicletta
7O,7OSU4,audio_7523,8,Tocca nel seguente ordine il monopattino il polipo la scimmia l'ombrello
7O,7OSU4,audio_7524,8,Tocca nel seguente ordine il monopattino il polipo il pappagallo il leone
7O,7OSU4,audio_7525,8,Tocca nel seguente ordine il monopattino il polipo il pappagallo la scimmia
7O,7OSU4,audio_7526,8,Tocca nel seguente ordine il monopattino il polipo il pappagallo il gelato
7O,7OSU4,audio_7527,8,Tocca nel seguente ordine il monopattino il polipo il pappagallo la bambina
7O,7OSU4,audio_7528,8,Tocca nel seguente ordine il monopattino il polipo il pappagallo gli occhiali da sole
7O,7OSU4,audio_7529,8,Tocca nel seguente ordine il monopattino il polipo il pappagallo la bicicletta
7O,7OSU4,audio_7530,8,Tocca nel seguente ordine il monopattino il polipo il pappagallo l'ombrello
7O,7OSU4,audio_7531,8,Tocca nel seguente ordine il monopattino il polipo il gelato il leone
7O,7OSU4,audio_7532,8,Tocca nel seguente ordine il monopattino il polipo il gelato il pappagallo
7O,7OSU4,audio_7533,8,Tocca nel seguente ordine il monopattino il polipo il gelato la scimmia
7O,7OSU4,audio_7534,8,Tocca nel seguente ordine il monopattino il polipo il gelato la bambina
7O,7OSU4,audio_7535,8,Tocca nel seguente ordine il monopattino il polipo il gelato gli occhiali da sole
7O,7OSU4,audio_7536,8,Tocca nel seguente ordine il monopattino il polipo il gelato la bicicletta
7O,7OSU4,audio_7537,8,Tocca nel seguente ordine il monopattino il polipo il gelato l'ombrello
7O,7OSU4,audio_7538,8,Tocca nel seguente ordine il monopattino il polipo gli occhiali da sole il leone
7O,7OSU4,audio_7539,8,Tocca nel seguente ordine il monopattino il polipo gli occhiali da sole il pappagallo
7O,7OSU4,audio_7540,8,Tocca nel seguente ordine il monopattino il polipo gli occhiali da sole il gelato
7O,7OSU4,audio_7541,8,Tocca nel seguente ordine il monopattino il polipo gli occhiali da sole la bambina
7O,7OSU4,audio_7542,8,Tocca nel seguente ordine il monopattino il polipo gli occhiali da sole la scimmia
7O,7OSU4,audio_7543,8,Tocca nel seguente ordine il monopattino il polipo gli occhiali da sole la bicicletta
7O,7OSU4,audio_7544,8,Tocca nel seguente ordine il monopattino il polipo gli occhiali da sole l'ombrello
7O,7OSU4,audio_7545,8,Tocca nel seguente ordine il monopattino il polipo la bicicletta il leone
7O,7OSU4,audio_7546,8,Tocca nel seguente ordine il monopattino il polipo la bicicletta il pappagallo
7O,7OSU4,audio_7547,8,Tocca nel seguente ordine il monopattino il polipo la bicicletta il gelato
7O,7OSU4,audio_7548,8,Tocca nel seguente ordine il monopattino il polipo la bicicletta la bambina
7O,7OSU4,audio_7549,8,Tocca nel seguente ordine il monopattino il polipo la bicicletta gli occhiali da sole
7O,7OSU4,audio_7550,8,Tocca nel seguente ordine il monopattino il polipo la bicicletta la scimmia
7O,7OSU4,audio_7551,8,Tocca nel seguente ordine il monopattino il polipo la bicicletta l'ombrello
7O,7OSU4,audio_7552,8,Tocca nel seguente ordine il monopattino il polipo la bambina il leone
7O,7OSU4,audio_7553,8,Tocca nel seguente ordine il monopattino il polipo la bambina il pappagallo
7O,7OSU4,audio_7554,8,Tocca nel seguente ordine il monopattino il polipo la bambina il gelato
7O,7OSU4,audio_7555,8,Tocca nel seguente ordine il monopattino il polipo la bambina la scimmia
7O,7OSU4,audio_7556,8,Tocca nel seguente ordine il monopattino il polipo la bambina gli occhiali da sole
7O,7OSU4,audio_7557,8,Tocca nel seguente ordine il monopattino il polipo la bambina la bicicletta
7O,7OSU4,audio_7558,8,Tocca nel seguente ordine il monopattino il polipo la bambina l'ombrello
7O,7OSU4,audio_7559,8,Tocca nel seguente ordine il monopattino il polipo l'ombrello il leone
7O,7OSU4,audio_7560,8,Tocca nel seguente ordine il monopattino il polipo l'ombrello il pappagallo
7O,7OSU4,audio_7561,8,Tocca nel seguente ordine il monopattino il polipo l'ombrello il gelato
7O,7OSU4,audio_7562,8,Tocca nel seguente ordine il monopattino il polipo l'ombrello la bambina
7O,7OSU4,audio_7563,8,Tocca nel seguente ordine il monopattino il polipo l'ombrello gli occhiali da sole
7O,7OSU4,audio_7564,8,Tocca nel seguente ordine il monopattino il polipo l'ombrello la bicicletta
7O,7OSU4,audio_7565,8,Tocca nel seguente ordine il monopattino il polipo l'ombrello la scimmia
7O,7OSU4,audio_7566,8,Tocca nel seguente ordine il monopattino il gelato il leone il polipo
7O,7OSU4,audio_7567,8,Tocca nel seguente ordine il monopattino il gelato il leone il pappagallo
7O,7OSU4,audio_7568,8,Tocca nel seguente ordine il monopattino il gelato il leone la scimmia
7O,7OSU4,audio_7569,8,Tocca nel seguente ordine il monopattino il gelato il leone la bambina
7O,7OSU4,audio_7570,8,Tocca nel seguente ordine il monopattino il gelato il leone gli occhiali da sole
7O,7OSU4,audio_7571,8,Tocca nel seguente ordine il monopattino il gelato il leone la bicicletta
7O,7OSU4,audio_7572,8,Tocca nel seguente ordine il monopattino il gelato il leone l'ombrello
7O,7OSU4,audio_7573,8,Tocca nel seguente ordine il monopattino il gelato la scimmia il polipo
7O,7OSU4,audio_7574,8,Tocca nel seguente ordine il monopattino il gelato la scimmia il pappagallo
7O,7OSU4,audio_7575,8,Tocca nel seguente ordine il monopattino il gelato la scimmia il leone
7O,7OSU4,audio_7576,8,Tocca nel seguente ordine il monopattino il gelato la scimmia la bambina
7O,7OSU4,audio_7577,8,Tocca nel seguente ordine il monopattino il gelato la scimmia gli occhiali da sole
7O,7OSU4,audio_7578,8,Tocca nel seguente ordine il monopattino il gelato la scimmia la bicicletta
7O,7OSU4,audio_7579,8,Tocca nel seguente ordine il monopattino il gelato la scimmia l'ombrello
7O,7OSU4,audio_7580,8,Tocca nel seguente ordine il monopattino il gelato il pappagallo il polipo
7O,7OSU4,audio_7581,8,Tocca nel seguente ordine il monopattino il gelato il pappagallo il leone
7O,7OSU4,audio_7582,8,Tocca nel seguente ordine il monopattino il gelato il pappagallo la scimmia
7O,7OSU4,audio_7583,8,Tocca nel seguente ordine il monopattino il gelato il pappagallo la bambina
7O,7OSU4,audio_7584,8,Tocca nel seguente ordine il monopattino il gelato il pappagallo gli occhiali da sole
7O,7OSU4,audio_7585,8,Tocca nel seguente ordine il monopattino il gelato il pappagallo la bicicletta
7O,7OSU4,audio_7586,8,Tocca nel seguente ordine il monopattino il gelato il pappagallo l'ombrello
7O,7OSU4,audio_7587,8,Tocca nel seguente ordine il monopattino il gelato il polipo il leone
7O,7OSU4,audio_7588,8,Tocca nel seguente ordine il monopattino il gelato il polipo il pappagallo
7O,7OSU4,audio_7589,8,Tocca nel seguente ordine il monopattino il gelato il polipo la scimmia
7O,7OSU4,audio_7590,8,Tocca nel seguente ordine il monopattino il gelato il polipo la bambina
7O,7OSU4,audio_7591,8,Tocca nel seguente ordine il monopattino il gelato il polipo gli occhiali da sole
7O,7OSU4,audio_7592,8,Tocca nel seguente ordine il monopattino il gelato il polipo la bicicletta
7O,7OSU4,audio_7593,8,Tocca nel seguente ordine il monopattino il gelato il polipo l'ombrello
7O,7OSU4,audio_7594,8,Tocca nel seguente ordine il monopattino il gelato gli occhiali da sole il polipo
7O,7OSU4,audio_7595,8,Tocca nel seguente ordine il monopattino il gelato gli occhiali da sole il pappagallo
7O,7OSU4,audio_7596,8,Tocca nel seguente ordine il monopattino il gelato gli occhiali da sole la scimmia
7O,7OSU4,audio_7597,8,Tocca nel seguente ordine il monopattino il gelato gli occhiali da sole la bambina
7O,7OSU4,audio_7598,8,Tocca nel seguente ordine il monopattino il gelato gli occhiali da sole il leone
7O,7OSU4,audio_7599,8,Tocca nel seguente ordine il monopattino il gelato gli occhiali da sole la bicicletta
7O,7OSU4,audio_7600,8,Tocca nel seguente ordine il monopattino il gelato gli occhiali da sole l'ombrello
7O,7OSU4,audio_7601,8,Tocca nel seguente ordine il monopattino il gelato la bicicletta il polipo
7O,7OSU4,audio_7602,8,Tocca nel seguente ordine il monopattino il gelato la bicicletta il pappagallo
7O,7OSU4,audio_7603,8,Tocca nel seguente ordine il monopattino il gelato la bicicletta la scimmia
7O,7OSU4,audio_7604,8,Tocca nel seguente ordine il monopattino il gelato la bicicletta la bambina
7O,7OSU4,audio_7605,8,Tocca nel seguente ordine il monopattino il gelato la bicicletta gli occhiali da sole
7O,7OSU4,audio_7606,8,Tocca nel seguente ordine il monopattino il gelato la bicicletta il leone
7O,7OSU4,audio_7607,8,Tocca nel seguente ordine il monopattino il gelato la bicicletta l'ombrello
7O,7OSU4,audio_7608,8,Tocca nel seguente ordine il monopattino il gelato la bambina il polipo
7O,7OSU4,audio_7609,8,Tocca nel seguente ordine il monopattino il gelato la bambina il pappagallo
7O,7OSU4,audio_7610,8,Tocca nel seguente ordine il monopattino il gelato la bambina la scimmia
7O,7OSU4,audio_7611,8,Tocca nel seguente ordine il monopattino il gelato la bambina il leone
7O,7OSU4,audio_7612,8,Tocca nel seguente ordine il monopattino il gelato la bambina gli occhiali da sole
7O,7OSU4,audio_7613,8,Tocca nel seguente ordine il monopattino il gelato la bambina la bicicletta
7O,7OSU4,audio_7614,8,Tocca nel seguente ordine il monopattino il gelato la bambina l'ombrello
7O,7OSU4,audio_7615,8,Tocca nel seguente ordine il monopattino il gelato l'ombrello il polipo
7O,7OSU4,audio_7616,8,Tocca nel seguente ordine il monopattino il gelato l'ombrello il pappagallo
7O,7OSU4,audio_7617,8,Tocca nel seguente ordine il monopattino il gelato l'ombrello la scimmia
7O,7OSU4,audio_7618,8,Tocca nel seguente ordine il monopattino il gelato l'ombrello la bambina
7O,7OSU4,audio_7619,8,Tocca nel seguente ordine il monopattino il gelato l'ombrello gli occhiali da sole
7O,7OSU4,audio_7620,8,Tocca nel seguente ordine il monopattino il gelato l'ombrello la bicicletta
7O,7OSU4,audio_7621,8,Tocca nel seguente ordine il monopattino il gelato l'ombrello il leone
7O,7OSU4,audio_7622,8,Tocca nel seguente ordine il monopattino gli occhiali da sole il leone il polipo
7O,7OSU4,audio_7623,8,Tocca nel seguente ordine il monopattino gli occhiali da sole il leone il pappagallo
7O,7OSU4,audio_7624,8,Tocca nel seguente ordine il monopattino gli occhiali da sole il leone il gelato
7O,7OSU4,audio_7625,8,Tocca nel seguente ordine il monopattino gli occhiali da sole il leone la bambina
7O,7OSU4,audio_7626,8,Tocca nel seguente ordine il monopattino gli occhiali da sole il leone la scimmia
7O,7OSU4,audio_7627,8,Tocca nel seguente ordine il monopattino gli occhiali da sole il leone la bicicletta
7O,7OSU4,audio_7628,8,Tocca nel seguente ordine il monopattino gli occhiali da sole il leone l'ombrello
7O,7OSU4,audio_7629,8,Tocca nel seguente ordine il monopattino gli occhiali da sole la scimmia il polipo
7O,7OSU4,audio_7630,8,Tocca nel seguente ordine il monopattino gli occhiali da sole la scimmia il pappagallo
7O,7OSU4,audio_7631,8,Tocca nel seguente ordine il monopattino gli occhiali da sole la scimmia il gelato
7O,7OSU4,audio_7632,8,Tocca nel seguente ordine il monopattino gli occhiali da sole la scimmia la bambina
7O,7OSU4,audio_7633,8,Tocca nel seguente ordine il monopattino gli occhiali da sole la scimmia il leone
7O,7OSU4,audio_7634,8,Tocca nel seguente ordine il monopattino gli occhiali da sole la scimmia la bicicletta
7O,7OSU4,audio_7635,8,Tocca nel seguente ordine il monopattino gli occhiali da sole la scimmia l'ombrello
7O,7OSU4,audio_7636,8,Tocca nel seguente ordine il monopattino gli occhiali da sole il pappagallo il polipo
7O,7OSU4,audio_7637,8,Tocca nel seguente ordine il monopattino gli occhiali da sole il pappagallo la scimmia
7O,7OSU4,audio_7638,8,Tocca nel seguente ordine il monopattino gli occhiali da sole il pappagallo il gelato
7O,7OSU4,audio_7639,8,Tocca nel seguente ordine il monopattino gli occhiali da sole il pappagallo la bambina
7O,7OSU4,audio_7640,8,Tocca nel seguente ordine il monopattino gli occhiali da sole il pappagallo il leone
7O,7OSU4,audio_7641,8,Tocca nel seguente ordine il monopattino gli occhiali da sole il pappagallo la bicicletta
7O,7OSU4,audio_7642,8,Tocca nel seguente ordine il monopattino gli occhiali da sole il pappagallo l'ombrello
7O,7OSU4,audio_7643,8,Tocca nel seguente ordine il monopattino gli occhiali da sole il polipo la scimmia
7O,7OSU4,audio_7644,8,Tocca nel seguente ordine il monopattino gli occhiali da sole il polipo il pappagallo
7O,7OSU4,audio_7645,8,Tocca nel seguente ordine il monopattino gli occhiali da sole il polipo il gelato
7O,7OSU4,audio_7646,8,Tocca nel seguente ordine il monopattino gli occhiali da sole il polipo la bambina
7O,7OSU4,audio_7647,8,Tocca nel seguente ordine il monopattino gli occhiali da sole il polipo il leone
7O,7OSU4,audio_7648,8,Tocca nel seguente ordine il monopattino gli occhiali da sole il polipo la bicicletta
7O,7OSU4,audio_7649,8,Tocca nel seguente ordine il monopattino gli occhiali da sole il polipo l'ombrello
7O,7OSU4,audio_7650,8,Tocca nel seguente ordine il monopattino gli occhiali da sole il gelato il polipo
7O,7OSU4,audio_7651,8,Tocca nel seguente ordine il monopattino gli occhiali da sole il gelato il pappagallo
7O,7OSU4,audio_7652,8,Tocca nel seguente ordine il monopattino gli occhiali da sole il gelato il leone
7O,7OSU4,audio_7653,8,Tocca nel seguente ordine il monopattino gli occhiali da sole il gelato la bambina
7O,7OSU4,audio_7654,8,Tocca nel seguente ordine il monopattino gli occhiali da sole il gelato la scimmia
7O,7OSU4,audio_7655,8,Tocca nel seguente ordine il monopattino gli occhiali da sole il gelato la bicicletta
7O,7OSU4,audio_7656,8,Tocca nel seguente ordine il monopattino gli occhiali da sole il gelato l'ombrello
7O,7OSU4,audio_7657,8,Tocca nel seguente ordine il monopattino gli occhiali da sole la bicicletta il polipo
7O,7OSU4,audio_7658,8,Tocca nel seguente ordine il monopattino gli occhiali da sole la bicicletta il pappagallo
7O,7OSU4,audio_7659,8,Tocca nel seguente ordine il monopattino gli occhiali da sole la bicicletta il gelato
7O,7OSU4,audio_7660,8,Tocca nel seguente ordine il monopattino gli occhiali da sole la bicicletta la bambina
7O,7OSU4,audio_7661,8,Tocca nel seguente ordine il monopattino gli occhiali da sole la bicicletta il leone
7O,7OSU4,audio_7662,8,Tocca nel seguente ordine il monopattino gli occhiali da sole la bicicletta la scimmia
7O,7OSU4,audio_7663,8,Tocca nel seguente ordine il monopattino gli occhiali da sole la bicicletta l'ombrello
7O,7OSU4,audio_7664,8,Tocca nel seguente ordine il monopattino gli occhiali da sole la bambina il polipo
7O,7OSU4,audio_7665,8,Tocca nel seguente ordine il monopattino gli occhiali da sole la bambina il pappagallo
7O,7OSU4,audio_7666,8,Tocca nel seguente ordine il monopattino gli occhiali da sole la bambina il gelato
7O,7OSU4,audio_7667,8,Tocca nel seguente ordine il monopattino gli occhiali da sole la bambina il leone
7O,7OSU4,audio_7668,8,Tocca nel seguente ordine il monopattino gli occhiali da sole la bambina la scimmia
7O,7OSU4,audio_7669,8,Tocca nel seguente ordine il monopattino gli occhiali da sole la bambina la bicicletta
7O,7OSU4,audio_7670,8,Tocca nel seguente ordine il monopattino gli occhiali da sole la bambina l'ombrello
7O,7OSU4,audio_7671,8,Tocca nel seguente ordine il monopattino gli occhiali da sole l'ombrello il polipo
7O,7OSU4,audio_7672,8,Tocca nel seguente ordine il monopattino gli occhiali da sole l'ombrello il pappagallo
7O,7OSU4,audio_7673,8,Tocca nel seguente ordine il monopattino gli occhiali da sole l'ombrello il gelato
7O,7OSU4,audio_7674,8,Tocca nel seguente ordine il monopattino gli occhiali da sole l'ombrello la bambina
7O,7OSU4,audio_7675,8,Tocca nel seguente ordine il monopattino gli occhiali da sole l'ombrello la scimmia
7O,7OSU4,audio_7676,8,Tocca nel seguente ordine il monopattino gli occhiali da sole l'ombrello la bicicletta
7O,7OSU4,audio_7677,8,Tocca nel seguente ordine il monopattino gli occhiali da sole l'ombrello il leone
7O,7OSU4,audio_7678,8,Tocca nel seguente ordine il monopattino la bicicletta il leone il polipo
7O,7OSU4,audio_7679,8,Tocca nel seguente ordine il monopattino la bicicletta il leone il pappagallo
7O,7OSU4,audio_7680,8,Tocca nel seguente ordine il monopattino la bicicletta il leone il gelato
7O,7OSU4,audio_7681,8,Tocca nel seguente ordine il monopattino la bicicletta il leone la bambina
7O,7OSU4,audio_7682,8,Tocca nel seguente ordine il monopattino la bicicletta il leone gli occhiali da sole
7O,7OSU4,audio_7683,8,Tocca nel seguente ordine il monopattino la bicicletta il leone la scimmia
7O,7OSU4,audio_7684,8,Tocca nel seguente ordine il monopattino la bicicletta il leone l'ombrello
7O,7OSU4,audio_7685,8,Tocca nel seguente ordine il monopattino la bicicletta la scimmia il polipo
7O,7OSU4,audio_7686,8,Tocca nel seguente ordine il monopattino la bicicletta la scimmia il pappagallo
7O,7OSU4,audio_7687,8,Tocca nel seguente ordine il monopattino la bicicletta la scimmia il gelato
7O,7OSU4,audio_7688,8,Tocca nel seguente ordine il monopattino la bicicletta la scimmia la bambina
7O,7OSU4,audio_7689,8,Tocca nel seguente ordine il monopattino la bicicletta la scimmia gli occhiali da sole
7O,7OSU4,audio_7690,8,Tocca nel seguente ordine il monopattino la bicicletta la scimmia il leone
7O,7OSU4,audio_7691,8,Tocca nel seguente ordine il monopattino la bicicletta la scimmia l'ombrello
7O,7OSU4,audio_7692,8,Tocca nel seguente ordine il monopattino la bicicletta il pappagallo il polipo
7O,7OSU4,audio_7693,8,Tocca nel seguente ordine il monopattino la bicicletta il pappagallo il leone
7O,7OSU4,audio_7694,8,Tocca nel seguente ordine il monopattino la bicicletta il pappagallo il gelato
7O,7OSU4,audio_7695,8,Tocca nel seguente ordine il monopattino la bicicletta il pappagallo la bambina
7O,7OSU4,audio_7696,8,Tocca nel seguente ordine il monopattino la bicicletta il pappagallo gli occhiali da sole
7O,7OSU4,audio_7697,8,Tocca nel seguente ordine il monopattino la bicicletta il pappagallo la scimmia
7O,7OSU4,audio_7698,8,Tocca nel seguente ordine il monopattino la bicicletta il pappagallo l'ombrello
7O,7OSU4,audio_7699,8,Tocca nel seguente ordine il monopattino la bicicletta il polipo il leone
7O,7OSU4,audio_7700,8,Tocca nel seguente ordine il monopattino la bicicletta il polipo il pappagallo
7O,7OSU4,audio_7701,8,Tocca nel seguente ordine il monopattino la bicicletta il polipo il gelato
7O,7OSU4,audio_7702,8,Tocca nel seguente ordine il monopattino la bicicletta il polipo la bambina
7O,7OSU4,audio_7703,8,Tocca nel seguente ordine il monopattino la bicicletta il polipo gli occhiali da sole
7O,7OSU4,audio_7704,8,Tocca nel seguente ordine il monopattino la bicicletta il polipo la scimmia
7O,7OSU4,audio_7705,8,Tocca nel seguente ordine il monopattino la bicicletta il polipo l'ombrello
7O,7OSU4,audio_7706,8,Tocca nel seguente ordine il monopattino la bicicletta il gelato il polipo
7O,7OSU4,audio_7707,8,Tocca nel seguente ordine il monopattino la bicicletta il gelato il pappagallo
7O,7OSU4,audio_7708,8,Tocca nel seguente ordine il monopattino la bicicletta il gelato il leone
7O,7OSU4,audio_7709,8,Tocca nel seguente ordine il monopattino la bicicletta il gelato la bambina
7O,7OSU4,audio_7710,8,Tocca nel seguente ordine il monopattino la bicicletta il gelato gli occhiali da sole
7O,7OSU4,audio_7711,8,Tocca nel seguente ordine il monopattino la bicicletta il gelato la scimmia
7O,7OSU4,audio_7712,8,Tocca nel seguente ordine il monopattino la bicicletta il gelato l'ombrello
7O,7OSU4,audio_7713,8,Tocca nel seguente ordine il monopattino la bicicletta gli occhiali da sole il polipo
7O,7OSU4,audio_7714,8,Tocca nel seguente ordine il monopattino la bicicletta gli occhiali da sole il pappagallo
7O,7OSU4,audio_7715,8,Tocca nel seguente ordine il monopattino la bicicletta gli occhiali da sole il gelato
7O,7OSU4,audio_7716,8,Tocca nel seguente ordine il monopattino la bicicletta gli occhiali da sole la bambina
7O,7OSU4,audio_7717,8,Tocca nel seguente ordine il monopattino la bicicletta gli occhiali da sole il leone
7O,7OSU4,audio_7718,8,Tocca nel seguente ordine il monopattino la bicicletta gli occhiali da sole la scimmia
7O,7OSU4,audio_7719,8,Tocca nel seguente ordine il monopattino la bicicletta gli occhiali da sole l'ombrello
7O,7OSU4,audio_7720,8,Tocca nel seguente ordine il monopattino la bicicletta la bambina il polipo
7O,7OSU4,audio_7721,8,Tocca nel seguente ordine il monopattino la bicicletta la bambina il pappagallo
7O,7OSU4,audio_7722,8,Tocca nel seguente ordine il monopattino la bicicletta la bambina il gelato
7O,7OSU4,audio_7723,8,Tocca nel seguente ordine il monopattino la bicicletta la bambina la scimmia
7O,7OSU4,audio_7724,8,Tocca nel seguente ordine il monopattino la bicicletta la bambina gli occhiali da sole
7O,7OSU4,audio_7725,8,Tocca nel seguente ordine il monopattino la bicicletta la bambina il leone
7O,7OSU4,audio_7726,8,Tocca nel seguente ordine il monopattino la bicicletta la bambina l'ombrello
7O,7OSU4,audio_7727,8,Tocca nel seguente ordine il monopattino la bicicletta l'ombrello il polipo
7O,7OSU4,audio_7728,8,Tocca nel seguente ordine il monopattino la bicicletta l'ombrello il pappagallo
7O,7OSU4,audio_7729,8,Tocca nel seguente ordine il monopattino la bicicletta l'ombrello il gelato
7O,7OSU4,audio_7730,8,Tocca nel seguente ordine il monopattino la bicicletta l'ombrello la bambina
7O,7OSU4,audio_7731,8,Tocca nel seguente ordine il monopattino la bicicletta l'ombrello gli occhiali da sole
7O,7OSU4,audio_7732,8,Tocca nel seguente ordine il monopattino la bicicletta l'ombrello la scimmia
7O,7OSU4,audio_7733,8,Tocca nel seguente ordine il monopattino la bicicletta l'ombrello il leone
7O,7OSU4,audio_7734,8,Tocca nel seguente ordine il monopattino la bambina il leone il polipo
7O,7OSU4,audio_7735,8,Tocca nel seguente ordine il monopattino la bambina il leone il pappagallo
7O,7OSU4,audio_7736,8,Tocca nel seguente ordine il monopattino la bambina il leone il gelato
7O,7OSU4,audio_7737,8,Tocca nel seguente ordine il monopattino la bambina il leone la scimmia
7O,7OSU4,audio_7738,8,Tocca nel seguente ordine il monopattino la bambina il leone gli occhiali da sole
7O,7OSU4,audio_7739,8,Tocca nel seguente ordine il monopattino la bambina il leone la bicicletta
7O,7OSU4,audio_7740,8,Tocca nel seguente ordine il monopattino la bambina il leone l'ombrello
7O,7OSU4,audio_7741,8,Tocca nel seguente ordine il monopattino la bambina la scimmia il polipo
7O,7OSU4,audio_7742,8,Tocca nel seguente ordine il monopattino la bambina la scimmia il pappagallo
7O,7OSU4,audio_7743,8,Tocca nel seguente ordine il monopattino la bambina la scimmia il gelato
7O,7OSU4,audio_7744,8,Tocca nel seguente ordine il monopattino la bambina la scimmia il leone
7O,7OSU4,audio_7745,8,Tocca nel seguente ordine il monopattino la bambina la scimmia gli occhiali da sole
7O,7OSU4,audio_7746,8,Tocca nel seguente ordine il monopattino la bambina la scimmia la bicicletta
7O,7OSU4,audio_7747,8,Tocca nel seguente ordine il monopattino la bambina la scimmia l'ombrello
7O,7OSU4,audio_7748,8,Tocca nel seguente ordine il monopattino la bambina il pappagallo il polipo
7O,7OSU4,audio_7749,8,Tocca nel seguente ordine il monopattino la bambina il pappagallo il leone
7O,7OSU4,audio_7750,8,Tocca nel seguente ordine il monopattino la bambina il pappagallo il gelato
7O,7OSU4,audio_7751,8,Tocca nel seguente ordine il monopattino la bambina il pappagallo la scimmia
7O,7OSU4,audio_7752,8,Tocca nel seguente ordine il monopattino la bambina il pappagallo gli occhiali da sole
7O,7OSU4,audio_7753,8,Tocca nel seguente ordine il monopattino la bambina il pappagallo la bicicletta
7O,7OSU4,audio_7754,8,Tocca nel seguente ordine il monopattino la bambina il pappagallo l'ombrello
7O,7OSU4,audio_7755,8,Tocca nel seguente ordine il monopattino la bambina il polipo il leone
7O,7OSU4,audio_7756,8,Tocca nel seguente ordine il monopattino la bambina il polipo il pappagallo
7O,7OSU4,audio_7757,8,Tocca nel seguente ordine il monopattino la bambina il polipo il gelato
7O,7OSU4,audio_7758,8,Tocca nel seguente ordine il monopattino la bambina il polipo la scimmia
7O,7OSU4,audio_7759,8,Tocca nel seguente ordine il monopattino la bambina il polipo gli occhiali da sole
7O,7OSU4,audio_7760,8,Tocca nel seguente ordine il monopattino la bambina il polipo la bicicletta
7O,7OSU4,audio_7761,8,Tocca nel seguente ordine il monopattino la bambina il polipo l'ombrello
7O,7OSU4,audio_7762,8,Tocca nel seguente ordine il monopattino la bambina il gelato il polipo
7O,7OSU4,audio_7763,8,Tocca nel seguente ordine il monopattino la bambina il gelato il pappagallo
7O,7OSU4,audio_7764,8,Tocca nel seguente ordine il monopattino la bambina il gelato il leone
7O,7OSU4,audio_7765,8,Tocca nel seguente ordine il monopattino la bambina il gelato la scimmia
7O,7OSU4,audio_7766,8,Tocca nel seguente ordine il monopattino la bambina il gelato gli occhiali da sole
7O,7OSU4,audio_7767,8,Tocca nel seguente ordine il monopattino la bambina il gelato la bicicletta
7O,7OSU4,audio_7768,8,Tocca nel seguente ordine il monopattino la bambina il gelato l'ombrello
7O,7OSU4,audio_7769,8,Tocca nel seguente ordine il monopattino la bambina gli occhiali da sole il polipo
7O,7OSU4,audio_7770,8,Tocca nel seguente ordine il monopattino la bambina gli occhiali da sole il pappagallo
7O,7OSU4,audio_7771,8,Tocca nel seguente ordine il monopattino la bambina gli occhiali da sole il gelato
7O,7OSU4,audio_7772,8,Tocca nel seguente ordine il monopattino la bambina gli occhiali da sole la scimmia
7O,7OSU4,audio_7773,8,Tocca nel seguente ordine il monopattino la bambina gli occhiali da sole il leone
7O,7OSU4,audio_7774,8,Tocca nel seguente ordine il monopattino la bambina gli occhiali da sole la bicicletta
7O,7OSU4,audio_7775,8,Tocca nel seguente ordine il monopattino la bambina gli occhiali da sole l'ombrello
7O,7OSU4,audio_7776,8,Tocca nel seguente ordine il monopattino la bambina la bicicletta il polipo
7O,7OSU4,audio_7777,8,Tocca nel seguente ordine il monopattino la bambina la bicicletta il pappagallo
7O,7OSU4,audio_7778,8,Tocca nel seguente ordine il monopattino la bambina la bicicletta il gelato
7O,7OSU4,audio_7779,8,Tocca nel seguente ordine il monopattino la bambina la bicicletta la scimmia
7O,7OSU4,audio_7780,8,Tocca nel seguente ordine il monopattino la bambina la bicicletta gli occhiali da sole
7O,7OSU4,audio_7781,8,Tocca nel seguente ordine il monopattino la bambina la bicicletta il leone
7O,7OSU4,audio_7782,8,Tocca nel seguente ordine il monopattino la bambina la bicicletta l'ombrello
7O,7OSU4,audio_7783,8,Tocca nel seguente ordine il monopattino la bambina l'ombrello il polipo
7O,7OSU4,audio_7784,8,Tocca nel seguente ordine il monopattino la bambina l'ombrello il pappagallo
7O,7OSU4,audio_7785,8,Tocca nel seguente ordine il monopattino la bambina l'ombrello il gelato
7O,7OSU4,audio_7786,8,Tocca nel seguente ordine il monopattino la bambina l'ombrello la scimmia
7O,7OSU4,audio_7787,8,Tocca nel seguente ordine il monopattino la bambina l'ombrello gli occhiali da sole
7O,7OSU4,audio_7788,8,Tocca nel seguente ordine il monopattino la bambina l'ombrello la bicicletta
7O,7OSU4,audio_7789,8,Tocca nel seguente ordine il monopattino la bambina l'ombrello il leone
7O,7OSU4,audio_7790,8,Tocca nel seguente ordine il monopattino l'ombrello il leone il polipo
7O,7OSU4,audio_7791,8,Tocca nel seguente ordine il monopattino l'ombrello il leone il pappagallo
7O,7OSU4,audio_7792,8,Tocca nel seguente ordine il monopattino l'ombrello il leone il gelato
7O,7OSU4,audio_7793,8,Tocca nel seguente ordine il monopattino l'ombrello il leone la bambina
7O,7OSU4,audio_7794,8,Tocca nel seguente ordine il monopattino l'ombrello il leone gli occhiali da sole
7O,7OSU4,audio_7795,8,Tocca nel seguente ordine il monopattino l'ombrello il leone la bicicletta
7O,7OSU4,audio_7796,8,Tocca nel seguente ordine il monopattino l'ombrello il leone la scimmia
7O,7OSU4,audio_7797,8,Tocca nel seguente ordine il monopattino l'ombrello la scimmia il polipo
7O,7OSU4,audio_7798,8,Tocca nel seguente ordine il monopattino l'ombrello la scimmia il pappagallo
7O,7OSU4,audio_7799,8,Tocca nel seguente ordine il monopattino l'ombrello la scimmia il gelato
7O,7OSU4,audio_7800,8,Tocca nel seguente ordine il monopattino l'ombrello la scimmia la bambina
7O,7OSU4,audio_7801,8,Tocca nel seguente ordine il monopattino l'ombrello la scimmia gli occhiali da sole
7O,7OSU4,audio_7802,8,Tocca nel seguente ordine il monopattino l'ombrello la scimmia la bicicletta
7O,7OSU4,audio_7803,8,Tocca nel seguente ordine il monopattino l'ombrello la scimmia il leone
7O,7OSU4,audio_7804,8,Tocca nel seguente ordine il monopattino l'ombrello il pappagallo il polipo
7O,7OSU4,audio_7805,8,Tocca nel seguente ordine il monopattino l'ombrello il pappagallo il leone
7O,7OSU4,audio_7806,8,Tocca nel seguente ordine il monopattino l'ombrello il pappagallo il gelato
7O,7OSU4,audio_7807,8,Tocca nel seguente ordine il monopattino l'ombrello il pappagallo la bambina
7O,7OSU4,audio_7808,8,Tocca nel seguente ordine il monopattino l'ombrello il pappagallo gli occhiali da sole
7O,7OSU4,audio_7809,8,Tocca nel seguente ordine il monopattino l'ombrello il pappagallo la bicicletta
7O,7OSU4,audio_7810,8,Tocca nel seguente ordine il monopattino l'ombrello il pappagallo la scimmia
7O,7OSU4,audio_7811,8,Tocca nel seguente ordine il monopattino l'ombrello il polipo il leone
7O,7OSU4,audio_7812,8,Tocca nel seguente ordine il monopattino l'ombrello il polipo il pappagallo
7O,7OSU4,audio_7813,8,Tocca nel seguente ordine il monopattino l'ombrello il polipo il gelato
7O,7OSU4,audio_7814,8,Tocca nel seguente ordine il monopattino l'ombrello il polipo la bambina
7O,7OSU4,audio_7815,8,Tocca nel seguente ordine il monopattino l'ombrello il polipo gli occhiali da sole
7O,7OSU4,audio_7816,8,Tocca nel seguente ordine il monopattino l'ombrello il polipo la bicicletta
7O,7OSU4,audio_7817,8,Tocca nel seguente ordine il monopattino l'ombrello il polipo la scimmia
7O,7OSU4,audio_7818,8,Tocca nel seguente ordine il monopattino l'ombrello il gelato il polipo
7O,7OSU4,audio_7819,8,Tocca nel seguente ordine il monopattino l'ombrello il gelato il pappagallo
7O,7OSU4,audio_7820,8,Tocca nel seguente ordine il monopattino l'ombrello il gelato il leone
7O,7OSU4,audio_7821,8,Tocca nel seguente ordine il monopattino l'ombrello il gelato la bambina
7O,7OSU4,audio_7822,8,Tocca nel seguente ordine il monopattino l'ombrello il gelato gli occhiali da sole
7O,7OSU4,audio_7823,8,Tocca nel seguente ordine il monopattino l'ombrello il gelato la bicicletta
7O,7OSU4,audio_7824,8,Tocca nel seguente ordine il monopattino l'ombrello il gelato la scimmia
7O,7OSU4,audio_7825,8,Tocca nel seguente ordine il monopattino l'ombrello gli occhiali da sole il polipo
7O,7OSU4,audio_7826,8,Tocca nel seguente ordine il monopattino l'ombrello gli occhiali da sole il pappagallo
7O,7OSU4,audio_7827,8,Tocca nel seguente ordine il monopattino l'ombrello gli occhiali da sole il gelato
7O,7OSU4,audio_7828,8,Tocca nel seguente ordine il monopattino l'ombrello gli occhiali da sole la bambina
7O,7OSU4,audio_7829,8,Tocca nel seguente ordine il monopattino l'ombrello gli occhiali da sole il leone
7O,7OSU4,audio_7830,8,Tocca nel seguente ordine il monopattino l'ombrello gli occhiali da sole la bicicletta
7O,7OSU4,audio_7831,8,Tocca nel seguente ordine il monopattino l'ombrello gli occhiali da sole la scimmia
7O,7OSU4,audio_7832,8,Tocca nel seguente ordine il monopattino l'ombrello la bicicletta il polipo
7O,7OSU4,audio_7833,8,Tocca nel seguente ordine il monopattino l'ombrello la bicicletta il pappagallo
7O,7OSU4,audio_7834,8,Tocca nel seguente ordine il monopattino l'ombrello la bicicletta il gelato
7O,7OSU4,audio_7835,8,Tocca nel seguente ordine il monopattino l'ombrello la bicicletta la bambina
7O,7OSU4,audio_7836,8,Tocca nel seguente ordine il monopattino l'ombrello la bicicletta gli occhiali da sole
7O,7OSU4,audio_7837,8,Tocca nel seguente ordine il monopattino l'ombrello la bicicletta il leone
7O,7OSU4,audio_7838,8,Tocca nel seguente ordine il monopattino l'ombrello la bicicletta la scimmia
7O,7OSU4,audio_7839,8,Tocca nel seguente ordine il monopattino l'ombrello la bambina il polipo
7O,7OSU4,audio_7840,8,Tocca nel seguente ordine il monopattino l'ombrello la bambina il pappagallo
7O,7OSU4,audio_7841,8,Tocca nel seguente ordine il monopattino l'ombrello la bambina il gelato
7O,7OSU4,audio_7842,8,Tocca nel seguente ordine il monopattino l'ombrello la bambina la scimmia
7O,7OSU4,audio_7843,8,Tocca nel seguente ordine il monopattino l'ombrello la bambina gli occhiali da sole
7O,7OSU4,audio_7844,8,Tocca nel seguente ordine il monopattino l'ombrello la bambina la bicicletta
7O,7OSU4,audio_7845,8,Tocca nel seguente ordine il monopattino l'ombrello la bambina il leone
7O,7OSU4,audio_7846,8,Tocca nel seguente ordine la bambina il leone la scimmia il polipo
7O,7OSU4,audio_7847,8,Tocca nel seguente ordine la bambina il leone la scimmia il pappagallo
7O,7OSU4,audio_7848,8,Tocca nel seguente ordine la bambina il leone la scimmia il gelato
7O,7OSU4,audio_7849,8,Tocca nel seguente ordine la bambina il leone la scimmia gli occhiali da sole
7O,7OSU4,audio_7850,8,Tocca nel seguente ordine la bambina il leone la scimmia il monopattino
7O,7OSU4,audio_7851,8,Tocca nel seguente ordine la bambina il leone la scimmia la bicicletta
7O,7OSU4,audio_7852,8,Tocca nel seguente ordine la bambina il leone la scimmia l'ombrello
7O,7OSU4,audio_7853,8,Tocca nel seguente ordine la bambina il leone il pappagallo il polipo
7O,7OSU4,audio_7854,8,Tocca nel seguente ordine la bambina il leone il pappagallo la scimmia
7O,7OSU4,audio_7855,8,Tocca nel seguente ordine la bambina il leone il pappagallo il gelato
7O,7OSU4,audio_7856,8,Tocca nel seguente ordine la bambina il leone il pappagallo gli occhiali da sole
7O,7OSU4,audio_7857,8,Tocca nel seguente ordine la bambina il leone il pappagallo il monopattino
7O,7OSU4,audio_7858,8,Tocca nel seguente ordine la bambina il leone il pappagallo la bicicletta
7O,7OSU4,audio_7859,8,Tocca nel seguente ordine la bambina il leone il pappagallo l'ombrello
7O,7OSU4,audio_7860,8,Tocca nel seguente ordine la bambina il leone il polipo la scimmia
7O,7OSU4,audio_7861,8,Tocca nel seguente ordine la bambina il leone il polipo il pappagallo
7O,7OSU4,audio_7862,8,Tocca nel seguente ordine la bambina il leone il polipo il gelato
7O,7OSU4,audio_7863,8,Tocca nel seguente ordine la bambina il leone il polipo gli occhiali da sole
7O,7OSU4,audio_7864,8,Tocca nel seguente ordine la bambina il leone il polipo il monopattino
7O,7OSU4,audio_7865,8,Tocca nel seguente ordine la bambina il leone il polipo la bicicletta
7O,7OSU4,audio_7866,8,Tocca nel seguente ordine la bambina il leone il polipo l'ombrello
7O,7OSU4,audio_7867,8,Tocca nel seguente ordine la bambina il leone il gelato il polipo
7O,7OSU4,audio_7868,8,Tocca nel seguente ordine la bambina il leone il gelato il pappagallo
7O,7OSU4,audio_7869,8,Tocca nel seguente ordine la bambina il leone il gelato la scimmia
7O,7OSU4,audio_7870,8,Tocca nel seguente ordine la bambina il leone il gelato gli occhiali da sole
7O,7OSU4,audio_7871,8,Tocca nel seguente ordine la bambina il leone il gelato il monopattino
7O,7OSU4,audio_7872,8,Tocca nel seguente ordine la bambina il leone il gelato la bicicletta
7O,7OSU4,audio_7873,8,Tocca nel seguente ordine la bambina il leone il gelato l'ombrello
7O,7OSU4,audio_7874,8,Tocca nel seguente ordine la bambina il leone gli occhiali da sole il polipo
7O,7OSU4,audio_7875,8,Tocca nel seguente ordine la bambina il leone gli occhiali da sole il pappagallo
7O,7OSU4,audio_7876,8,Tocca nel seguente ordine la bambina il leone gli occhiali da sole il gelato
7O,7OSU4,audio_7877,8,Tocca nel seguente ordine la bambina il leone gli occhiali da sole la scimmia
7O,7OSU4,audio_7878,8,Tocca nel seguente ordine la bambina il leone gli occhiali da sole il monopattino
7O,7OSU4,audio_7879,8,Tocca nel seguente ordine la bambina il leone gli occhiali da sole la bicicletta
7O,7OSU4,audio_7880,8,Tocca nel seguente ordine la bambina il leone gli occhiali da sole l'ombrello
7O,7OSU4,audio_7881,8,Tocca nel seguente ordine la bambina il leone la bicicletta il polipo
7O,7OSU4,audio_7882,8,Tocca nel seguente ordine la bambina il leone la bicicletta il pappagallo
7O,7OSU4,audio_7883,8,Tocca nel seguente ordine la bambina il leone la bicicletta il gelato
7O,7OSU4,audio_7884,8,Tocca nel seguente ordine la bambina il leone la bicicletta gli occhiali da sole
7O,7OSU4,audio_7885,8,Tocca nel seguente ordine la bambina il leone la bicicletta il monopattino
7O,7OSU4,audio_7886,8,Tocca nel seguente ordine la bambina il leone la bicicletta la scimmia
7O,7OSU4,audio_7887,8,Tocca nel seguente ordine la bambina il leone la bicicletta l'ombrello
7O,7OSU4,audio_7888,8,Tocca nel seguente ordine la bambina il leone il monopattino il polipo
7O,7OSU4,audio_7889,8,Tocca nel seguente ordine la bambina il leone il monopattino il pappagallo
7O,7OSU4,audio_7890,8,Tocca nel seguente ordine la bambina il leone il monopattino il gelato
7O,7OSU4,audio_7891,8,Tocca nel seguente ordine la bambina il leone il monopattino gli occhiali da sole
7O,7OSU4,audio_7892,8,Tocca nel seguente ordine la bambina il leone il monopattino la scimmia
7O,7OSU4,audio_7893,8,Tocca nel seguente ordine la bambina il leone il monopattino la bicicletta
7O,7OSU4,audio_7894,8,Tocca nel seguente ordine la bambina il leone il monopattino l'ombrello
7O,7OSU4,audio_7895,8,Tocca nel seguente ordine la bambina il leone l'ombrello il polipo
7O,7OSU4,audio_7896,8,Tocca nel seguente ordine la bambina il leone l'ombrello il pappagallo
7O,7OSU4,audio_7897,8,Tocca nel seguente ordine la bambina il leone l'ombrello il gelato
7O,7OSU4,audio_7898,8,Tocca nel seguente ordine la bambina il leone l'ombrello gli occhiali da sole
7O,7OSU4,audio_7899,8,Tocca nel seguente ordine la bambina il leone l'ombrello il monopattino
7O,7OSU4,audio_7900,8,Tocca nel seguente ordine la bambina il leone l'ombrello la bicicletta
7O,7OSU4,audio_7901,8,Tocca nel seguente ordine la bambina il leone l'ombrello la scimmia
7O,7OSU4,audio_7902,8,Tocca nel seguente ordine la bambina la scimmia il leone il polipo
7O,7OSU4,audio_7903,8,Tocca nel seguente ordine la bambina la scimmia il leone il pappagallo
7O,7OSU4,audio_7904,8,Tocca nel seguente ordine la bambina la scimmia il leone il gelato
7O,7OSU4,audio_7905,8,Tocca nel seguente ordine la bambina la scimmia il leone gli occhiali da sole
7O,7OSU4,audio_7906,8,Tocca nel seguente ordine la bambina la scimmia il leone il monopattino
7O,7OSU4,audio_7907,8,Tocca nel seguente ordine la bambina la scimmia il leone la bicicletta
7O,7OSU4,audio_7908,8,Tocca nel seguente ordine la bambina la scimmia il leone l'ombrello
7O,7OSU4,audio_7909,8,Tocca nel seguente ordine la bambina la scimmia il pappagallo il polipo
7O,7OSU4,audio_7910,8,Tocca nel seguente ordine la bambina la scimmia il pappagallo il leone
7O,7OSU4,audio_7911,8,Tocca nel seguente ordine la bambina la scimmia il pappagallo il gelato
7O,7OSU4,audio_7912,8,Tocca nel seguente ordine la bambina la scimmia il pappagallo gli occhiali da sole
7O,7OSU4,audio_7913,8,Tocca nel seguente ordine la bambina la scimmia il pappagallo il monopattino
7O,7OSU4,audio_7914,8,Tocca nel seguente ordine la bambina la scimmia il pappagallo la bicicletta
7O,7OSU4,audio_7915,8,Tocca nel seguente ordine la bambina la scimmia il pappagallo l'ombrello
7O,7OSU4,audio_7916,8,Tocca nel seguente ordine la bambina la scimmia il polipo il leone
7O,7OSU4,audio_7917,8,Tocca nel seguente ordine la bambina la scimmia il polipo il pappagallo
7O,7OSU4,audio_7918,8,Tocca nel seguente ordine la bambina la scimmia il polipo il gelato
7O,7OSU4,audio_7919,8,Tocca nel seguente ordine la bambina la scimmia il polipo gli occhiali da sole
7O,7OSU4,audio_7920,8,Tocca nel seguente ordine la bambina la scimmia il polipo il monopattino
7O,7OSU4,audio_7921,8,Tocca nel seguente ordine la bambina la scimmia il polipo la bicicletta
7O,7OSU4,audio_7922,8,Tocca nel seguente ordine la bambina la scimmia il polipo l'ombrello
7O,7OSU4,audio_7923,8,Tocca nel seguente ordine la bambina la scimmia il gelato il polipo
7O,7OSU4,audio_7924,8,Tocca nel seguente ordine la bambina la scimmia il gelato il pappagallo
7O,7OSU4,audio_7925,8,Tocca nel seguente ordine la bambina la scimmia il gelato il leone
7O,7OSU4,audio_7926,8,Tocca nel seguente ordine la bambina la scimmia il gelato gli occhiali da sole
7O,7OSU4,audio_7927,8,Tocca nel seguente ordine la bambina la scimmia il gelato il monopattino
7O,7OSU4,audio_7928,8,Tocca nel seguente ordine la bambina la scimmia il gelato la bicicletta
7O,7OSU4,audio_7929,8,Tocca nel seguente ordine la bambina la scimmia il gelato l'ombrello
7O,7OSU4,audio_7930,8,Tocca nel seguente ordine la bambina la scimmia gli occhiali da sole il polipo
7O,7OSU4,audio_7931,8,Tocca nel seguente ordine la bambina la scimmia gli occhiali da sole il pappagallo
7O,7OSU4,audio_7932,8,Tocca nel seguente ordine la bambina la scimmia gli occhiali da sole il gelato
7O,7OSU4,audio_7933,8,Tocca nel seguente ordine la bambina la scimmia gli occhiali da sole il leone
7O,7OSU4,audio_7934,8,Tocca nel seguente ordine la bambina la scimmia gli occhiali da sole il monopattino
7O,7OSU4,audio_7935,8,Tocca nel seguente ordine la bambina la scimmia gli occhiali da sole la bicicletta
7O,7OSU4,audio_7936,8,Tocca nel seguente ordine la bambina la scimmia gli occhiali da sole l'ombrello
7O,7OSU4,audio_7937,8,Tocca nel seguente ordine la bambina la scimmia la bicicletta il polipo
7O,7OSU4,audio_7938,8,Tocca nel seguente ordine la bambina la scimmia la bicicletta il pappagallo
7O,7OSU4,audio_7939,8,Tocca nel seguente ordine la bambina la scimmia la bicicletta il gelato
7O,7OSU4,audio_7940,8,Tocca nel seguente ordine la bambina la scimmia la bicicletta gli occhiali da sole
7O,7OSU4,audio_7941,8,Tocca nel seguente ordine la bambina la scimmia la bicicletta il monopattino
7O,7OSU4,audio_7942,8,Tocca nel seguente ordine la bambina la scimmia la bicicletta il leone
7O,7OSU4,audio_7943,8,Tocca nel seguente ordine la bambina la scimmia la bicicletta l'ombrello
7O,7OSU4,audio_7944,8,Tocca nel seguente ordine la bambina la scimmia il monopattino il polipo
7O,7OSU4,audio_7945,8,Tocca nel seguente ordine la bambina la scimmia il monopattino il pappagallo
7O,7OSU4,audio_7946,8,Tocca nel seguente ordine la bambina la scimmia il monopattino il gelato
7O,7OSU4,audio_7947,8,Tocca nel seguente ordine la bambina la scimmia il monopattino gli occhiali da sole
7O,7OSU4,audio_7948,8,Tocca nel seguente ordine la bambina la scimmia il monopattino il leone
7O,7OSU4,audio_7949,8,Tocca nel seguente ordine la bambina la scimmia il monopattino la bicicletta
7O,7OSU4,audio_7950,8,Tocca nel seguente ordine la bambina la scimmia il monopattino l'ombrello
7O,7OSU4,audio_7951,8,Tocca nel seguente ordine la bambina la scimmia l'ombrello il polipo
7O,7OSU4,audio_7952,8,Tocca nel seguente ordine la bambina la scimmia l'ombrello il pappagallo
7O,7OSU4,audio_7953,8,Tocca nel seguente ordine la bambina la scimmia l'ombrello il gelato
7O,7OSU4,audio_7954,8,Tocca nel seguente ordine la bambina la scimmia l'ombrello gli occhiali da sole
7O,7OSU4,audio_7955,8,Tocca nel seguente ordine la bambina la scimmia l'ombrello il monopattino
7O,7OSU4,audio_7956,8,Tocca nel seguente ordine la bambina la scimmia l'ombrello la bicicletta
7O,7OSU4,audio_7957,8,Tocca nel seguente ordine la bambina la scimmia l'ombrello il leone
7O,7OSU4,audio_7958,8,Tocca nel seguente ordine la bambina il pappagallo il leone il polipo
7O,7OSU4,audio_7959,8,Tocca nel seguente ordine la bambina il pappagallo il leone la scimmia
7O,7OSU4,audio_7960,8,Tocca nel seguente ordine la bambina il pappagallo il leone il gelato
7O,7OSU4,audio_7961,8,Tocca nel seguente ordine la bambina il pappagallo il leone gli occhiali da sole
7O,7OSU4,audio_7962,8,Tocca nel seguente ordine la bambina il pappagallo il leone il monopattino
7O,7OSU4,audio_7963,8,Tocca nel seguente ordine la bambina il pappagallo il leone la bicicletta
7O,7OSU4,audio_7964,8,Tocca nel seguente ordine la bambina il pappagallo il leone l'ombrello
7O,7OSU4,audio_7965,8,Tocca nel seguente ordine la bambina il pappagallo la scimmia il polipo
7O,7OSU4,audio_7966,8,Tocca nel seguente ordine la bambina il pappagallo la scimmia il leone
7O,7OSU4,audio_7967,8,Tocca nel seguente ordine la bambina il pappagallo la scimmia il gelato
7O,7OSU4,audio_7968,8,Tocca nel seguente ordine la bambina il pappagallo la scimmia gli occhiali da sole
7O,7OSU4,audio_7969,8,Tocca nel seguente ordine la bambina il pappagallo la scimmia il monopattino
7O,7OSU4,audio_7970,8,Tocca nel seguente ordine la bambina il pappagallo la scimmia la bicicletta
7O,7OSU4,audio_7971,8,Tocca nel seguente ordine la bambina il pappagallo la scimmia l'ombrello
7O,7OSU4,audio_7972,8,Tocca nel seguente ordine la bambina il pappagallo il polipo il leone
7O,7OSU4,audio_7973,8,Tocca nel seguente ordine la bambina il pappagallo il polipo la scimmia
7O,7OSU4,audio_7974,8,Tocca nel seguente ordine la bambina il pappagallo il polipo il gelato
7O,7OSU4,audio_7975,8,Tocca nel seguente ordine la bambina il pappagallo il polipo gli occhiali da sole
7O,7OSU4,audio_7976,8,Tocca nel seguente ordine la bambina il pappagallo il polipo il monopattino
7O,7OSU4,audio_7977,8,Tocca nel seguente ordine la bambina il pappagallo il polipo la bicicletta
7O,7OSU4,audio_7978,8,Tocca nel seguente ordine la bambina il pappagallo il polipo l'ombrello
7O,7OSU4,audio_7979,8,Tocca nel seguente ordine la bambina il pappagallo il gelato il polipo
7O,7OSU4,audio_7980,8,Tocca nel seguente ordine la bambina il pappagallo il gelato la scimmia
7O,7OSU4,audio_7981,8,Tocca nel seguente ordine la bambina il pappagallo il gelato il leone
7O,7OSU4,audio_7982,8,Tocca nel seguente ordine la bambina il pappagallo il gelato gli occhiali da sole
7O,7OSU4,audio_7983,8,Tocca nel seguente ordine la bambina il pappagallo il gelato il monopattino
7O,7OSU4,audio_7984,8,Tocca nel seguente ordine la bambina il pappagallo il gelato la bicicletta
7O,7OSU4,audio_7985,8,Tocca nel seguente ordine la bambina il pappagallo il gelato l'ombrello
7O,7OSU4,audio_7986,8,Tocca nel seguente ordine la bambina il pappagallo gli occhiali da sole il polipo
7O,7OSU4,audio_7987,8,Tocca nel seguente ordine la bambina il pappagallo gli occhiali da sole il leone
7O,7OSU4,audio_7988,8,Tocca nel seguente ordine la bambina il pappagallo gli occhiali da sole il gelato
7O,7OSU4,audio_7989,8,Tocca nel seguente ordine la bambina il pappagallo gli occhiali da sole la scimmia
7O,7OSU4,audio_7990,8,Tocca nel seguente ordine la bambina il pappagallo gli occhiali da sole il monopattino
7O,7OSU4,audio_7991,8,Tocca nel seguente ordine la bambina il pappagallo gli occhiali da sole la bicicletta
7O,7OSU4,audio_7992,8,Tocca nel seguente ordine la bambina il pappagallo gli occhiali da sole l'ombrello
7O,7OSU4,audio_7993,8,Tocca nel seguente ordine la bambina il pappagallo la bicicletta il polipo
7O,7OSU4,audio_7994,8,Tocca nel seguente ordine la bambina il pappagallo la bicicletta il leone
7O,7OSU4,audio_7995,8,Tocca nel seguente ordine la bambina il pappagallo la bicicletta il gelato
7O,7OSU4,audio_7996,8,Tocca nel seguente ordine la bambina il pappagallo la bicicletta gli occhiali da sole
7O,7OSU4,audio_7997,8,Tocca nel seguente ordine la bambina il pappagallo la bicicletta il monopattino
7O,7OSU4,audio_7998,8,Tocca nel seguente ordine la bambina il pappagallo la bicicletta la scimmia
7O,7OSU4,audio_7999,8,Tocca nel seguente ordine la bambina il pappagallo la bicicletta l'ombrello
7O,7OSU4,audio_8000,8,Tocca nel seguente ordine la bambina il pappagallo il monopattino il polipo
7O,7OSU4,audio_8001,8,Tocca nel seguente ordine la bambina il pappagallo il monopattino la scimmia
7O,7OSU4,audio_8002,8,Tocca nel seguente ordine la bambina il pappagallo il monopattino il gelato
7O,7OSU4,audio_8003,8,Tocca nel seguente ordine la bambina il pappagallo il monopattino gli occhiali da sole
7O,7OSU4,audio_8004,8,Tocca nel seguente ordine la bambina il pappagallo il monopattino il leone
7O,7OSU4,audio_8005,8,Tocca nel seguente ordine la bambina il pappagallo il monopattino la bicicletta
7O,7OSU4,audio_8006,8,Tocca nel seguente ordine la bambina il pappagallo il monopattino l'ombrello
7O,7OSU4,audio_8007,8,Tocca nel seguente ordine la bambina il pappagallo l'ombrello il polipo
7O,7OSU4,audio_8008,8,Tocca nel seguente ordine la bambina il pappagallo l'ombrello il leone
7O,7OSU4,audio_8009,8,Tocca nel seguente ordine la bambina il pappagallo l'ombrello il gelato
7O,7OSU4,audio_8010,8,Tocca nel seguente ordine la bambina il pappagallo l'ombrello gli occhiali da sole
7O,7OSU4,audio_8011,8,Tocca nel seguente ordine la bambina il pappagallo l'ombrello il monopattino
7O,7OSU4,audio_8012,8,Tocca nel seguente ordine la bambina il pappagallo l'ombrello la bicicletta
7O,7OSU4,audio_8013,8,Tocca nel seguente ordine la bambina il pappagallo l'ombrello la scimmia
7O,7OSU4,audio_8014,8,Tocca nel seguente ordine la bambina il polipo il leone la scimmia
7O,7OSU4,audio_8015,8,Tocca nel seguente ordine la bambina il polipo il leone il pappagallo
7O,7OSU4,audio_8016,8,Tocca nel seguente ordine la bambina il polipo il leone il gelato
7O,7OSU4,audio_8017,8,Tocca nel seguente ordine la bambina il polipo il leone gli occhiali da sole
7O,7OSU4,audio_8018,8,Tocca nel seguente ordine la bambina il polipo il leone il monopattino
7O,7OSU4,audio_8019,8,Tocca nel seguente ordine la bambina il polipo il leone la bicicletta
7O,7OSU4,audio_8020,8,Tocca nel seguente ordine la bambina il polipo il leone l'ombrello
7O,7OSU4,audio_8021,8,Tocca nel seguente ordine la bambina il polipo la scimmia il leone
7O,7OSU4,audio_8022,8,Tocca nel seguente ordine la bambina il polipo la scimmia il pappagallo
7O,7OSU4,audio_8023,8,Tocca nel seguente ordine la bambina il polipo la scimmia il gelato
7O,7OSU4,audio_8024,8,Tocca nel seguente ordine la bambina il polipo la scimmia gli occhiali da sole
7O,7OSU4,audio_8025,8,Tocca nel seguente ordine la bambina il polipo la scimmia il monopattino
7O,7OSU4,audio_8026,8,Tocca nel seguente ordine la bambina il polipo la scimmia la bicicletta
7O,7OSU4,audio_8027,8,Tocca nel seguente ordine la bambina il polipo la scimmia l'ombrello
7O,7OSU4,audio_8028,8,Tocca nel seguente ordine la bambina il polipo il pappagallo il leone
7O,7OSU4,audio_8029,8,Tocca nel seguente ordine la bambina il polipo il pappagallo la scimmia
7O,7OSU4,audio_8030,8,Tocca nel seguente ordine la bambina il polipo il pappagallo il gelato
7O,7OSU4,audio_8031,8,Tocca nel seguente ordine la bambina il polipo il pappagallo gli occhiali da sole
7O,7OSU4,audio_8032,8,Tocca nel seguente ordine la bambina il polipo il pappagallo il monopattino
7O,7OSU4,audio_8033,8,Tocca nel seguente ordine la bambina il polipo il pappagallo la bicicletta
7O,7OSU4,audio_8034,8,Tocca nel seguente ordine la bambina il polipo il pappagallo l'ombrello
7O,7OSU4,audio_8035,8,Tocca nel seguente ordine la bambina il polipo il gelato il leone
7O,7OSU4,audio_8036,8,Tocca nel seguente ordine la bambina il polipo il gelato il pappagallo
7O,7OSU4,audio_8037,8,Tocca nel seguente ordine la bambina il polipo il gelato la scimmia
7O,7OSU4,audio_8038,8,Tocca nel seguente ordine la bambina il polipo il gelato gli occhiali da sole
7O,7OSU4,audio_8039,8,Tocca nel seguente ordine la bambina il polipo il gelato il monopattino
7O,7OSU4,audio_8040,8,Tocca nel seguente ordine la bambina il polipo il gelato la bicicletta
7O,7OSU4,audio_8041,8,Tocca nel seguente ordine la bambina il polipo il gelato l'ombrello
7O,7OSU4,audio_8042,8,Tocca nel seguente ordine la bambina il polipo gli occhiali da sole il leone
7O,7OSU4,audio_8043,8,Tocca nel seguente ordine la bambina il polipo gli occhiali da sole il pappagallo
7O,7OSU4,audio_8044,8,Tocca nel seguente ordine la bambina il polipo gli occhiali da sole il gelato
7O,7OSU4,audio_8045,8,Tocca nel seguente ordine la bambina il polipo gli occhiali da sole la scimmia
7O,7OSU4,audio_8046,8,Tocca nel seguente ordine la bambina il polipo gli occhiali da sole il monopattino
7O,7OSU4,audio_8047,8,Tocca nel seguente ordine la bambina il polipo gli occhiali da sole la bicicletta
7O,7OSU4,audio_8048,8,Tocca nel seguente ordine la bambina il polipo gli occhiali da sole l'ombrello
7O,7OSU4,audio_8049,8,Tocca nel seguente ordine la bambina il polipo la bicicletta il leone
7O,7OSU4,audio_8050,8,Tocca nel seguente ordine la bambina il polipo la bicicletta il pappagallo
7O,7OSU4,audio_8051,8,Tocca nel seguente ordine la bambina il polipo la bicicletta il gelato
7O,7OSU4,audio_8052,8,Tocca nel seguente ordine la bambina il polipo la bicicletta gli occhiali da sole
7O,7OSU4,audio_8053,8,Tocca nel seguente ordine la bambina il polipo la bicicletta il monopattino
7O,7OSU4,audio_8054,8,Tocca nel seguente ordine la bambina il polipo la bicicletta la scimmia
7O,7OSU4,audio_8055,8,Tocca nel seguente ordine la bambina il polipo la bicicletta l'ombrello
7O,7OSU4,audio_8056,8,Tocca nel seguente ordine la bambina il polipo il monopattino il leone
7O,7OSU4,audio_8057,8,Tocca nel seguente ordine la bambina il polipo il monopattino il pappagallo
7O,7OSU4,audio_8058,8,Tocca nel seguente ordine la bambina il polipo il monopattino il gelato
7O,7OSU4,audio_8059,8,Tocca nel seguente ordine la bambina il polipo il monopattino gli occhiali da sole
7O,7OSU4,audio_8060,8,Tocca nel seguente ordine la bambina il polipo il monopattino la scimmia
7O,7OSU4,audio_8061,8,Tocca nel seguente ordine la bambina il polipo il monopattino la bicicletta
7O,7OSU4,audio_8062,8,Tocca nel seguente ordine la bambina il polipo il monopattino l'ombrello
7O,7OSU4,audio_8063,8,Tocca nel seguente ordine la bambina il polipo l'ombrello il leone
7O,7OSU4,audio_8064,8,Tocca nel seguente ordine la bambina il polipo l'ombrello il pappagallo
7O,7OSU4,audio_8065,8,Tocca nel seguente ordine la bambina il polipo l'ombrello il gelato
7O,7OSU4,audio_8066,8,Tocca nel seguente ordine la bambina il polipo l'ombrello gli occhiali da sole
7O,7OSU4,audio_8067,8,Tocca nel seguente ordine la bambina il polipo l'ombrello il monopattino
7O,7OSU4,audio_8068,8,Tocca nel seguente ordine la bambina il polipo l'ombrello la bicicletta
7O,7OSU4,audio_8069,8,Tocca nel seguente ordine la bambina il polipo l'ombrello la scimmia
7O,7OSU4,audio_8070,8,Tocca nel seguente ordine la bambina il gelato il leone il polipo
7O,7OSU4,audio_8071,8,Tocca nel seguente ordine la bambina il gelato il leone il pappagallo
7O,7OSU4,audio_8072,8,Tocca nel seguente ordine la bambina il gelato il leone la scimmia
7O,7OSU4,audio_8073,8,Tocca nel seguente ordine la bambina il gelato il leone gli occhiali da sole
7O,7OSU4,audio_8074,8,Tocca nel seguente ordine la bambina il gelato il leone il monopattino
7O,7OSU4,audio_8075,8,Tocca nel seguente ordine la bambina il gelato il leone la bicicletta
7O,7OSU4,audio_8076,8,Tocca nel seguente ordine la bambina il gelato il leone l'ombrello
7O,7OSU4,audio_8077,8,Tocca nel seguente ordine la bambina il gelato la scimmia il polipo
7O,7OSU4,audio_8078,8,Tocca nel seguente ordine la bambina il gelato la scimmia il pappagallo
7O,7OSU4,audio_8079,8,Tocca nel seguente ordine la bambina il gelato la scimmia il leone
7O,7OSU4,audio_8080,8,Tocca nel seguente ordine la bambina il gelato la scimmia gli occhiali da sole
7O,7OSU4,audio_8081,8,Tocca nel seguente ordine la bambina il gelato la scimmia il monopattino
7O,7OSU4,audio_8082,8,Tocca nel seguente ordine la bambina il gelato la scimmia la bicicletta
7O,7OSU4,audio_8083,8,Tocca nel seguente ordine la bambina il gelato la scimmia l'ombrello
7O,7OSU4,audio_8084,8,Tocca nel seguente ordine la bambina il gelato il pappagallo il polipo
7O,7OSU4,audio_8085,8,Tocca nel seguente ordine la bambina il gelato il pappagallo il leone
7O,7OSU4,audio_8086,8,Tocca nel seguente ordine la bambina il gelato il pappagallo la scimmia
7O,7OSU4,audio_8087,8,Tocca nel seguente ordine la bambina il gelato il pappagallo gli occhiali da sole
7O,7OSU4,audio_8088,8,Tocca nel seguente ordine la bambina il gelato il pappagallo il monopattino
7O,7OSU4,audio_8089,8,Tocca nel seguente ordine la bambina il gelato il pappagallo la bicicletta
7O,7OSU4,audio_8090,8,Tocca nel seguente ordine la bambina il gelato il pappagallo l'ombrello
7O,7OSU4,audio_8091,8,Tocca nel seguente ordine la bambina il gelato il polipo il leone
7O,7OSU4,audio_8092,8,Tocca nel seguente ordine la bambina il gelato il polipo il pappagallo
7O,7OSU4,audio_8093,8,Tocca nel seguente ordine la bambina il gelato il polipo la scimmia
7O,7OSU4,audio_8094,8,Tocca nel seguente ordine la bambina il gelato il polipo gli occhiali da sole
7O,7OSU4,audio_8095,8,Tocca nel seguente ordine la bambina il gelato il polipo il monopattino
7O,7OSU4,audio_8096,8,Tocca nel seguente ordine la bambina il gelato il polipo la bicicletta
7O,7OSU4,audio_8097,8,Tocca nel seguente ordine la bambina il gelato il polipo l'ombrello
7O,7OSU4,audio_8098,8,Tocca nel seguente ordine la bambina il gelato gli occhiali da sole il polipo
7O,7OSU4,audio_8099,8,Tocca nel seguente ordine la bambina il gelato gli occhiali da sole il pappagallo
7O,7OSU4,audio_8100,8,Tocca nel seguente ordine la bambina il gelato gli occhiali da sole la scimmia
7O,7OSU4,audio_8101,8,Tocca nel seguente ordine la bambina il gelato gli occhiali da sole il leone
7O,7OSU4,audio_8102,8,Tocca nel seguente ordine la bambina il gelato gli occhiali da sole il monopattino
7O,7OSU4,audio_8103,8,Tocca nel seguente ordine la bambina il gelato gli occhiali da sole la bicicletta
7O,7OSU4,audio_8104,8,Tocca nel seguente ordine la bambina il gelato gli occhiali da sole l'ombrello
7O,7OSU4,audio_8105,8,Tocca nel seguente ordine la bambina il gelato la bicicletta il polipo
7O,7OSU4,audio_8106,8,Tocca nel seguente ordine la bambina il gelato la bicicletta il pappagallo
7O,7OSU4,audio_8107,8,Tocca nel seguente ordine la bambina il gelato la bicicletta il leone
7O,7OSU4,audio_8108,8,Tocca nel seguente ordine la bambina il gelato la bicicletta gli occhiali da sole
7O,7OSU4,audio_8109,8,Tocca nel seguente ordine la bambina il gelato la bicicletta il monopattino
7O,7OSU4,audio_8110,8,Tocca nel seguente ordine la bambina il gelato la bicicletta la scimmia
7O,7OSU4,audio_8111,8,Tocca nel seguente ordine la bambina il gelato la bicicletta l'ombrello
7O,7OSU4,audio_8112,8,Tocca nel seguente ordine la bambina il gelato il monopattino il polipo
7O,7OSU4,audio_8113,8,Tocca nel seguente ordine la bambina il gelato il monopattino il pappagallo
7O,7OSU4,audio_8114,8,Tocca nel seguente ordine la bambina il gelato il monopattino la scimmia
7O,7OSU4,audio_8115,8,Tocca nel seguente ordine la bambina il gelato il monopattino gli occhiali da sole
7O,7OSU4,audio_8116,8,Tocca nel seguente ordine la bambina il gelato il monopattino il leone
7O,7OSU4,audio_8117,8,Tocca nel seguente ordine la bambina il gelato il monopattino la bicicletta
7O,7OSU4,audio_8118,8,Tocca nel seguente ordine la bambina il gelato il monopattino l'ombrello
7O,7OSU4,audio_8119,8,Tocca nel seguente ordine la bambina il gelato l'ombrello il polipo
7O,7OSU4,audio_8120,8,Tocca nel seguente ordine la bambina il gelato l'ombrello il pappagallo
7O,7OSU4,audio_8121,8,Tocca nel seguente ordine la bambina il gelato l'ombrello la scimmia
7O,7OSU4,audio_8122,8,Tocca nel seguente ordine la bambina il gelato l'ombrello gli occhiali da sole
7O,7OSU4,audio_8123,8,Tocca nel seguente ordine la bambina il gelato l'ombrello il monopattino
7O,7OSU4,audio_8124,8,Tocca nel seguente ordine la bambina il gelato l'ombrello la bicicletta
7O,7OSU4,audio_8125,8,Tocca nel seguente ordine la bambina il gelato l'ombrello il leone
7O,7OSU4,audio_8126,8,Tocca nel seguente ordine la bambina gli occhiali da sole il leone il polipo
7O,7OSU4,audio_8127,8,Tocca nel seguente ordine la bambina gli occhiali da sole il leone il pappagallo
7O,7OSU4,audio_8128,8,Tocca nel seguente ordine la bambina gli occhiali da sole il leone il gelato
7O,7OSU4,audio_8129,8,Tocca nel seguente ordine la bambina gli occhiali da sole il leone la scimmia
7O,7OSU4,audio_8130,8,Tocca nel seguente ordine la bambina gli occhiali da sole il leone il monopattino
7O,7OSU4,audio_8131,8,Tocca nel seguente ordine la bambina gli occhiali da sole il leone la bicicletta
7O,7OSU4,audio_8132,8,Tocca nel seguente ordine la bambina gli occhiali da sole il leone l'ombrello
7O,7OSU4,audio_8133,8,Tocca nel seguente ordine la bambina gli occhiali da sole la scimmia il polipo
7O,7OSU4,audio_8134,8,Tocca nel seguente ordine la bambina gli occhiali da sole la scimmia il pappagallo
7O,7OSU4,audio_8135,8,Tocca nel seguente ordine la bambina gli occhiali da sole la scimmia il gelato
7O,7OSU4,audio_8136,8,Tocca nel seguente ordine la bambina gli occhiali da sole la scimmia il leone
7O,7OSU4,audio_8137,8,Tocca nel seguente ordine la bambina gli occhiali da sole la scimmia il monopattino
7O,7OSU4,audio_8138,8,Tocca nel seguente ordine la bambina gli occhiali da sole la scimmia la bicicletta
7O,7OSU4,audio_8139,8,Tocca nel seguente ordine la bambina gli occhiali da sole la scimmia l'ombrello
7O,7OSU4,audio_8140,8,Tocca nel seguente ordine la bambina gli occhiali da sole il pappagallo il polipo
7O,7OSU4,audio_8141,8,Tocca nel seguente ordine la bambina gli occhiali da sole il pappagallo il leone
7O,7OSU4,audio_8142,8,Tocca nel seguente ordine la bambina gli occhiali da sole il pappagallo il gelato
7O,7OSU4,audio_8143,8,Tocca nel seguente ordine la bambina gli occhiali da sole il pappagallo la scimmia
7O,7OSU4,audio_8144,8,Tocca nel seguente ordine la bambina gli occhiali da sole il pappagallo il monopattino
7O,7OSU4,audio_8145,8,Tocca nel seguente ordine la bambina gli occhiali da sole il pappagallo la bicicletta
7O,7OSU4,audio_8146,8,Tocca nel seguente ordine la bambina gli occhiali da sole il pappagallo l'ombrello
7O,7OSU4,audio_8147,8,Tocca nel seguente ordine la bambina gli occhiali da sole il polipo il leone
7O,7OSU4,audio_8148,8,Tocca nel seguente ordine la bambina gli occhiali da sole il polipo il pappagallo
7O,7OSU4,audio_8149,8,Tocca nel seguente ordine la bambina gli occhiali da sole il polipo il gelato
7O,7OSU4,audio_8150,8,Tocca nel seguente ordine la bambina gli occhiali da sole il polipo la scimmia
7O,7OSU4,audio_8151,8,Tocca nel seguente ordine la bambina gli occhiali da sole il polipo il monopattino
7O,7OSU4,audio_8152,8,Tocca nel seguente ordine la bambina gli occhiali da sole il polipo la bicicletta
7O,7OSU4,audio_8153,8,Tocca nel seguente ordine la bambina gli occhiali da sole il polipo l'ombrello
7O,7OSU4,audio_8154,8,Tocca nel seguente ordine la bambina gli occhiali da sole il gelato il polipo
7O,7OSU4,audio_8155,8,Tocca nel seguente ordine la bambina gli occhiali da sole il gelato il pappagallo
7O,7OSU4,audio_8156,8,Tocca nel seguente ordine la bambina gli occhiali da sole il gelato il leone
7O,7OSU4,audio_8157,8,Tocca nel seguente ordine la bambina gli occhiali da sole il gelato la scimmia
7O,7OSU4,audio_8158,8,Tocca nel seguente ordine la bambina gli occhiali da sole il gelato il monopattino
7O,7OSU4,audio_8159,8,Tocca nel seguente ordine la bambina gli occhiali da sole il gelato la bicicletta
7O,7OSU4,audio_8160,8,Tocca nel seguente ordine la bambina gli occhiali da sole il gelato l'ombrello
7O,7OSU4,audio_8161,8,Tocca nel seguente ordine la bambina gli occhiali da sole la bicicletta il polipo
7O,7OSU4,audio_8162,8,Tocca nel seguente ordine la bambina gli occhiali da sole la bicicletta il pappagallo
7O,7OSU4,audio_8163,8,Tocca nel seguente ordine la bambina gli occhiali da sole la bicicletta il gelato
7O,7OSU4,audio_8164,8,Tocca nel seguente ordine la bambina gli occhiali da sole la bicicletta la scimmia
7O,7OSU4,audio_8165,8,Tocca nel seguente ordine la bambina gli occhiali da sole la bicicletta il monopattino
7O,7OSU4,audio_8166,8,Tocca nel seguente ordine la bambina gli occhiali da sole la bicicletta il leone
7O,7OSU4,audio_8167,8,Tocca nel seguente ordine la bambina gli occhiali da sole la bicicletta l'ombrello
7O,7OSU4,audio_8168,8,Tocca nel seguente ordine la bambina gli occhiali da sole il monopattino il polipo
7O,7OSU4,audio_8169,8,Tocca nel seguente ordine la bambina gli occhiali da sole il monopattino il pappagallo
7O,7OSU4,audio_8170,8,Tocca nel seguente ordine la bambina gli occhiali da sole il monopattino il gelato
7O,7OSU4,audio_8171,8,Tocca nel seguente ordine la bambina gli occhiali da sole il monopattino la scimmia
7O,7OSU4,audio_8172,8,Tocca nel seguente ordine la bambina gli occhiali da sole il monopattino il leone
7O,7OSU4,audio_8173,8,Tocca nel seguente ordine la bambina gli occhiali da sole il monopattino la bicicletta
7O,7OSU4,audio_8174,8,Tocca nel seguente ordine la bambina gli occhiali da sole il monopattino l'ombrello
7O,7OSU4,audio_8175,8,Tocca nel seguente ordine la bambina gli occhiali da sole l'ombrello il polipo
7O,7OSU4,audio_8176,8,Tocca nel seguente ordine la bambina gli occhiali da sole l'ombrello il pappagallo
7O,7OSU4,audio_8177,8,Tocca nel seguente ordine la bambina gli occhiali da sole l'ombrello il gelato
7O,7OSU4,audio_8178,8,Tocca nel seguente ordine la bambina gli occhiali da sole l'ombrello la scimmia
7O,7OSU4,audio_8179,8,Tocca nel seguente ordine la bambina gli occhiali da sole l'ombrello il monopattino
7O,7OSU4,audio_8180,8,Tocca nel seguente ordine la bambina gli occhiali da sole l'ombrello la bicicletta
7O,7OSU4,audio_8181,8,Tocca nel seguente ordine la bambina gli occhiali da sole l'ombrello il leone
7O,7OSU4,audio_8182,8,Tocca nel seguente ordine la bambina la bicicletta il leone il polipo
7O,7OSU4,audio_8183,8,Tocca nel seguente ordine la bambina la bicicletta il leone il pappagallo
7O,7OSU4,audio_8184,8,Tocca nel seguente ordine la bambina la bicicletta il leone il gelato
7O,7OSU4,audio_8185,8,Tocca nel seguente ordine la bambina la bicicletta il leone gli occhiali da sole
7O,7OSU4,audio_8186,8,Tocca nel seguente ordine la bambina la bicicletta il leone il monopattino
7O,7OSU4,audio_8187,8,Tocca nel seguente ordine la bambina la bicicletta il leone la scimmia
7O,7OSU4,audio_8188,8,Tocca nel seguente ordine la bambina la bicicletta il leone l'ombrello
7O,7OSU4,audio_8189,8,Tocca nel seguente ordine la bambina la bicicletta la scimmia il polipo
7O,7OSU4,audio_8190,8,Tocca nel seguente ordine la bambina la bicicletta la scimmia il pappagallo
7O,7OSU4,audio_8191,8,Tocca nel seguente ordine la bambina la bicicletta la scimmia il gelato
7O,7OSU4,audio_8192,8,Tocca nel seguente ordine la bambina la bicicletta la scimmia gli occhiali da sole
7O,7OSU4,audio_8193,8,Tocca nel seguente ordine la bambina la bicicletta la scimmia il monopattino
7O,7OSU4,audio_8194,8,Tocca nel seguente ordine la bambina la bicicletta la scimmia il leone
7O,7OSU4,audio_8195,8,Tocca nel seguente ordine la bambina la bicicletta la scimmia l'ombrello
7O,7OSU4,audio_8196,8,Tocca nel seguente ordine la bambina la bicicletta il pappagallo il polipo
7O,7OSU4,audio_8197,8,Tocca nel seguente ordine la bambina la bicicletta il pappagallo il leone
7O,7OSU4,audio_8198,8,Tocca nel seguente ordine la bambina la bicicletta il pappagallo il gelato
7O,7OSU4,audio_8199,8,Tocca nel seguente ordine la bambina la bicicletta il pappagallo gli occhiali da sole
7O,7OSU4,audio_8200,8,Tocca nel seguente ordine la bambina la bicicletta il pappagallo il monopattino
7O,7OSU4,audio_8201,8,Tocca nel seguente ordine la bambina la bicicletta il pappagallo la scimmia
7O,7OSU4,audio_8202,8,Tocca nel seguente ordine la bambina la bicicletta il pappagallo l'ombrello
7O,7OSU4,audio_8203,8,Tocca nel seguente ordine la bambina la bicicletta il polipo il leone
7O,7OSU4,audio_8204,8,Tocca nel seguente ordine la bambina la bicicletta il polipo il pappagallo
7O,7OSU4,audio_8205,8,Tocca nel seguente ordine la bambina la bicicletta il polipo il gelato
7O,7OSU4,audio_8206,8,Tocca nel seguente ordine la bambina la bicicletta il polipo gli occhiali da sole
7O,7OSU4,audio_8207,8,Tocca nel seguente ordine la bambina la bicicletta il polipo il monopattino
7O,7OSU4,audio_8208,8,Tocca nel seguente ordine la bambina la bicicletta il polipo la scimmia
7O,7OSU4,audio_8209,8,Tocca nel seguente ordine la bambina la bicicletta il polipo l'ombrello
7O,7OSU4,audio_8210,8,Tocca nel seguente ordine la bambina la bicicletta il gelato il polipo
7O,7OSU4,audio_8211,8,Tocca nel seguente ordine la bambina la bicicletta il gelato il pappagallo
7O,7OSU4,audio_8212,8,Tocca nel seguente ordine la bambina la bicicletta il gelato il leone
7O,7OSU4,audio_8213,8,Tocca nel seguente ordine la bambina la bicicletta il gelato gli occhiali da sole
7O,7OSU4,audio_8214,8,Tocca nel seguente ordine la bambina la bicicletta il gelato il monopattino
7O,7OSU4,audio_8215,8,Tocca nel seguente ordine la bambina la bicicletta il gelato la scimmia
7O,7OSU4,audio_8216,8,Tocca nel seguente ordine la bambina la bicicletta il gelato l'ombrello
7O,7OSU4,audio_8217,8,Tocca nel seguente ordine la bambina la bicicletta gli occhiali da sole il polipo
7O,7OSU4,audio_8218,8,Tocca nel seguente ordine la bambina la bicicletta gli occhiali da sole il pappagallo
7O,7OSU4,audio_8219,8,Tocca nel seguente ordine la bambina la bicicletta gli occhiali da sole il gelato
7O,7OSU4,audio_8220,8,Tocca nel seguente ordine la bambina la bicicletta gli occhiali da sole il leone
7O,7OSU4,audio_8221,8,Tocca nel seguente ordine la bambina la bicicletta gli occhiali da sole il monopattino
7O,7OSU4,audio_8222,8,Tocca nel seguente ordine la bambina la bicicletta gli occhiali da sole la scimmia
7O,7OSU4,audio_8223,8,Tocca nel seguente ordine la bambina la bicicletta gli occhiali da sole l'ombrello
7O,7OSU4,audio_8224,8,Tocca nel seguente ordine la bambina la bicicletta il monopattino il polipo
7O,7OSU4,audio_8225,8,Tocca nel seguente ordine la bambina la bicicletta il monopattino il pappagallo
7O,7OSU4,audio_8226,8,Tocca nel seguente ordine la bambina la bicicletta il monopattino il gelato
7O,7OSU4,audio_8227,8,Tocca nel seguente ordine la bambina la bicicletta il monopattino gli occhiali da sole
7O,7OSU4,audio_8228,8,Tocca nel seguente ordine la bambina la bicicletta il monopattino il leone
7O,7OSU4,audio_8229,8,Tocca nel seguente ordine la bambina la bicicletta il monopattino la scimmia
7O,7OSU4,audio_8230,8,Tocca nel seguente ordine la bambina la bicicletta il monopattino l'ombrello
7O,7OSU4,audio_8231,8,Tocca nel seguente ordine la bambina la bicicletta l'ombrello il polipo
7O,7OSU4,audio_8232,8,Tocca nel seguente ordine la bambina la bicicletta l'ombrello il pappagallo
7O,7OSU4,audio_8233,8,Tocca nel seguente ordine la bambina la bicicletta l'ombrello il gelato
7O,7OSU4,audio_8234,8,Tocca nel seguente ordine la bambina la bicicletta l'ombrello gli occhiali da sole
7O,7OSU4,audio_8235,8,Tocca nel seguente ordine la bambina la bicicletta l'ombrello il monopattino
7O,7OSU4,audio_8236,8,Tocca nel seguente ordine la bambina la bicicletta l'ombrello la scimmia
7O,7OSU4,audio_8237,8,Tocca nel seguente ordine la bambina la bicicletta l'ombrello il leone
7O,7OSU4,audio_8238,8,Tocca nel seguente ordine la bambina il monopattino il leone il polipo
7O,7OSU4,audio_8239,8,Tocca nel seguente ordine la bambina il monopattino il leone il pappagallo
7O,7OSU4,audio_8240,8,Tocca nel seguente ordine la bambina il monopattino il leone il gelato
7O,7OSU4,audio_8241,8,Tocca nel seguente ordine la bambina il monopattino il leone gli occhiali da sole
7O,7OSU4,audio_8242,8,Tocca nel seguente ordine la bambina il monopattino il leone la scimmia
7O,7OSU4,audio_8243,8,Tocca nel seguente ordine la bambina il monopattino il leone la bicicletta
7O,7OSU4,audio_8244,8,Tocca nel seguente ordine la bambina il monopattino il leone l'ombrello
7O,7OSU4,audio_8245,8,Tocca nel seguente ordine la bambina il monopattino la scimmia il polipo
7O,7OSU4,audio_8246,8,Tocca nel seguente ordine la bambina il monopattino la scimmia il pappagallo
7O,7OSU4,audio_8247,8,Tocca nel seguente ordine la bambina il monopattino la scimmia il gelato
7O,7OSU4,audio_8248,8,Tocca nel seguente ordine la bambina il monopattino la scimmia gli occhiali da sole
7O,7OSU4,audio_8249,8,Tocca nel seguente ordine la bambina il monopattino la scimmia il leone
7O,7OSU4,audio_8250,8,Tocca nel seguente ordine la bambina il monopattino la scimmia la bicicletta
7O,7OSU4,audio_8251,8,Tocca nel seguente ordine la bambina il monopattino la scimmia l'ombrello
7O,7OSU4,audio_8252,8,Tocca nel seguente ordine la bambina il monopattino il pappagallo il polipo
7O,7OSU4,audio_8253,8,Tocca nel seguente ordine la bambina il monopattino il pappagallo il leone
7O,7OSU4,audio_8254,8,Tocca nel seguente ordine la bambina il monopattino il pappagallo il gelato
7O,7OSU4,audio_8255,8,Tocca nel seguente ordine la bambina il monopattino il pappagallo gli occhiali da sole
7O,7OSU4,audio_8256,8,Tocca nel seguente ordine la bambina il monopattino il pappagallo la scimmia
7O,7OSU4,audio_8257,8,Tocca nel seguente ordine la bambina il monopattino il pappagallo la bicicletta
7O,7OSU4,audio_8258,8,Tocca nel seguente ordine la bambina il monopattino il pappagallo l'ombrello
7O,7OSU4,audio_8259,8,Tocca nel seguente ordine la bambina il monopattino il polipo il leone
7O,7OSU4,audio_8260,8,Tocca nel seguente ordine la bambina il monopattino il polipo il pappagallo
7O,7OSU4,audio_8261,8,Tocca nel seguente ordine la bambina il monopattino il polipo il gelato
7O,7OSU4,audio_8262,8,Tocca nel seguente ordine la bambina il monopattino il polipo gli occhiali da sole
7O,7OSU4,audio_8263,8,Tocca nel seguente ordine la bambina il monopattino il polipo la scimmia
7O,7OSU4,audio_8264,8,Tocca nel seguente ordine la bambina il monopattino il polipo la bicicletta
7O,7OSU4,audio_8265,8,Tocca nel seguente ordine la bambina il monopattino il polipo l'ombrello
7O,7OSU4,audio_8266,8,Tocca nel seguente ordine la bambina il monopattino il gelato il polipo
7O,7OSU4,audio_8267,8,Tocca nel seguente ordine la bambina il monopattino il gelato il pappagallo
7O,7OSU4,audio_8268,8,Tocca nel seguente ordine la bambina il monopattino il gelato il leone
7O,7OSU4,audio_8269,8,Tocca nel seguente ordine la bambina il monopattino il gelato gli occhiali da sole
7O,7OSU4,audio_8270,8,Tocca nel seguente ordine la bambina il monopattino il gelato la scimmia
7O,7OSU4,audio_8271,8,Tocca nel seguente ordine la bambina il monopattino il gelato la bicicletta
7O,7OSU4,audio_8272,8,Tocca nel seguente ordine la bambina il monopattino il gelato l'ombrello
7O,7OSU4,audio_8273,8,Tocca nel seguente ordine la bambina il monopattino gli occhiali da sole il polipo
7O,7OSU4,audio_8274,8,Tocca nel seguente ordine la bambina il monopattino gli occhiali da sole il pappagallo
7O,7OSU4,audio_8275,8,Tocca nel seguente ordine la bambina il monopattino gli occhiali da sole il gelato
7O,7OSU4,audio_8276,8,Tocca nel seguente ordine la bambina il monopattino gli occhiali da sole il leone
7O,7OSU4,audio_8277,8,Tocca nel seguente ordine la bambina il monopattino gli occhiali da sole la scimmia
7O,7OSU4,audio_8278,8,Tocca nel seguente ordine la bambina il monopattino gli occhiali da sole la bicicletta
7O,7OSU4,audio_8279,8,Tocca nel seguente ordine la bambina il monopattino gli occhiali da sole l'ombrello
7O,7OSU4,audio_8280,8,Tocca nel seguente ordine la bambina il monopattino la bicicletta il polipo
7O,7OSU4,audio_8281,8,Tocca nel seguente ordine la bambina il monopattino la bicicletta il pappagallo
7O,7OSU4,audio_8282,8,Tocca nel seguente ordine la bambina il monopattino la bicicletta il gelato
7O,7OSU4,audio_8283,8,Tocca nel seguente ordine la bambina il monopattino la bicicletta gli occhiali da sole
7O,7OSU4,audio_8284,8,Tocca nel seguente ordine la bambina il monopattino la bicicletta la scimmia
7O,7OSU4,audio_8285,8,Tocca nel seguente ordine la bambina il monopattino la bicicletta il leone
7O,7OSU4,audio_8286,8,Tocca nel seguente ordine la bambina il monopattino la bicicletta l'ombrello
7O,7OSU4,audio_8287,8,Tocca nel seguente ordine la bambina il monopattino l'ombrello il polipo
7O,7OSU4,audio_8288,8,Tocca nel seguente ordine la bambina il monopattino l'ombrello il pappagallo
7O,7OSU4,audio_8289,8,Tocca nel seguente ordine la bambina il monopattino l'ombrello il gelato
7O,7OSU4,audio_8290,8,Tocca nel seguente ordine la bambina il monopattino l'ombrello gli occhiali da sole
7O,7OSU4,audio_8291,8,Tocca nel seguente ordine la bambina il monopattino l'ombrello la scimmia
7O,7OSU4,audio_8292,8,Tocca nel seguente ordine la bambina il monopattino l'ombrello la bicicletta
7O,7OSU4,audio_8293,8,Tocca nel seguente ordine la bambina il monopattino l'ombrello il leone
7O,7OSU4,audio_8294,8,Tocca nel seguente ordine la bambina l'ombrello il leone il polipo
7O,7OSU4,audio_8295,8,Tocca nel seguente ordine la bambina l'ombrello il leone il pappagallo
7O,7OSU4,audio_8296,8,Tocca nel seguente ordine la bambina l'ombrello il leone il gelato
7O,7OSU4,audio_8297,8,Tocca nel seguente ordine la bambina l'ombrello il leone gli occhiali da sole
7O,7OSU4,audio_8298,8,Tocca nel seguente ordine la bambina l'ombrello il leone il monopattino
7O,7OSU4,audio_8299,8,Tocca nel seguente ordine la bambina l'ombrello il leone la bicicletta
7O,7OSU4,audio_8300,8,Tocca nel seguente ordine la bambina l'ombrello il leone la scimmia
7O,7OSU4,audio_8301,8,Tocca nel seguente ordine la bambina l'ombrello la scimmia il polipo
7O,7OSU4,audio_8302,8,Tocca nel seguente ordine la bambina l'ombrello la scimmia il pappagallo
7O,7OSU4,audio_8303,8,Tocca nel seguente ordine la bambina l'ombrello la scimmia il gelato
7O,7OSU4,audio_8304,8,Tocca nel seguente ordine la bambina l'ombrello la scimmia gli occhiali da sole
7O,7OSU4,audio_8305,8,Tocca nel seguente ordine la bambina l'ombrello la scimmia il monopattino
7O,7OSU4,audio_8306,8,Tocca nel seguente ordine la bambina l'ombrello la scimmia la bicicletta
7O,7OSU4,audio_8307,8,Tocca nel seguente ordine la bambina l'ombrello la scimmia il leone
7O,7OSU4,audio_8308,8,Tocca nel seguente ordine la bambina l'ombrello il pappagallo il polipo
7O,7OSU4,audio_8309,8,Tocca nel seguente ordine la bambina l'ombrello il pappagallo il leone
7O,7OSU4,audio_8310,8,Tocca nel seguente ordine la bambina l'ombrello il pappagallo il gelato
7O,7OSU4,audio_8311,8,Tocca nel seguente ordine la bambina l'ombrello il pappagallo gli occhiali da sole
7O,7OSU4,audio_8312,8,Tocca nel seguente ordine la bambina l'ombrello il pappagallo il monopattino
7O,7OSU4,audio_8313,8,Tocca nel seguente ordine la bambina l'ombrello il pappagallo la bicicletta
7O,7OSU4,audio_8314,8,Tocca nel seguente ordine la bambina l'ombrello il pappagallo la scimmia
7O,7OSU4,audio_8315,8,Tocca nel seguente ordine la bambina l'ombrello il polipo il leone
7O,7OSU4,audio_8316,8,Tocca nel seguente ordine la bambina l'ombrello il polipo il pappagallo
7O,7OSU4,audio_8317,8,Tocca nel seguente ordine la bambina l'ombrello il polipo il gelato
7O,7OSU4,audio_8318,8,Tocca nel seguente ordine la bambina l'ombrello il polipo gli occhiali da sole
7O,7OSU4,audio_8319,8,Tocca nel seguente ordine la bambina l'ombrello il polipo il monopattino
7O,7OSU4,audio_8320,8,Tocca nel seguente ordine la bambina l'ombrello il polipo la bicicletta
7O,7OSU4,audio_8321,8,Tocca nel seguente ordine la bambina l'ombrello il polipo la scimmia
7O,7OSU4,audio_8322,8,Tocca nel seguente ordine la bambina l'ombrello il gelato il polipo
7O,7OSU4,audio_8323,8,Tocca nel seguente ordine la bambina l'ombrello il gelato il pappagallo
7O,7OSU4,audio_8324,8,Tocca nel seguente ordine la bambina l'ombrello il gelato il leone
7O,7OSU4,audio_8325,8,Tocca nel seguente ordine la bambina l'ombrello il gelato gli occhiali da sole
7O,7OSU4,audio_8326,8,Tocca nel seguente ordine la bambina l'ombrello il gelato il monopattino
7O,7OSU4,audio_8327,8,Tocca nel seguente ordine la bambina l'ombrello il gelato la bicicletta
7O,7OSU4,audio_8328,8,Tocca nel seguente ordine la bambina l'ombrello il gelato la scimmia
7O,7OSU4,audio_8329,8,Tocca nel seguente ordine la bambina l'ombrello gli occhiali da sole il polipo
7O,7OSU4,audio_8330,8,Tocca nel seguente ordine la bambina l'ombrello gli occhiali da sole il pappagallo
7O,7OSU4,audio_8331,8,Tocca nel seguente ordine la bambina l'ombrello gli occhiali da sole il gelato
7O,7OSU4,audio_8332,8,Tocca nel seguente ordine la bambina l'ombrello gli occhiali da sole il leone
7O,7OSU4,audio_8333,8,Tocca nel seguente ordine la bambina l'ombrello gli occhiali da sole il monopattino
7O,7OSU4,audio_8334,8,Tocca nel seguente ordine la bambina l'ombrello gli occhiali da sole la bicicletta
7O,7OSU4,audio_8335,8,Tocca nel seguente ordine la bambina l'ombrello gli occhiali da sole la scimmia
7O,7OSU4,audio_8336,8,Tocca nel seguente ordine la bambina l'ombrello la bicicletta il polipo
7O,7OSU4,audio_8337,8,Tocca nel seguente ordine la bambina l'ombrello la bicicletta il pappagallo
7O,7OSU4,audio_8338,8,Tocca nel seguente ordine la bambina l'ombrello la bicicletta il gelato
7O,7OSU4,audio_8339,8,Tocca nel seguente ordine la bambina l'ombrello la bicicletta gli occhiali da sole
7O,7OSU4,audio_8340,8,Tocca nel seguente ordine la bambina l'ombrello la bicicletta il monopattino
7O,7OSU4,audio_8341,8,Tocca nel seguente ordine la bambina l'ombrello la bicicletta il leone
7O,7OSU4,audio_8342,8,Tocca nel seguente ordine la bambina l'ombrello la bicicletta la scimmia
7O,7OSU4,audio_8343,8,Tocca nel seguente ordine la bambina l'ombrello il monopattino il polipo
7O,7OSU4,audio_8344,8,Tocca nel seguente ordine la bambina l'ombrello il monopattino il pappagallo
7O,7OSU4,audio_8345,8,Tocca nel seguente ordine la bambina l'ombrello il monopattino il gelato
7O,7OSU4,audio_8346,8,Tocca nel seguente ordine la bambina l'ombrello il monopattino gli occhiali da sole
7O,7OSU4,audio_8347,8,Tocca nel seguente ordine la bambina l'ombrello il monopattino il leone
7O,7OSU4,audio_8348,8,Tocca nel seguente ordine la bambina l'ombrello il monopattino la bicicletta
7O,7OSU4,audio_8349,8,Tocca nel seguente ordine la bambina l'ombrello il monopattino la scimmia
7O,7OSU4,audio_8350,8,Tocca nel seguente ordine l'ombrello il leone la scimmia il polipo
7O,7OSU4,audio_8351,8,Tocca nel seguente ordine l'ombrello il leone la scimmia il pappagallo
7O,7OSU4,audio_8352,8,Tocca nel seguente ordine l'ombrello il leone la scimmia il gelato
7O,7OSU4,audio_8353,8,Tocca nel seguente ordine l'ombrello il leone la scimmia gli occhiali da sole
7O,7OSU4,audio_8354,8,Tocca nel seguente ordine l'ombrello il leone la scimmia la bicicletta
7O,7OSU4,audio_8355,8,Tocca nel seguente ordine l'ombrello il leone la scimmia il monopattino
7O,7OSU4,audio_8356,8,Tocca nel seguente ordine l'ombrello il leone la scimmia la bambina
7O,7OSU4,audio_8357,8,Tocca nel seguente ordine l'ombrello il leone il pappagallo il polipo
7O,7OSU4,audio_8358,8,Tocca nel seguente ordine l'ombrello il leone il pappagallo la scimmia
7O,7OSU4,audio_8359,8,Tocca nel seguente ordine l'ombrello il leone il pappagallo il gelato
7O,7OSU4,audio_8360,8,Tocca nel seguente ordine l'ombrello il leone il pappagallo gli occhiali da sole
7O,7OSU4,audio_8361,8,Tocca nel seguente ordine l'ombrello il leone il pappagallo la bicicletta
7O,7OSU4,audio_8362,8,Tocca nel seguente ordine l'ombrello il leone il pappagallo il monopattino
7O,7OSU4,audio_8363,8,Tocca nel seguente ordine l'ombrello il leone il pappagallo la bambina
7O,7OSU4,audio_8364,8,Tocca nel seguente ordine l'ombrello il leone il polipo la scimmia
7O,7OSU4,audio_8365,8,Tocca nel seguente ordine l'ombrello il leone il polipo il pappagallo
7O,7OSU4,audio_8366,8,Tocca nel seguente ordine l'ombrello il leone il polipo il gelato
7O,7OSU4,audio_8367,8,Tocca nel seguente ordine l'ombrello il leone il polipo gli occhiali da sole
7O,7OSU4,audio_8368,8,Tocca nel seguente ordine l'ombrello il leone il polipo la bicicletta
7O,7OSU4,audio_8369,8,Tocca nel seguente ordine l'ombrello il leone il polipo il monopattino
7O,7OSU4,audio_8370,8,Tocca nel seguente ordine l'ombrello il leone il polipo la bambina
7O,7OSU4,audio_8371,8,Tocca nel seguente ordine l'ombrello il leone il gelato il polipo
7O,7OSU4,audio_8372,8,Tocca nel seguente ordine l'ombrello il leone il gelato il pappagallo
7O,7OSU4,audio_8373,8,Tocca nel seguente ordine l'ombrello il leone il gelato la scimmia
7O,7OSU4,audio_8374,8,Tocca nel seguente ordine l'ombrello il leone il gelato gli occhiali da sole
7O,7OSU4,audio_8375,8,Tocca nel seguente ordine l'ombrello il leone il gelato la bicicletta
7O,7OSU4,audio_8376,8,Tocca nel seguente ordine l'ombrello il leone il gelato il monopattino
7O,7OSU4,audio_8377,8,Tocca nel seguente ordine l'ombrello il leone il gelato la bambina
7O,7OSU4,audio_8378,8,Tocca nel seguente ordine l'ombrello il leone gli occhiali da sole il polipo
7O,7OSU4,audio_8379,8,Tocca nel seguente ordine l'ombrello il leone gli occhiali da sole il pappagallo
7O,7OSU4,audio_8380,8,Tocca nel seguente ordine l'ombrello il leone gli occhiali da sole il gelato
7O,7OSU4,audio_8381,8,Tocca nel seguente ordine l'ombrello il leone gli occhiali da sole la scimmia
7O,7OSU4,audio_8382,8,Tocca nel seguente ordine l'ombrello il leone gli occhiali da sole la bicicletta
7O,7OSU4,audio_8383,8,Tocca nel seguente ordine l'ombrello il leone gli occhiali da sole il monopattino
7O,7OSU4,audio_8384,8,Tocca nel seguente ordine l'ombrello il leone gli occhiali da sole la bambina
7O,7OSU4,audio_8385,8,Tocca nel seguente ordine l'ombrello il leone la bicicletta il polipo
7O,7OSU4,audio_8386,8,Tocca nel seguente ordine l'ombrello il leone la bicicletta il pappagallo
7O,7OSU4,audio_8387,8,Tocca nel seguente ordine l'ombrello il leone la bicicletta il gelato
7O,7OSU4,audio_8388,8,Tocca nel seguente ordine l'ombrello il leone la bicicletta gli occhiali da sole
7O,7OSU4,audio_8389,8,Tocca nel seguente ordine l'ombrello il leone la bicicletta la scimmia
7O,7OSU4,audio_8390,8,Tocca nel seguente ordine l'ombrello il leone la bicicletta il monopattino
7O,7OSU4,audio_8391,8,Tocca nel seguente ordine l'ombrello il leone la bicicletta la bambina
7O,7OSU4,audio_8392,8,Tocca nel seguente ordine l'ombrello il leone il monopattino il polipo
7O,7OSU4,audio_8393,8,Tocca nel seguente ordine l'ombrello il leone il monopattino il pappagallo
7O,7OSU4,audio_8394,8,Tocca nel seguente ordine l'ombrello il leone il monopattino il gelato
7O,7OSU4,audio_8395,8,Tocca nel seguente ordine l'ombrello il leone il monopattino gli occhiali da sole
7O,7OSU4,audio_8396,8,Tocca nel seguente ordine l'ombrello il leone il monopattino la bicicletta
7O,7OSU4,audio_8397,8,Tocca nel seguente ordine l'ombrello il leone il monopattino la scimmia
7O,7OSU4,audio_8398,8,Tocca nel seguente ordine l'ombrello il leone il monopattino la bambina
7O,7OSU4,audio_8399,8,Tocca nel seguente ordine l'ombrello il leone la bambina il polipo
7O,7OSU4,audio_8400,8,Tocca nel seguente ordine l'ombrello il leone la bambina il pappagallo
7O,7OSU4,audio_8401,8,Tocca nel seguente ordine l'ombrello il leone la bambina il gelato
7O,7OSU4,audio_8402,8,Tocca nel seguente ordine l'ombrello il leone la bambina gli occhiali da sole
7O,7OSU4,audio_8403,8,Tocca nel seguente ordine l'ombrello il leone la bambina la bicicletta
7O,7OSU4,audio_8404,8,Tocca nel seguente ordine l'ombrello il leone la bambina il monopattino
7O,7OSU4,audio_8405,8,Tocca nel seguente ordine l'ombrello il leone la bambina la scimmia
7O,7OSU4,audio_8406,8,Tocca nel seguente ordine l'ombrello la scimmia il leone il polipo
7O,7OSU4,audio_8407,8,Tocca nel seguente ordine l'ombrello la scimmia il leone il pappagallo
7O,7OSU4,audio_8408,8,Tocca nel seguente ordine l'ombrello la scimmia il leone il gelato
7O,7OSU4,audio_8409,8,Tocca nel seguente ordine l'ombrello la scimmia il leone gli occhiali da sole
7O,7OSU4,audio_8410,8,Tocca nel seguente ordine l'ombrello la scimmia il leone la bicicletta
7O,7OSU4,audio_8411,8,Tocca nel seguente ordine l'ombrello la scimmia il leone il monopattino
7O,7OSU4,audio_8412,8,Tocca nel seguente ordine l'ombrello la scimmia il leone la bambina
7O,7OSU4,audio_8413,8,Tocca nel seguente ordine l'ombrello la scimmia il pappagallo il polipo
7O,7OSU4,audio_8414,8,Tocca nel seguente ordine l'ombrello la scimmia il pappagallo il leone
7O,7OSU4,audio_8415,8,Tocca nel seguente ordine l'ombrello la scimmia il pappagallo il gelato
7O,7OSU4,audio_8416,8,Tocca nel seguente ordine l'ombrello la scimmia il pappagallo gli occhiali da sole
7O,7OSU4,audio_8417,8,Tocca nel seguente ordine l'ombrello la scimmia il pappagallo la bicicletta
7O,7OSU4,audio_8418,8,Tocca nel seguente ordine l'ombrello la scimmia il pappagallo il monopattino
7O,7OSU4,audio_8419,8,Tocca nel seguente ordine l'ombrello la scimmia il pappagallo la bambina
7O,7OSU4,audio_8420,8,Tocca nel seguente ordine l'ombrello la scimmia il polipo il leone
7O,7OSU4,audio_8421,8,Tocca nel seguente ordine l'ombrello la scimmia il polipo il pappagallo
7O,7OSU4,audio_8422,8,Tocca nel seguente ordine l'ombrello la scimmia il polipo il gelato
7O,7OSU4,audio_8423,8,Tocca nel seguente ordine l'ombrello la scimmia il polipo gli occhiali da sole
7O,7OSU4,audio_8424,8,Tocca nel seguente ordine l'ombrello la scimmia il polipo la bicicletta
7O,7OSU4,audio_8425,8,Tocca nel seguente ordine l'ombrello la scimmia il polipo il monopattino
7O,7OSU4,audio_8426,8,Tocca nel seguente ordine l'ombrello la scimmia il polipo la bambina
7O,7OSU4,audio_8427,8,Tocca nel seguente ordine l'ombrello la scimmia il gelato il polipo
7O,7OSU4,audio_8428,8,Tocca nel seguente ordine l'ombrello la scimmia il gelato il pappagallo
7O,7OSU4,audio_8429,8,Tocca nel seguente ordine l'ombrello la scimmia il gelato il leone
7O,7OSU4,audio_8430,8,Tocca nel seguente ordine l'ombrello la scimmia il gelato gli occhiali da sole
7O,7OSU4,audio_8431,8,Tocca nel seguente ordine l'ombrello la scimmia il gelato la bicicletta
7O,7OSU4,audio_8432,8,Tocca nel seguente ordine l'ombrello la scimmia il gelato il monopattino
7O,7OSU4,audio_8433,8,Tocca nel seguente ordine l'ombrello la scimmia il gelato la bambina
7O,7OSU4,audio_8434,8,Tocca nel seguente ordine l'ombrello la scimmia gli occhiali da sole il polipo
7O,7OSU4,audio_8435,8,Tocca nel seguente ordine l'ombrello la scimmia gli occhiali da sole il pappagallo
7O,7OSU4,audio_8436,8,Tocca nel seguente ordine l'ombrello la scimmia gli occhiali da sole il gelato
7O,7OSU4,audio_8437,8,Tocca nel seguente ordine l'ombrello la scimmia gli occhiali da sole il leone
7O,7OSU4,audio_8438,8,Tocca nel seguente ordine l'ombrello la scimmia gli occhiali da sole la bicicletta
7O,7OSU4,audio_8439,8,Tocca nel seguente ordine l'ombrello la scimmia gli occhiali da sole il monopattino
7O,7OSU4,audio_8440,8,Tocca nel seguente ordine l'ombrello la scimmia gli occhiali da sole la bambina
7O,7OSU4,audio_8441,8,Tocca nel seguente ordine l'ombrello la scimmia la bicicletta il polipo
7O,7OSU4,audio_8442,8,Tocca nel seguente ordine l'ombrello la scimmia la bicicletta il pappagallo
7O,7OSU4,audio_8443,8,Tocca nel seguente ordine l'ombrello la scimmia la bicicletta il gelato
7O,7OSU4,audio_8444,8,Tocca nel seguente ordine l'ombrello la scimmia la bicicletta gli occhiali da sole
7O,7OSU4,audio_8445,8,Tocca nel seguente ordine l'ombrello la scimmia la bicicletta il leone
7O,7OSU4,audio_8446,8,Tocca nel seguente ordine l'ombrello la scimmia la bicicletta il monopattino
7O,7OSU4,audio_8447,8,Tocca nel seguente ordine l'ombrello la scimmia la bicicletta la bambina
7O,7OSU4,audio_8448,8,Tocca nel seguente ordine l'ombrello la scimmia il monopattino il polipo
7O,7OSU4,audio_8449,8,Tocca nel seguente ordine l'ombrello la scimmia il monopattino il pappagallo
7O,7OSU4,audio_8450,8,Tocca nel seguente ordine l'ombrello la scimmia il monopattino il gelato
7O,7OSU4,audio_8451,8,Tocca nel seguente ordine l'ombrello la scimmia il monopattino gli occhiali da sole
7O,7OSU4,audio_8452,8,Tocca nel seguente ordine l'ombrello la scimmia il monopattino la bicicletta
7O,7OSU4,audio_8453,8,Tocca nel seguente ordine l'ombrello la scimmia il monopattino il leone
7O,7OSU4,audio_8454,8,Tocca nel seguente ordine l'ombrello la scimmia il monopattino la bambina
7O,7OSU4,audio_8455,8,Tocca nel seguente ordine l'ombrello la scimmia la bambina il polipo
7O,7OSU4,audio_8456,8,Tocca nel seguente ordine l'ombrello la scimmia la bambina il pappagallo
7O,7OSU4,audio_8457,8,Tocca nel seguente ordine l'ombrello la scimmia la bambina il gelato
7O,7OSU4,audio_8458,8,Tocca nel seguente ordine l'ombrello la scimmia la bambina gli occhiali da sole
7O,7OSU4,audio_8459,8,Tocca nel seguente ordine l'ombrello la scimmia la bambina la bicicletta
7O,7OSU4,audio_8460,8,Tocca nel seguente ordine l'ombrello la scimmia la bambina il monopattino
7O,7OSU4,audio_8461,8,Tocca nel seguente ordine l'ombrello la scimmia la bambina il leone
7O,7OSU4,audio_8462,8,Tocca nel seguente ordine l'ombrello il pappagallo il leone il polipo
7O,7OSU4,audio_8463,8,Tocca nel seguente ordine l'ombrello il pappagallo il leone la scimmia
7O,7OSU4,audio_8464,8,Tocca nel seguente ordine l'ombrello il pappagallo il leone il gelato
7O,7OSU4,audio_8465,8,Tocca nel seguente ordine l'ombrello il pappagallo il leone gli occhiali da sole
7O,7OSU4,audio_8466,8,Tocca nel seguente ordine l'ombrello il pappagallo il leone la bicicletta
7O,7OSU4,audio_8467,8,Tocca nel seguente ordine l'ombrello il pappagallo il leone il monopattino
7O,7OSU4,audio_8468,8,Tocca nel seguente ordine l'ombrello il pappagallo il leone la bambina
7O,7OSU4,audio_8469,8,Tocca nel seguente ordine l'ombrello il pappagallo la scimmia il polipo
7O,7OSU4,audio_8470,8,Tocca nel seguente ordine l'ombrello il pappagallo la scimmia il leone
7O,7OSU4,audio_8471,8,Tocca nel seguente ordine l'ombrello il pappagallo la scimmia il gelato
7O,7OSU4,audio_8472,8,Tocca nel seguente ordine l'ombrello il pappagallo la scimmia gli occhiali da sole
7O,7OSU4,audio_8473,8,Tocca nel seguente ordine l'ombrello il pappagallo la scimmia la bicicletta
7O,7OSU4,audio_8474,8,Tocca nel seguente ordine l'ombrello il pappagallo la scimmia il monopattino
7O,7OSU4,audio_8475,8,Tocca nel seguente ordine l'ombrello il pappagallo la scimmia la bambina
7O,7OSU4,audio_8476,8,Tocca nel seguente ordine l'ombrello il pappagallo il polipo il leone
7O,7OSU4,audio_8477,8,Tocca nel seguente ordine l'ombrello il pappagallo il polipo la scimmia
7O,7OSU4,audio_8478,8,Tocca nel seguente ordine l'ombrello il pappagallo il polipo il gelato
7O,7OSU4,audio_8479,8,Tocca nel seguente ordine l'ombrello il pappagallo il polipo gli occhiali da sole
7O,7OSU4,audio_8480,8,Tocca nel seguente ordine l'ombrello il pappagallo il polipo la bicicletta
7O,7OSU4,audio_8481,8,Tocca nel seguente ordine l'ombrello il pappagallo il polipo il monopattino
7O,7OSU4,audio_8482,8,Tocca nel seguente ordine l'ombrello il pappagallo il polipo la bambina
7O,7OSU4,audio_8483,8,Tocca nel seguente ordine l'ombrello il pappagallo il gelato il polipo
7O,7OSU4,audio_8484,8,Tocca nel seguente ordine l'ombrello il pappagallo il gelato la scimmia
7O,7OSU4,audio_8485,8,Tocca nel seguente ordine l'ombrello il pappagallo il gelato il leone
7O,7OSU4,audio_8486,8,Tocca nel seguente ordine l'ombrello il pappagallo il gelato gli occhiali da sole
7O,7OSU4,audio_8487,8,Tocca nel seguente ordine l'ombrello il pappagallo il gelato la bicicletta
7O,7OSU4,audio_8488,8,Tocca nel seguente ordine l'ombrello il pappagallo il gelato il monopattino
7O,7OSU4,audio_8489,8,Tocca nel seguente ordine l'ombrello il pappagallo il gelato la bambina
7O,7OSU4,audio_8490,8,Tocca nel seguente ordine l'ombrello il pappagallo gli occhiali da sole il polipo
7O,7OSU4,audio_8491,8,Tocca nel seguente ordine l'ombrello il pappagallo gli occhiali da sole la scimmia
7O,7OSU4,audio_8492,8,Tocca nel seguente ordine l'ombrello il pappagallo gli occhiali da sole il gelato
7O,7OSU4,audio_8493,8,Tocca nel seguente ordine l'ombrello il pappagallo gli occhiali da sole il leone
7O,7OSU4,audio_8494,8,Tocca nel seguente ordine l'ombrello il pappagallo gli occhiali da sole la bicicletta
7O,7OSU4,audio_8495,8,Tocca nel seguente ordine l'ombrello il pappagallo gli occhiali da sole il monopattino
7O,7OSU4,audio_8496,8,Tocca nel seguente ordine l'ombrello il pappagallo gli occhiali da sole la bambina
7O,7OSU4,audio_8497,8,Tocca nel seguente ordine l'ombrello il pappagallo la bicicletta il polipo
7O,7OSU4,audio_8498,8,Tocca nel seguente ordine l'ombrello il pappagallo la bicicletta il leone
7O,7OSU4,audio_8499,8,Tocca nel seguente ordine l'ombrello il pappagallo la bicicletta il gelato
7O,7OSU4,audio_8500,8,Tocca nel seguente ordine l'ombrello il pappagallo la bicicletta gli occhiali da sole
7O,7OSU4,audio_8501,8,Tocca nel seguente ordine l'ombrello il pappagallo la bicicletta la scimmia
7O,7OSU4,audio_8502,8,Tocca nel seguente ordine l'ombrello il pappagallo la bicicletta il monopattino
7O,7OSU4,audio_8503,8,Tocca nel seguente ordine l'ombrello il pappagallo la bicicletta la bambina
7O,7OSU4,audio_8504,8,Tocca nel seguente ordine l'ombrello il pappagallo il monopattino il polipo
7O,7OSU4,audio_8505,8,Tocca nel seguente ordine l'ombrello il pappagallo il monopattino il leone
7O,7OSU4,audio_8506,8,Tocca nel seguente ordine l'ombrello il pappagallo il monopattino il gelato
7O,7OSU4,audio_8507,8,Tocca nel seguente ordine l'ombrello il pappagallo il monopattino gli occhiali da sole
7O,7OSU4,audio_8508,8,Tocca nel seguente ordine l'ombrello il pappagallo il monopattino la bicicletta
7O,7OSU4,audio_8509,8,Tocca nel seguente ordine l'ombrello il pappagallo il monopattino la scimmia
7O,7OSU4,audio_8510,8,Tocca nel seguente ordine l'ombrello il pappagallo il monopattino la bambina
7O,7OSU4,audio_8511,8,Tocca nel seguente ordine l'ombrello il pappagallo la bambina il polipo
7O,7OSU4,audio_8512,8,Tocca nel seguente ordine l'ombrello il pappagallo la bambina il leone
7O,7OSU4,audio_8513,8,Tocca nel seguente ordine l'ombrello il pappagallo la bambina il gelato
7O,7OSU4,audio_8514,8,Tocca nel seguente ordine l'ombrello il pappagallo la bambina gli occhiali da sole
7O,7OSU4,audio_8515,8,Tocca nel seguente ordine l'ombrello il pappagallo la bambina la bicicletta
7O,7OSU4,audio_8516,8,Tocca nel seguente ordine l'ombrello il pappagallo la bambina il monopattino
7O,7OSU4,audio_8517,8,Tocca nel seguente ordine l'ombrello il pappagallo la bambina la scimmia
7O,7OSU4,audio_8518,8,Tocca nel seguente ordine l'ombrello il polipo il leone la scimmia
7O,7OSU4,audio_8519,8,Tocca nel seguente ordine l'ombrello il polipo il leone il pappagallo
7O,7OSU4,audio_8520,8,Tocca nel seguente ordine l'ombrello il polipo il leone il gelato
7O,7OSU4,audio_8521,8,Tocca nel seguente ordine l'ombrello il polipo il leone gli occhiali da sole
7O,7OSU4,audio_8522,8,Tocca nel seguente ordine l'ombrello il polipo il leone la bicicletta
7O,7OSU4,audio_8523,8,Tocca nel seguente ordine l'ombrello il polipo il leone il monopattino
7O,7OSU4,audio_8524,8,Tocca nel seguente ordine l'ombrello il polipo il leone la bambina
7O,7OSU4,audio_8525,8,Tocca nel seguente ordine l'ombrello il polipo la scimmia il leone
7O,7OSU4,audio_8526,8,Tocca nel seguente ordine l'ombrello il polipo la scimmia il pappagallo
7O,7OSU4,audio_8527,8,Tocca nel seguente ordine l'ombrello il polipo la scimmia il gelato
7O,7OSU4,audio_8528,8,Tocca nel seguente ordine l'ombrello il polipo la scimmia gli occhiali da sole
7O,7OSU4,audio_8529,8,Tocca nel seguente ordine l'ombrello il polipo la scimmia la bicicletta
7O,7OSU4,audio_8530,8,Tocca nel seguente ordine l'ombrello il polipo la scimmia il monopattino
7O,7OSU4,audio_8531,8,Tocca nel seguente ordine l'ombrello il polipo la scimmia la bambina
7O,7OSU4,audio_8532,8,Tocca nel seguente ordine l'ombrello il polipo il pappagallo il leone
7O,7OSU4,audio_8533,8,Tocca nel seguente ordine l'ombrello il polipo il pappagallo la scimmia
7O,7OSU4,audio_8534,8,Tocca nel seguente ordine l'ombrello il polipo il pappagallo il gelato
7O,7OSU4,audio_8535,8,Tocca nel seguente ordine l'ombrello il polipo il pappagallo gli occhiali da sole
7O,7OSU4,audio_8536,8,Tocca nel seguente ordine l'ombrello il polipo il pappagallo la bicicletta
7O,7OSU4,audio_8537,8,Tocca nel seguente ordine l'ombrello il polipo il pappagallo il monopattino
7O,7OSU4,audio_8538,8,Tocca nel seguente ordine l'ombrello il polipo il pappagallo la bambina
7O,7OSU4,audio_8539,8,Tocca nel seguente ordine l'ombrello il polipo il gelato il leone
7O,7OSU4,audio_8540,8,Tocca nel seguente ordine l'ombrello il polipo il gelato il pappagallo
7O,7OSU4,audio_8541,8,Tocca nel seguente ordine l'ombrello il polipo il gelato la scimmia
7O,7OSU4,audio_8542,8,Tocca nel seguente ordine l'ombrello il polipo il gelato gli occhiali da sole
7O,7OSU4,audio_8543,8,Tocca nel seguente ordine l'ombrello il polipo il gelato la bicicletta
7O,7OSU4,audio_8544,8,Tocca nel seguente ordine l'ombrello il polipo il gelato il monopattino
7O,7OSU4,audio_8545,8,Tocca nel seguente ordine l'ombrello il polipo il gelato la bambina
7O,7OSU4,audio_8546,8,Tocca nel seguente ordine l'ombrello il polipo gli occhiali da sole il leone
7O,7OSU4,audio_8547,8,Tocca nel seguente ordine l'ombrello il polipo gli occhiali da sole il pappagallo
7O,7OSU4,audio_8548,8,Tocca nel seguente ordine l'ombrello il polipo gli occhiali da sole il gelato
7O,7OSU4,audio_8549,8,Tocca nel seguente ordine l'ombrello il polipo gli occhiali da sole la scimmia
7O,7OSU4,audio_8550,8,Tocca nel seguente ordine l'ombrello il polipo gli occhiali da sole la bicicletta
7O,7OSU4,audio_8551,8,Tocca nel seguente ordine l'ombrello il polipo gli occhiali da sole il monopattino
7O,7OSU4,audio_8552,8,Tocca nel seguente ordine l'ombrello il polipo gli occhiali da sole la bambina
7O,7OSU4,audio_8553,8,Tocca nel seguente ordine l'ombrello il polipo la bicicletta il leone
7O,7OSU4,audio_8554,8,Tocca nel seguente ordine l'ombrello il polipo la bicicletta il pappagallo
7O,7OSU4,audio_8555,8,Tocca nel seguente ordine l'ombrello il polipo la bicicletta il gelato
7O,7OSU4,audio_8556,8,Tocca nel seguente ordine l'ombrello il polipo la bicicletta gli occhiali da sole
7O,7OSU4,audio_8557,8,Tocca nel seguente ordine l'ombrello il polipo la bicicletta la scimmia
7O,7OSU4,audio_8558,8,Tocca nel seguente ordine l'ombrello il polipo la bicicletta il monopattino
7O,7OSU4,audio_8559,8,Tocca nel seguente ordine l'ombrello il polipo la bicicletta la bambina
7O,7OSU4,audio_8560,8,Tocca nel seguente ordine l'ombrello il polipo il monopattino il leone
7O,7OSU4,audio_8561,8,Tocca nel seguente ordine l'ombrello il polipo il monopattino il pappagallo
7O,7OSU4,audio_8562,8,Tocca nel seguente ordine l'ombrello il polipo il monopattino il gelato
7O,7OSU4,audio_8563,8,Tocca nel seguente ordine l'ombrello il polipo il monopattino gli occhiali da sole
7O,7OSU4,audio_8564,8,Tocca nel seguente ordine l'ombrello il polipo il monopattino la bicicletta
7O,7OSU4,audio_8565,8,Tocca nel seguente ordine l'ombrello il polipo il monopattino la scimmia
7O,7OSU4,audio_8566,8,Tocca nel seguente ordine l'ombrello il polipo il monopattino la bambina
7O,7OSU4,audio_8567,8,Tocca nel seguente ordine l'ombrello il polipo la bambina il leone
7O,7OSU4,audio_8568,8,Tocca nel seguente ordine l'ombrello il polipo la bambina il pappagallo
7O,7OSU4,audio_8569,8,Tocca nel seguente ordine l'ombrello il polipo la bambina il gelato
7O,7OSU4,audio_8570,8,Tocca nel seguente ordine l'ombrello il polipo la bambina gli occhiali da sole
7O,7OSU4,audio_8571,8,Tocca nel seguente ordine l'ombrello il polipo la bambina la bicicletta
7O,7OSU4,audio_8572,8,Tocca nel seguente ordine l'ombrello il polipo la bambina il monopattino
7O,7OSU4,audio_8573,8,Tocca nel seguente ordine l'ombrello il polipo la bambina la scimmia
7O,7OSU4,audio_8574,8,Tocca nel seguente ordine l'ombrello il gelato il leone il polipo
7O,7OSU4,audio_8575,8,Tocca nel seguente ordine l'ombrello il gelato il leone il pappagallo
7O,7OSU4,audio_8576,8,Tocca nel seguente ordine l'ombrello il gelato il leone la scimmia
7O,7OSU4,audio_8577,8,Tocca nel seguente ordine l'ombrello il gelato il leone gli occhiali da sole
7O,7OSU4,audio_8578,8,Tocca nel seguente ordine l'ombrello il gelato il leone la bicicletta
7O,7OSU4,audio_8579,8,Tocca nel seguente ordine l'ombrello il gelato il leone il monopattino
7O,7OSU4,audio_8580,8,Tocca nel seguente ordine l'ombrello il gelato il leone la bambina
7O,7OSU4,audio_8581,8,Tocca nel seguente ordine l'ombrello il gelato la scimmia il polipo
7O,7OSU4,audio_8582,8,Tocca nel seguente ordine l'ombrello il gelato la scimmia il pappagallo
7O,7OSU4,audio_8583,8,Tocca nel seguente ordine l'ombrello il gelato la scimmia il leone
7O,7OSU4,audio_8584,8,Tocca nel seguente ordine l'ombrello il gelato la scimmia gli occhiali da sole
7O,7OSU4,audio_8585,8,Tocca nel seguente ordine l'ombrello il gelato la scimmia la bicicletta
7O,7OSU4,audio_8586,8,Tocca nel seguente ordine l'ombrello il gelato la scimmia il monopattino
7O,7OSU4,audio_8587,8,Tocca nel seguente ordine l'ombrello il gelato la scimmia la bambina
7O,7OSU4,audio_8588,8,Tocca nel seguente ordine l'ombrello il gelato il pappagallo il polipo
7O,7OSU4,audio_8589,8,Tocca nel seguente ordine l'ombrello il gelato il pappagallo la scimmia
7O,7OSU4,audio_8590,8,Tocca nel seguente ordine l'ombrello il gelato il pappagallo il leone
7O,7OSU4,audio_8591,8,Tocca nel seguente ordine l'ombrello il gelato il pappagallo gli occhiali da sole
7O,7OSU4,audio_8592,8,Tocca nel seguente ordine l'ombrello il gelato il pappagallo la bicicletta
7O,7OSU4,audio_8593,8,Tocca nel seguente ordine l'ombrello il gelato il pappagallo il monopattino
7O,7OSU4,audio_8594,8,Tocca nel seguente ordine l'ombrello il gelato il pappagallo la bambina
7O,7OSU4,audio_8595,8,Tocca nel seguente ordine l'ombrello il gelato il polipo la scimmia
7O,7OSU4,audio_8596,8,Tocca nel seguente ordine l'ombrello il gelato il polipo il pappagallo
7O,7OSU4,audio_8597,8,Tocca nel seguente ordine l'ombrello il gelato il polipo il leone
7O,7OSU4,audio_8598,8,Tocca nel seguente ordine l'ombrello il gelato il polipo gli occhiali da sole
7O,7OSU4,audio_8599,8,Tocca nel seguente ordine l'ombrello il gelato il polipo la bicicletta
7O,7OSU4,audio_8600,8,Tocca nel seguente ordine l'ombrello il gelato il polipo il monopattino
7O,7OSU4,audio_8601,8,Tocca nel seguente ordine l'ombrello il gelato il polipo la bambina
7O,7OSU4,audio_8602,8,Tocca nel seguente ordine l'ombrello il gelato gli occhiali da sole il polipo
7O,7OSU4,audio_8603,8,Tocca nel seguente ordine l'ombrello il gelato gli occhiali da sole il pappagallo
7O,7OSU4,audio_8604,8,Tocca nel seguente ordine l'ombrello il gelato gli occhiali da sole il leone
7O,7OSU4,audio_8605,8,Tocca nel seguente ordine l'ombrello il gelato gli occhiali da sole la scimmia
7O,7OSU4,audio_8606,8,Tocca nel seguente ordine l'ombrello il gelato gli occhiali da sole la bicicletta
7O,7OSU4,audio_8607,8,Tocca nel seguente ordine l'ombrello il gelato gli occhiali da sole il monopattino
7O,7OSU4,audio_8608,8,Tocca nel seguente ordine l'ombrello il gelato gli occhiali da sole la bambina
7O,7OSU4,audio_8609,8,Tocca nel seguente ordine l'ombrello il gelato la bicicletta il polipo
7O,7OSU4,audio_8610,8,Tocca nel seguente ordine l'ombrello il gelato la bicicletta il pappagallo
7O,7OSU4,audio_8611,8,Tocca nel seguente ordine l'ombrello il gelato la bicicletta il leone
7O,7OSU4,audio_8612,8,Tocca nel seguente ordine l'ombrello il gelato la bicicletta gli occhiali da sole
7O,7OSU4,audio_8613,8,Tocca nel seguente ordine l'ombrello il gelato la bicicletta la scimmia
7O,7OSU4,audio_8614,8,Tocca nel seguente ordine l'ombrello il gelato la bicicletta il monopattino
7O,7OSU4,audio_8615,8,Tocca nel seguente ordine l'ombrello il gelato la bicicletta la bambina
7O,7OSU4,audio_8616,8,Tocca nel seguente ordine l'ombrello il gelato il monopattino il polipo
7O,7OSU4,audio_8617,8,Tocca nel seguente ordine l'ombrello il gelato il monopattino il pappagallo
7O,7OSU4,audio_8618,8,Tocca nel seguente ordine l'ombrello il gelato il monopattino il leone
7O,7OSU4,audio_8619,8,Tocca nel seguente ordine l'ombrello il gelato il monopattino gli occhiali da sole
7O,7OSU4,audio_8620,8,Tocca nel seguente ordine l'ombrello il gelato il monopattino la bicicletta
7O,7OSU4,audio_8621,8,Tocca nel seguente ordine l'ombrello il gelato il monopattino la scimmia
7O,7OSU4,audio_8622,8,Tocca nel seguente ordine l'ombrello il gelato il monopattino la bambina
7O,7OSU4,audio_8623,8,Tocca nel seguente ordine l'ombrello il gelato la bambina il polipo
7O,7OSU4,audio_8624,8,Tocca nel seguente ordine l'ombrello il gelato la bambina il pappagallo
7O,7OSU4,audio_8625,8,Tocca nel seguente ordine l'ombrello il gelato la bambina il leone
7O,7OSU4,audio_8626,8,Tocca nel seguente ordine l'ombrello il gelato la bambina gli occhiali da sole
7O,7OSU4,audio_8627,8,Tocca nel seguente ordine l'ombrello il gelato la bambina la bicicletta
7O,7OSU4,audio_8628,8,Tocca nel seguente ordine l'ombrello il gelato la bambina il monopattino
7O,7OSU4,audio_8629,8,Tocca nel seguente ordine l'ombrello il gelato la bambina la scimmia
7O,7OSU4,audio_8630,8,Tocca nel seguente ordine l'ombrello gli occhiali da sole il leone il polipo
7O,7OSU4,audio_8631,8,Tocca nel seguente ordine l'ombrello gli occhiali da sole il leone il pappagallo
7O,7OSU4,audio_8632,8,Tocca nel seguente ordine l'ombrello gli occhiali da sole il leone il gelato
7O,7OSU4,audio_8633,8,Tocca nel seguente ordine l'ombrello gli occhiali da sole il leone la scimmia
7O,7OSU4,audio_8634,8,Tocca nel seguente ordine l'ombrello gli occhiali da sole il leone la bicicletta
7O,7OSU4,audio_8635,8,Tocca nel seguente ordine l'ombrello gli occhiali da sole il leone il monopattino
7O,7OSU4,audio_8636,8,Tocca nel seguente ordine l'ombrello gli occhiali da sole il leone la bambina
7O,7OSU4,audio_8637,8,Tocca nel seguente ordine l'ombrello gli occhiali da sole la scimmia il polipo
7O,7OSU4,audio_8638,8,Tocca nel seguente ordine l'ombrello gli occhiali da sole la scimmia il pappagallo
7O,7OSU4,audio_8639,8,Tocca nel seguente ordine l'ombrello gli occhiali da sole la scimmia il gelato
7O,7OSU4,audio_8640,8,Tocca nel seguente ordine l'ombrello gli occhiali da sole la scimmia il leone
7O,7OSU4,audio_8641,8,Tocca nel seguente ordine l'ombrello gli occhiali da sole la scimmia la bicicletta
7O,7OSU4,audio_8642,8,Tocca nel seguente ordine l'ombrello gli occhiali da sole la scimmia il monopattino
7O,7OSU4,audio_8643,8,Tocca nel seguente ordine l'ombrello gli occhiali da sole la scimmia la bambina
7O,7OSU4,audio_8644,8,Tocca nel seguente ordine l'ombrello gli occhiali da sole il pappagallo il polipo
7O,7OSU4,audio_8645,8,Tocca nel seguente ordine l'ombrello gli occhiali da sole il pappagallo il leone
7O,7OSU4,audio_8646,8,Tocca nel seguente ordine l'ombrello gli occhiali da sole il pappagallo il gelato
7O,7OSU4,audio_8647,8,Tocca nel seguente ordine l'ombrello gli occhiali da sole il pappagallo la scimmia
7O,7OSU4,audio_8648,8,Tocca nel seguente ordine l'ombrello gli occhiali da sole il pappagallo la bicicletta
7O,7OSU4,audio_8649,8,Tocca nel seguente ordine l'ombrello gli occhiali da sole il pappagallo il monopattino
7O,7OSU4,audio_8650,8,Tocca nel seguente ordine l'ombrello gli occhiali da sole il pappagallo la bambina
7O,7OSU4,audio_8651,8,Tocca nel seguente ordine l'ombrello gli occhiali da sole il polipo il leone
7O,7OSU4,audio_8652,8,Tocca nel seguente ordine l'ombrello gli occhiali da sole il polipo il pappagallo
7O,7OSU4,audio_8653,8,Tocca nel seguente ordine l'ombrello gli occhiali da sole il polipo il gelato
7O,7OSU4,audio_8654,8,Tocca nel seguente ordine l'ombrello gli occhiali da sole il polipo la scimmia
7O,7OSU4,audio_8655,8,Tocca nel seguente ordine l'ombrello gli occhiali da sole il polipo la bicicletta
7O,7OSU4,audio_8656,8,Tocca nel seguente ordine l'ombrello gli occhiali da sole il polipo il monopattino
7O,7OSU4,audio_8657,8,Tocca nel seguente ordine l'ombrello gli occhiali da sole il polipo la bambina
7O,7OSU4,audio_8658,8,Tocca nel seguente ordine l'ombrello gli occhiali da sole il gelato il polipo
7O,7OSU4,audio_8659,8,Tocca nel seguente ordine l'ombrello gli occhiali da sole il gelato il pappagallo
7O,7OSU4,audio_8660,8,Tocca nel seguente ordine l'ombrello gli occhiali da sole il gelato il leone
7O,7OSU4,audio_8661,8,Tocca nel seguente ordine l'ombrello gli occhiali da sole il gelato la scimmia
7O,7OSU4,audio_8662,8,Tocca nel seguente ordine l'ombrello gli occhiali da sole il gelato la bicicletta
7O,7OSU4,audio_8663,8,Tocca nel seguente ordine l'ombrello gli occhiali da sole il gelato il monopattino
7O,7OSU4,audio_8664,8,Tocca nel seguente ordine l'ombrello gli occhiali da sole il gelato la bambina
7O,7OSU4,audio_8665,8,Tocca nel seguente ordine l'ombrello gli occhiali da sole la bicicletta il polipo
7O,7OSU4,audio_8666,8,Tocca nel seguente ordine l'ombrello gli occhiali da sole la bicicletta il pappagallo
7O,7OSU4,audio_8667,8,Tocca nel seguente ordine l'ombrello gli occhiali da sole la bicicletta il gelato
7O,7OSU4,audio_8668,8,Tocca nel seguente ordine l'ombrello gli occhiali da sole la bicicletta la scimmia
7O,7OSU4,audio_8669,8,Tocca nel seguente ordine l'ombrello gli occhiali da sole la bicicletta il leone
7O,7OSU4,audio_8670,8,Tocca nel seguente ordine l'ombrello gli occhiali da sole la bicicletta il monopattino
7O,7OSU4,audio_8671,8,Tocca nel seguente ordine l'ombrello gli occhiali da sole la bicicletta la bambina
7O,7OSU4,audio_8672,8,Tocca nel seguente ordine l'ombrello gli occhiali da sole il monopattino il polipo
7O,7OSU4,audio_8673,8,Tocca nel seguente ordine l'ombrello gli occhiali da sole il monopattino il pappagallo
7O,7OSU4,audio_8674,8,Tocca nel seguente ordine l'ombrello gli occhiali da sole il monopattino il gelato
7O,7OSU4,audio_8675,8,Tocca nel seguente ordine l'ombrello gli occhiali da sole il monopattino la scimmia
7O,7OSU4,audio_8676,8,Tocca nel seguente ordine l'ombrello gli occhiali da sole il monopattino la bicicletta
7O,7OSU4,audio_8677,8,Tocca nel seguente ordine l'ombrello gli occhiali da sole il monopattino il leone
7O,7OSU4,audio_8678,8,Tocca nel seguente ordine l'ombrello gli occhiali da sole il monopattino la bambina
7O,7OSU4,audio_8679,8,Tocca nel seguente ordine l'ombrello gli occhiali da sole la bambina il polipo
7O,7OSU4,audio_8680,8,Tocca nel seguente ordine l'ombrello gli occhiali da sole la bambina il pappagallo
7O,7OSU4,audio_8681,8,Tocca nel seguente ordine l'ombrello gli occhiali da sole la bambina il gelato
7O,7OSU4,audio_8682,8,Tocca nel seguente ordine l'ombrello gli occhiali da sole la bambina la scimmia
7O,7OSU4,audio_8683,8,Tocca nel seguente ordine l'ombrello gli occhiali da sole la bambina la bicicletta
7O,7OSU4,audio_8684,8,Tocca nel seguente ordine l'ombrello gli occhiali da sole la bambina il monopattino
7O,7OSU4,audio_8685,8,Tocca nel seguente ordine l'ombrello gli occhiali da sole la bambina il leone
7O,7OSU4,audio_8686,8,Tocca nel seguente ordine l'ombrello la bicicletta il leone il polipo
7O,7OSU4,audio_8687,8,Tocca nel seguente ordine l'ombrello la bicicletta il leone il pappagallo
7O,7OSU4,audio_8688,8,Tocca nel seguente ordine l'ombrello la bicicletta il leone il gelato
7O,7OSU4,audio_8689,8,Tocca nel seguente ordine l'ombrello la bicicletta il leone gli occhiali da sole
7O,7OSU4,audio_8690,8,Tocca nel seguente ordine l'ombrello la bicicletta il leone la scimmia
7O,7OSU4,audio_8691,8,Tocca nel seguente ordine l'ombrello la bicicletta il leone il monopattino
7O,7OSU4,audio_8692,8,Tocca nel seguente ordine l'ombrello la bicicletta il leone la bambina
7O,7OSU4,audio_8693,8,Tocca nel seguente ordine l'ombrello la bicicletta la scimmia il polipo
7O,7OSU4,audio_8694,8,Tocca nel seguente ordine l'ombrello la bicicletta la scimmia il pappagallo
7O,7OSU4,audio_8695,8,Tocca nel seguente ordine l'ombrello la bicicletta la scimmia il gelato
7O,7OSU4,audio_8696,8,Tocca nel seguente ordine l'ombrello la bicicletta la scimmia gli occhiali da sole
7O,7OSU4,audio_8697,8,Tocca nel seguente ordine l'ombrello la bicicletta la scimmia il leone
7O,7OSU4,audio_8698,8,Tocca nel seguente ordine l'ombrello la bicicletta la scimmia il monopattino
7O,7OSU4,audio_8699,8,Tocca nel seguente ordine l'ombrello la bicicletta la scimmia la bambina
7O,7OSU4,audio_8700,8,Tocca nel seguente ordine l'ombrello la bicicletta il pappagallo il polipo
7O,7OSU4,audio_8701,8,Tocca nel seguente ordine l'ombrello la bicicletta il pappagallo il leone
7O,7OSU4,audio_8702,8,Tocca nel seguente ordine l'ombrello la bicicletta il pappagallo il gelato
7O,7OSU4,audio_8703,8,Tocca nel seguente ordine l'ombrello la bicicletta il pappagallo gli occhiali da sole
7O,7OSU4,audio_8704,8,Tocca nel seguente ordine l'ombrello la bicicletta il pappagallo la scimmia
7O,7OSU4,audio_8705,8,Tocca nel seguente ordine l'ombrello la bicicletta il pappagallo il monopattino
7O,7OSU4,audio_8706,8,Tocca nel seguente ordine l'ombrello la bicicletta il pappagallo la bambina
7O,7OSU4,audio_8707,8,Tocca nel seguente ordine l'ombrello la bicicletta il polipo il leone
7O,7OSU4,audio_8708,8,Tocca nel seguente ordine l'ombrello la bicicletta il polipo il pappagallo
7O,7OSU4,audio_8709,8,Tocca nel seguente ordine l'ombrello la bicicletta il polipo il gelato
7O,7OSU4,audio_8710,8,Tocca nel seguente ordine l'ombrello la bicicletta il polipo gli occhiali da sole
7O,7OSU4,audio_8711,8,Tocca nel seguente ordine l'ombrello la bicicletta il polipo la scimmia
7O,7OSU4,audio_8712,8,Tocca nel seguente ordine l'ombrello la bicicletta il polipo il monopattino
7O,7OSU4,audio_8713,8,Tocca nel seguente ordine l'ombrello la bicicletta il polipo la bambina
7O,7OSU4,audio_8714,8,Tocca nel seguente ordine l'ombrello la bicicletta il gelato il polipo
7O,7OSU4,audio_8715,8,Tocca nel seguente ordine l'ombrello la bicicletta il gelato il pappagallo
7O,7OSU4,audio_8716,8,Tocca nel seguente ordine l'ombrello la bicicletta il gelato il leone
7O,7OSU4,audio_8717,8,Tocca nel seguente ordine l'ombrello la bicicletta il gelato gli occhiali da sole
7O,7OSU4,audio_8718,8,Tocca nel seguente ordine l'ombrello la bicicletta il gelato la scimmia
7O,7OSU4,audio_8719,8,Tocca nel seguente ordine l'ombrello la bicicletta il gelato il monopattino
7O,7OSU4,audio_8720,8,Tocca nel seguente ordine l'ombrello la bicicletta il gelato la bambina
7O,7OSU4,audio_8721,8,Tocca nel seguente ordine l'ombrello la bicicletta gli occhiali da sole il polipo
7O,7OSU4,audio_8722,8,Tocca nel seguente ordine l'ombrello la bicicletta gli occhiali da sole il pappagallo
7O,7OSU4,audio_8723,8,Tocca nel seguente ordine l'ombrello la bicicletta gli occhiali da sole il gelato
7O,7OSU4,audio_8724,8,Tocca nel seguente ordine l'ombrello la bicicletta gli occhiali da sole il leone
7O,7OSU4,audio_8725,8,Tocca nel seguente ordine l'ombrello la bicicletta gli occhiali da sole la scimmia
7O,7OSU4,audio_8726,8,Tocca nel seguente ordine l'ombrello la bicicletta gli occhiali da sole il monopattino
7O,7OSU4,audio_8727,8,Tocca nel seguente ordine l'ombrello la bicicletta gli occhiali da sole la bambina
7O,7OSU4,audio_8728,8,Tocca nel seguente ordine l'ombrello la bicicletta il monopattino il polipo
7O,7OSU4,audio_8729,8,Tocca nel seguente ordine l'ombrello la bicicletta il monopattino il pappagallo
7O,7OSU4,audio_8730,8,Tocca nel seguente ordine l'ombrello la bicicletta il monopattino il gelato
7O,7OSU4,audio_8731,8,Tocca nel seguente ordine l'ombrello la bicicletta il monopattino gli occhiali da sole
7O,7OSU4,audio_8732,8,Tocca nel seguente ordine l'ombrello la bicicletta il monopattino la scimmia
7O,7OSU4,audio_8733,8,Tocca nel seguente ordine l'ombrello la bicicletta il monopattino il leone
7O,7OSU4,audio_8734,8,Tocca nel seguente ordine l'ombrello la bicicletta il monopattino la bambina
7O,7OSU4,audio_8735,8,Tocca nel seguente ordine l'ombrello la bicicletta la bambina il polipo
7O,7OSU4,audio_8736,8,Tocca nel seguente ordine l'ombrello la bicicletta la bambina il pappagallo
7O,7OSU4,audio_8737,8,Tocca nel seguente ordine l'ombrello la bicicletta la bambina il gelato
7O,7OSU4,audio_8738,8,Tocca nel seguente ordine l'ombrello la bicicletta la bambina gli occhiali da sole
7O,7OSU4,audio_8739,8,Tocca nel seguente ordine l'ombrello la bicicletta la bambina la scimmia
7O,7OSU4,audio_8740,8,Tocca nel seguente ordine l'ombrello la bicicletta la bambina il monopattino
7O,7OSU4,audio_8741,8,Tocca nel seguente ordine l'ombrello la bicicletta la bambina il leone
7O,7OSU4,audio_8742,8,Tocca nel seguente ordine l'ombrello il monopattino il leone il polipo
7O,7OSU4,audio_8743,8,Tocca nel seguente ordine l'ombrello il monopattino il leone il pappagallo
7O,7OSU4,audio_8744,8,Tocca nel seguente ordine l'ombrello il monopattino il leone il gelato
7O,7OSU4,audio_8745,8,Tocca nel seguente ordine l'ombrello il monopattino il leone gli occhiali da sole
7O,7OSU4,audio_8746,8,Tocca nel seguente ordine l'ombrello il monopattino il leone la bicicletta
7O,7OSU4,audio_8747,8,Tocca nel seguente ordine l'ombrello il monopattino il leone la scimmia
7O,7OSU4,audio_8748,8,Tocca nel seguente ordine l'ombrello il monopattino il leone la bambina
7O,7OSU4,audio_8749,8,Tocca nel seguente ordine l'ombrello il monopattino la scimmia il polipo
7O,7OSU4,audio_8750,8,Tocca nel seguente ordine l'ombrello il monopattino la scimmia il pappagallo
7O,7OSU4,audio_8751,8,Tocca nel seguente ordine l'ombrello il monopattino la scimmia il gelato
7O,7OSU4,audio_8752,8,Tocca nel seguente ordine l'ombrello il monopattino la scimmia gli occhiali da sole
7O,7OSU4,audio_8753,8,Tocca nel seguente ordine l'ombrello il monopattino la scimmia la bicicletta
7O,7OSU4,audio_8754,8,Tocca nel seguente ordine l'ombrello il monopattino la scimmia il leone
7O,7OSU4,audio_8755,8,Tocca nel seguente ordine l'ombrello il monopattino la scimmia la bambina
7O,7OSU4,audio_8756,8,Tocca nel seguente ordine l'ombrello il monopattino il pappagallo il polipo
7O,7OSU4,audio_8757,8,Tocca nel seguente ordine l'ombrello il monopattino il pappagallo la scimmia
7O,7OSU4,audio_8758,8,Tocca nel seguente ordine l'ombrello il monopattino il pappagallo il gelato
7O,7OSU4,audio_8759,8,Tocca nel seguente ordine l'ombrello il monopattino il pappagallo gli occhiali da sole
7O,7OSU4,audio_8760,8,Tocca nel seguente ordine l'ombrello il monopattino il pappagallo la bicicletta
7O,7OSU4,audio_8761,8,Tocca nel seguente ordine l'ombrello il monopattino il pappagallo il leone
7O,7OSU4,audio_8762,8,Tocca nel seguente ordine l'ombrello il monopattino il pappagallo la bambina
7O,7OSU4,audio_8763,8,Tocca nel seguente ordine l'ombrello il monopattino il polipo il leone
7O,7OSU4,audio_8764,8,Tocca nel seguente ordine l'ombrello il monopattino il polipo il pappagallo
7O,7OSU4,audio_8765,8,Tocca nel seguente ordine l'ombrello il monopattino il polipo il gelato
7O,7OSU4,audio_8766,8,Tocca nel seguente ordine l'ombrello il monopattino il polipo gli occhiali da sole
7O,7OSU4,audio_8767,8,Tocca nel seguente ordine l'ombrello il monopattino il polipo la bicicletta
7O,7OSU4,audio_8768,8,Tocca nel seguente ordine l'ombrello il monopattino il polipo la scimmia
7O,7OSU4,audio_8769,8,Tocca nel seguente ordine l'ombrello il monopattino il polipo la bambina
7O,7OSU4,audio_8770,8,Tocca nel seguente ordine l'ombrello il monopattino il gelato il polipo
7O,7OSU4,audio_8771,8,Tocca nel seguente ordine l'ombrello il monopattino il gelato il pappagallo
7O,7OSU4,audio_8772,8,Tocca nel seguente ordine l'ombrello il monopattino il gelato il leone
7O,7OSU4,audio_8773,8,Tocca nel seguente ordine l'ombrello il monopattino il gelato gli occhiali da sole
7O,7OSU4,audio_8774,8,Tocca nel seguente ordine l'ombrello il monopattino il gelato la bicicletta
7O,7OSU4,audio_8775,8,Tocca nel seguente ordine l'ombrello il monopattino il gelato la scimmia
7O,7OSU4,audio_8776,8,Tocca nel seguente ordine l'ombrello il monopattino il gelato la bambina
7O,7OSU4,audio_8777,8,Tocca nel seguente ordine l'ombrello il monopattino gli occhiali da sole il polipo
7O,7OSU4,audio_8778,8,Tocca nel seguente ordine l'ombrello il monopattino gli occhiali da sole il pappagallo
7O,7OSU4,audio_8779,8,Tocca nel seguente ordine l'ombrello il monopattino gli occhiali da sole il gelato
7O,7OSU4,audio_8780,8,Tocca nel seguente ordine l'ombrello il monopattino gli occhiali da sole il leone
7O,7OSU4,audio_8781,8,Tocca nel seguente ordine l'ombrello il monopattino gli occhiali da sole la bicicletta
7O,7OSU4,audio_8782,8,Tocca nel seguente ordine l'ombrello il monopattino gli occhiali da sole la scimmia
7O,7OSU4,audio_8783,8,Tocca nel seguente ordine l'ombrello il monopattino gli occhiali da sole la bambina
7O,7OSU4,audio_8784,8,Tocca nel seguente ordine l'ombrello il monopattino la bicicletta il polipo
7O,7OSU4,audio_8785,8,Tocca nel seguente ordine l'ombrello il monopattino la bicicletta il pappagallo
7O,7OSU4,audio_8786,8,Tocca nel seguente ordine l'ombrello il monopattino la bicicletta il gelato
7O,7OSU4,audio_8787,8,Tocca nel seguente ordine l'ombrello il monopattino la bicicletta gli occhiali da sole
7O,7OSU4,audio_8788,8,Tocca nel seguente ordine l'ombrello il monopattino la bicicletta il leone
7O,7OSU4,audio_8789,8,Tocca nel seguente ordine l'ombrello il monopattino la bicicletta la scimmia
7O,7OSU4,audio_8790,8,Tocca nel seguente ordine l'ombrello il monopattino la bicicletta la bambina
7O,7OSU4,audio_8791,8,Tocca nel seguente ordine l'ombrello il monopattino la bambina il polipo
7O,7OSU4,audio_8792,8,Tocca nel seguente ordine l'ombrello il monopattino la bambina il pappagallo
7O,7OSU4,audio_8793,8,Tocca nel seguente ordine l'ombrello il monopattino la bambina il gelato
7O,7OSU4,audio_8794,8,Tocca nel seguente ordine l'ombrello il monopattino la bambina gli occhiali da sole
7O,7OSU4,audio_8795,8,Tocca nel seguente ordine l'ombrello il monopattino la bambina la bicicletta
7O,7OSU4,audio_8796,8,Tocca nel seguente ordine l'ombrello il monopattino la bambina il leone
7O,7OSU4,audio_8797,8,Tocca nel seguente ordine l'ombrello il monopattino la bambina la scimmia
7O,7OSU4,audio_8798,8,Tocca nel seguente ordine l'ombrello la bambina il leone il polipo
7O,7OSU4,audio_8799,8,Tocca nel seguente ordine l'ombrello la bambina il leone il pappagallo
7O,7OSU4,audio_8800,8,Tocca nel seguente ordine l'ombrello la bambina il leone il gelato
7O,7OSU4,audio_8801,8,Tocca nel seguente ordine l'ombrello la bambina il leone gli occhiali da sole
7O,7OSU4,audio_8802,8,Tocca nel seguente ordine l'ombrello la bambina il leone la bicicletta
7O,7OSU4,audio_8803,8,Tocca nel seguente ordine l'ombrello la bambina il leone il monopattino
7O,7OSU4,audio_8804,8,Tocca nel seguente ordine l'ombrello la bambina il leone la scimmia
7O,7OSU4,audio_8805,8,Tocca nel seguente ordine l'ombrello la bambina la scimmia il polipo
7O,7OSU4,audio_8806,8,Tocca nel seguente ordine l'ombrello la bambina la scimmia il pappagallo
7O,7OSU4,audio_8807,8,Tocca nel seguente ordine l'ombrello la bambina la scimmia il gelato
7O,7OSU4,audio_8808,8,Tocca nel seguente ordine l'ombrello la bambina la scimmia gli occhiali da sole
7O,7OSU4,audio_8809,8,Tocca nel seguente ordine l'ombrello la bambina la scimmia la bicicletta
7O,7OSU4,audio_8810,8,Tocca nel seguente ordine l'ombrello la bambina la scimmia il monopattino
7O,7OSU4,audio_8811,8,Tocca nel seguente ordine l'ombrello la bambina la scimmia il leone
7O,7OSU4,audio_8812,8,Tocca nel seguente ordine l'ombrello la bambina il pappagallo il polipo
7O,7OSU4,audio_8813,8,Tocca nel seguente ordine l'ombrello la bambina il pappagallo il leone
7O,7OSU4,audio_8814,8,Tocca nel seguente ordine l'ombrello la bambina il pappagallo il gelato
7O,7OSU4,audio_8815,8,Tocca nel seguente ordine l'ombrello la bambina il pappagallo gli occhiali da sole
7O,7OSU4,audio_8816,8,Tocca nel seguente ordine l'ombrello la bambina il pappagallo la bicicletta
7O,7OSU4,audio_8817,8,Tocca nel seguente ordine l'ombrello la bambina il pappagallo il monopattino
7O,7OSU4,audio_8818,8,Tocca nel seguente ordine l'ombrello la bambina il pappagallo la scimmia
7O,7OSU4,audio_8819,8,Tocca nel seguente ordine l'ombrello la bambina il polipo il leone
7O,7OSU4,audio_8820,8,Tocca nel seguente ordine l'ombrello la bambina il polipo il pappagallo
7O,7OSU4,audio_8821,8,Tocca nel seguente ordine l'ombrello la bambina il polipo il gelato
7O,7OSU4,audio_8822,8,Tocca nel seguente ordine l'ombrello la bambina il polipo gli occhiali da sole
7O,7OSU4,audio_8823,8,Tocca nel seguente ordine l'ombrello la bambina il polipo la bicicletta
7O,7OSU4,audio_8824,8,Tocca nel seguente ordine l'ombrello la bambina il polipo il monopattino
7O,7OSU4,audio_8825,8,Tocca nel seguente ordine l'ombrello la bambina il polipo la scimmia
7O,7OSU4,audio_8826,8,Tocca nel seguente ordine l'ombrello la bambina il gelato il polipo
7O,7OSU4,audio_8827,8,Tocca nel seguente ordine l'ombrello la bambina il gelato il pappagallo
7O,7OSU4,audio_8828,8,Tocca nel seguente ordine l'ombrello la bambina il gelato il leone
7O,7OSU4,audio_8829,8,Tocca nel seguente ordine l'ombrello la bambina il gelato gli occhiali da sole
7O,7OSU4,audio_8830,8,Tocca nel seguente ordine l'ombrello la bambina il gelato la bicicletta
7O,7OSU4,audio_8831,8,Tocca nel seguente ordine l'ombrello la bambina il gelato il monopattino
7O,7OSU4,audio_8832,8,Tocca nel seguente ordine l'ombrello la bambina il gelato la scimmia
7O,7OSU4,audio_8833,8,Tocca nel seguente ordine l'ombrello la bambina gli occhiali da sole il polipo
7O,7OSU4,audio_8834,8,Tocca nel seguente ordine l'ombrello la bambina gli occhiali da sole il pappagallo
7O,7OSU4,audio_8835,8,Tocca nel seguente ordine l'ombrello la bambina gli occhiali da sole il gelato
7O,7OSU4,audio_8836,8,Tocca nel seguente ordine l'ombrello la bambina gli occhiali da sole il leone
7O,7OSU4,audio_8837,8,Tocca nel seguente ordine l'ombrello la bambina gli occhiali da sole la bicicletta
7O,7OSU4,audio_8838,8,Tocca nel seguente ordine l'ombrello la bambina gli occhiali da sole il monopattino
7O,7OSU4,audio_8839,8,Tocca nel seguente ordine l'ombrello la bambina gli occhiali da sole la scimmia
7O,7OSU4,audio_8840,8,Tocca nel seguente ordine l'ombrello la bambina la bicicletta il polipo
7O,7OSU4,audio_8841,8,Tocca nel seguente ordine l'ombrello la bambina la bicicletta il pappagallo
7O,7OSU4,audio_8842,8,Tocca nel seguente ordine l'ombrello la bambina la bicicletta il gelato
7O,7OSU4,audio_8843,8,Tocca nel seguente ordine l'ombrello la bambina la bicicletta gli occhiali da sole
7O,7OSU4,audio_8844,8,Tocca nel seguente ordine l'ombrello la bambina la bicicletta il leone
7O,7OSU4,audio_8845,8,Tocca nel seguente ordine l'ombrello la bambina la bicicletta il monopattino
7O,7OSU4,audio_8846,8,Tocca nel seguente ordine l'ombrello la bambina la bicicletta la scimmia
7O,7OSU4,audio_8847,8,Tocca nel seguente ordine l'ombrello la bambina il monopattino il polipo
7O,7OSU4,audio_8848,8,Tocca nel seguente ordine l'ombrello la bambina il monopattino il pappagallo
7O,7OSU4,audio_8849,8,Tocca nel seguente ordine l'ombrello la bambina il monopattino il gelato
7O,7OSU4,audio_8850,8,Tocca nel seguente ordine l'ombrello la bambina il monopattino gli occhiali da sole
7O,7OSU4,audio_8851,8,Tocca nel seguente ordine l'ombrello la bambina il monopattino la bicicletta
7O,7OSU4,audio_8852,8,Tocca nel seguente ordine l'ombrello la bambina il monopattino il leone
7O,7OSU4,audio_8853,8,Tocca nel seguente ordine l'ombrello la bambina il monopattino la scimmia
7O,7OCO2,audio_8854,4,Tocca prima un disegno rosso poi un disegno verde
7O,7OCO2,audio_8855,4,Tocca prima un disegno rosso poi un disegno blu
7O,7OCO2,audio_8856,4,Tocca prima un disegno rosso poi un disegno giallo
7O,7OCO2,audio_8857,4,Tocca prima un disegno verde poi un disegno rosso
7O,7OCO2,audio_8858,4,Tocca prima un disegno verde poi un disegno giallo
7O,7OCO2,audio_8859,4,Tocca prima un disegno verde poi un disegno blu
7O,7OCO2,audio_8860,4,Tocca prima un disegno giallo poi un disegno rosso
7O,7OCO2,audio_8861,4,Tocca prima un disegno giallo poi un disegno verde
7O,7OCO2,audio_8862,4,Tocca prima un disegno giallo poi un disegno blu
7O,7OCO2,audio_8863,4,Tocca prima un disegno blu poi un disegno rosso
7O,7OCO2,audio_8864,4,Tocca prima un disegno blu poi un disegno verde
7O,7OCO2,audio_8865,4,Tocca prima un disegno blu poi un disegno giallo
7O,7OCO3,audio_8866,5,Tocca per primo un disegno rosso poi un disegno verde dopo un disegno blu
7O,7OCO3,audio_8867,5,Tocca per primo un disegno rosso poi un disegno verde dopo un disegno giallo
7O,7OCO3,audio_8868,5,Tocca per primo un disegno rosso poi un disegno blu dopo un disegno verde
7O,7OCO3,audio_8869,5,Tocca per primo un disegno rosso poi un disegno blu dopo un disegno giallo
7O,7OCO3,audio_8870,5,Tocca per primo un disegno rosso poi un disegno giallo dopo un disegno verde
7O,7OCO3,audio_8871,5,Tocca per primo un disegno rosso poi un disegno giallo dopo un disegno blu
7O,7OCO3,audio_8872,5,Tocca per primo un disegno verde poi un disegno rosso dopo un disegno blu
7O,7OCO3,audio_8873,5,Tocca per primo un disegno verde poi un disegno rosso dopo un disegno giallo
7O,7OCO3,audio_8874,5,Tocca per primo un disegno verde poi un disegno blu dopo un disegno rosso
7O,7OCO3,audio_8875,5,Tocca per primo un disegno verde poi un disegno blu dopo un disegno giallo
7O,7OCO3,audio_8876,5,Tocca per primo un disegno verde poi un disegno giallo dopo un disegno rosso
7O,7OCO3,audio_8877,5,Tocca per primo un disegno verde poi un disegno giallo dopo un disegno blu
7O,7OCO3,audio_8878,5,Tocca per primo un disegno giallo poi un disegno rosso dopo un disegno blu
7O,7OCO3,audio_8879,5,Tocca per primo un disegno giallo poi un disegno rosso dopo un disegno verde
7O,7OCO3,audio_8880,5,Tocca per primo un disegno giallo poi un disegno blu dopo un disegno verde
7O,7OCO3,audio_8881,5,Tocca per primo un disegno giallo poi un disegno blu dopo un disegno rosso
7O,7OCO3,audio_8882,5,Tocca per primo un disegno giallo poi un disegno verde dopo un disegno rosso
7O,7OCO3,audio_8883,5,Tocca per primo un disegno giallo poi un disegno verde dopo un disegno blu
7O,7OCO3,audio_8884,5,Tocca per primo un disegno blu poi un disegno verde dopo un disegno rosso
7O,7OCO3,audio_8885,5,Tocca per primo un disegno blu poi un disegno verde dopo un disegno giallo
7O,7OCO3,audio_8886,5,Tocca per primo un disegno blu poi un disegno rosso dopo un disegno verde
7O,7OCO3,audio_8887,5,Tocca per primo un disegno blu poi un disegno rosso dopo un disegno giallo
7O,7OCO3,audio_8888,5,Tocca per primo un disegno blu poi un disegno giallo dopo un disegno verde
7O,7OCO3,audio_8889,5,Tocca per primo un disegno blu poi un disegno giallo dopo un disegno rosso
7O,7OCO4,audio_8890,6,Tocca in ordine i colori prima il rosso poi il verde poi il blu poi il giallo
7O,7OCO4,audio_8891,6,Tocca in ordine i colori prima il rosso poi il verde poi il giallo poi il blu
7O,7OCO4,audio_8892,6,Tocca in ordine i colori prima il rosso poi il blu poi il verde poi il giallo
7O,7OCO4,audio_8893,6,Tocca in ordine i colori prima il rosso poi il blu poi il giallo poi il verde
7O,7OCO4,audio_8894,6,Tocca in ordine i colori prima il rosso poi il giallo poi il verde poi il blu
7O,7OCO4,audio_8895,6,Tocca in ordine i colori prima il rosso poi il giallo poi il blu poi il verde
7O,7OCO4,audio_8896,6,Tocca in ordine i colori prima il verde poi il rosso poi il blu poi il giallo
7O,7OCO4,audio_8897,6,Tocca in ordine i colori prima il verde poi il rosso poi il giallo poi il blu
7O,7OCO4,audio_8898,6,Tocca in ordine i colori prima il verde poi il blu poi il rosso poi il giallo
7O,7OCO4,audio_8899,6,Tocca in ordine i colori prima il verde poi il blu poi il giallo poi il rosso
7O,7OCO4,audio_8900,6,Tocca in ordine i colori prima il verde poi il giallo poi il rosso poi il blu
7O,7OCO4,audio_8901,6,Tocca in ordine i colori prima il verde poi il giallo poi il blu poi il rosso
7O,7OCO4,audio_8902,6,Tocca in ordine i colori prima il giallo poi il rosso poi il blu poi il verde
7O,7OCO4,audio_8903,6,Tocca in ordine i colori prima il giallo poi il rosso poi il verde poi il blu
7O,7OCO4,audio_8904,6,Tocca in ordine i colori prima il giallo poi il blu poi il verde poi il rosso
7O,7OCO4,audio_8905,6,Tocca in ordine i colori prima il giallo poi il blu poi il rosso poi il verde
7O,7OCO4,audio_8906,6,Tocca in ordine i colori prima il giallo poi il verde poi il rosso poi il blu
7O,7OCO4,audio_8907,6,Tocca in ordine i colori prima il giallo poi il verde poi il blu poi il rosso
7O,7OCO4,audio_8908,6,Tocca in ordine i colori prima il blu poi il verde poi il rosso poi il giallo
7O,7OCO4,audio_8909,6,Tocca in ordine i colori prima il blu poi il verde poi il giallo poi il rosso
7O,7OCO4,audio_8910,6,Tocca in ordine i colori prima il blu poi il rosso poi il verde poi il giallo
7O,7OCO4,audio_8911,6,Tocca in ordine i colori prima il blu poi il rosso poi il giallo poi il verde
7O,7OCO4,audio_8912,6,Tocca in ordine i colori prima il blu poi il giallo poi il verde poi il rosso
7O,7OCO4,audio_8913,6,Tocca in ordine i colori prima il blu poi il giallo poi il rosso poi il verde
7O,7OL2,audio_8914,7,Tocca per primo i disegni di questo colore poi tocca per ultimo i disegni di questo colore rosso verde
7O,7OL2,audio_8915,7,Tocca per primo i disegni di questo colore poi tocca per ultimo i disegni di questo colore rosso blu
7O,7OL2,audio_8916,7,Tocca per primo i disegni di questo colore poi tocca per ultimo i disegni di questo colore rosso giallo
7O,7OL2,audio_8917,7,Tocca per primo i disegni di questo colore poi tocca per ultimo i disegni di questo colore verde blu
7O,7OL2,audio_8918,7,Tocca per primo i disegni di questo colore poi tocca per ultimo i disegni di questo colore verde giallo
7O,7OL2,audio_8919,7,Tocca per primo i disegni di questo colore poi tocca per ultimo i disegni di questo colore blu giallo
7O,7OL3,audio_8920,8,Tocca per primo i disegni di questo colore poi tocca per secondo i disegni di questo colore poi tocca per ultimo i disegni di questo colore rosso verde blu
7O,7OL3,audio_8921,8,Tocca per primo i disegni di questo colore poi tocca per secondo i disegni di questo colore poi tocca per ultimo i disegni di questo colore rosso verde giallo
7O,7OL3,audio_8922,8,Tocca per primo i disegni di questo colore poi tocca per secondo i disegni di questo colore poi tocca per ultimo i disegni di questo colore rosso blu verde
7O,7OL3,audio_8923,8,Tocca per primo i disegni di questo colore poi tocca per secondo i disegni di questo colore poi tocca per ultimo i disegni di questo colore rosso blu giallo
7O,7OL3,audio_8924,8,Tocca per primo i disegni di questo colore poi tocca per secondo i disegni di questo colore poi tocca per ultimo i disegni di questo colore rosso giallo verde
7O,7OL3,audio_8925,8,Tocca per primo i disegni di questo colore poi tocca per secondo i disegni di questo colore poi tocca per ultimo i disegni di questo colore rosso giallo blu
7O,7OL3,audio_8926,8,Tocca per primo i disegni di questo colore poi tocca per secondo i disegni di questo colore poi tocca per ultimo i disegni di questo colore verde rosso blu
7O,7OL3,audio_8927,8,Tocca per primo i disegni di questo colore poi tocca per secondo i disegni di questo colore poi tocca per ultimo i disegni di questo colore verde rosso giallo
7O,7OL3,audio_8928,8,Tocca per primo i disegni di questo colore poi tocca per secondo i disegni di questo colore poi tocca per ultimo i disegni di questo colore verde blu rosso
7O,7OL3,audio_8929,8,Tocca per primo i disegni di questo colore poi tocca per secondo i disegni di questo colore poi tocca per ultimo i disegni di questo colore verde blu giallo
7O,7OL3,audio_8930,8,Tocca per primo i disegni di questo colore poi tocca per secondo i disegni di questo colore poi tocca per ultimo i disegni di questo colore verde giallo rosso
7O,7OL3,audio_8931,8,Tocca per primo i disegni di questo colore poi tocca per secondo i disegni di questo colore poi tocca per ultimo i disegni di questo colore verde giallo blu
7O,7OL3,audio_8932,8,Tocca per primo i disegni di questo colore poi tocca per secondo i disegni di questo colore poi tocca per ultimo i disegni di questo colore blu rosso verde
7O,7OL3,audio_8933,8,Tocca per primo i disegni di questo colore poi tocca per secondo i disegni di questo colore poi tocca per ultimo i disegni di questo colore blu rosso giallo
7O,7OL3,audio_8934,8,Tocca per primo i disegni di questo colore poi tocca per secondo i disegni di questo colore poi tocca per ultimo i disegni di questo colore blu verde rosso
7O,7OL3,audio_8935,8,Tocca per primo i disegni di questo colore poi tocca per secondo i disegni di questo colore poi tocca per ultimo i disegni di questo colore blu verde giallo
7O,7OL3,audio_8936,8,Tocca per primo i disegni di questo colore poi tocca per secondo i disegni di questo colore poi tocca per ultimo i disegni di questo colore blu giallo rosso
7O,7OL3,audio_8937,8,Tocca per primo i disegni di questo colore poi tocca per secondo i disegni di questo colore poi tocca per ultimo i disegni di questo colore blu giallo verde
7O,7OL3,audio_8938,8,Tocca per primo i disegni di questo colore poi tocca per secondo i disegni di questo colore poi tocca per ultimo i disegni di questo colore giallo rosso verde
7O,7OL3,audio_8939,8,Tocca per primo i disegni di questo colore poi tocca per secondo i disegni di questo colore poi tocca per ultimo i disegni di questo colore giallo rosso blu
7O,7OL3,audio_8940,8,Tocca per primo i disegni di questo colore poi tocca per secondo i disegni di questo colore poi tocca per ultimo i disegni di questo colore giallo verde rosso
7O,7OL3,audio_8941,8,Tocca per primo i disegni di questo colore poi tocca per secondo i disegni di questo colore poi tocca per ultimo i disegni di questo colore giallo verde blu
7O,7OL3,audio_8942,8,Tocca per primo i disegni di questo colore poi tocca per secondo i disegni di questo colore poi tocca per ultimo i disegni di questo colore giallo blu rosso
7O,7OL3,audio_8943,8,Tocca per primo i disegni di questo colore poi tocca per secondo i disegni di questo colore poi tocca per ultimo i disegni di questo colore giallo blu verde
8Q,8QTSUSC1,audio_8944,5,Tocca i leoni se c'è una scimmia
8Q,8QTSUSC1,audio_8945,5,Tocca i leoni se c'è un pappagallo
8Q,8QTSUSC1,audio_8946,5,Tocca i leoni se c'è un polipo
8Q,8QTSUSC1,audio_8947,5,Tocca i leoni se c'è un gelato
8Q,8QTSUSC1,audio_8948,5,Tocca i leoni se c'è un paio di occhiali da sole
8Q,8QTSUSC1,audio_8949,5,Tocca i leoni se c'è una bicicletta
8Q,8QTSUSC1,audio_8950,5,Tocca i leoni se c'è un monopattino
8Q,8QTSUSC1,audio_8951,5,Tocca i leoni se c'è un ombrello
8Q,8QTSUSC1,audio_8952,5,Tocca i leoni se c'è una bambina
8Q,8QTSUSC1,audio_8953,5,Tocca le scimmie se c'è un leone
8Q,8QTSUSC1,audio_8954,5,Tocca le scimmie se c'è un pappagallo
8Q,8QTSUSC1,audio_8955,5,Tocca le scimmie se c'è un polipo
8Q,8QTSUSC1,audio_8956,5,Tocca le scimmie se c'è un gelato
8Q,8QTSUSC1,audio_8957,5,Tocca le scimmie se c'è un paio di occhiali da sole
8Q,8QTSUSC1,audio_8958,5,Tocca le scimmie se c'è una bicicletta
8Q,8QTSUSC1,audio_8959,5,Tocca le scimmie se c'è un monopattino
8Q,8QTSUSC1,audio_8960,5,Tocca le scimmie se c'è un ombrello
8Q,8QTSUSC1,audio_8961,5,Tocca le scimmie se c'è una bambina
8Q,8QTSUSC1,audio_8962,5,Tocca i pappagalli se c'è un leone
8Q,8QTSUSC1,audio_8963,5,Tocca i pappagalli se c'è una scimmia
8Q,8QTSUSC1,audio_8964,5,Tocca i pappagalli se c'è un polipo
8Q,8QTSUSC1,audio_8965,5,Tocca i pappagalli se c'è un gelato
8Q,8QTSUSC1,audio_8966,5,Tocca i pappagalli se c'è un paio di occhiali da sole
8Q,8QTSUSC1,audio_8967,5,Tocca i pappagalli se c'è una bicicletta
8Q,8QTSUSC1,audio_8968,5,Tocca i pappagalli se c'è un monopattino
8Q,8QTSUSC1,audio_8969,5,Tocca i pappagalli se c'è un ombrello
8Q,8QTSUSC1,audio_8970,5,Tocca i pappagalli se c'è una bambina
8Q,8QTSUSC1,audio_8971,5,Tocca i polipi se c'è un leone
8Q,8QTSUSC1,audio_8972,5,Tocca i polipi se c'è una scimmia
8Q,8QTSUSC1,audio_8973,5,Tocca i polipi se c'è un pappagallo
8Q,8QTSUSC1,audio_8974,5,Tocca i polipi se c'è un gelato
8Q,8QTSUSC1,audio_8975,5,Tocca i polipi se c'è un paio di occhiali da sole
8Q,8QTSUSC1,audio_8976,5,Tocca i polipi se c'è una bicicletta
8Q,8QTSUSC1,audio_8977,5,Tocca i polipi se c'è un monopattino
8Q,8QTSUSC1,audio_8978,5,Tocca i polipi se c'è un ombrello
8Q,8QTSUSC1,audio_8979,5,Tocca i polipi se c'è una bambina
8Q,8QTSUSC1,audio_8980,5,Tocca i gelati se c'è un leone
8Q,8QTSUSC1,audio_8981,5,Tocca i gelati se c'è una scimmia
8Q,8QTSUSC1,audio_8982,5,Tocca i gelati se c'è un pappagallo
8Q,8QTSUSC1,audio_8983,5,Tocca i gelati se c'è un polipo
8Q,8QTSUSC1,audio_8984,5,Tocca i gelati se c'è un paio di occhiali da sole
8Q,8QTSUSC1,audio_8985,5,Tocca i gelati se c'è una bicicletta
8Q,8QTSUSC1,audio_8986,5,Tocca i gelati se c'è un monopattino
8Q,8QTSUSC1,audio_8987,5,Tocca i gelati se c'è un ombrello
8Q,8QTSUSC1,audio_8988,5,Tocca i gelati se c'è una bambina
8Q,8QTSUSC1,audio_8989,5,Tocca tutti gli occhiali da sole se c'è un leone
8Q,8QTSUSC1,audio_8990,5,Tocca tutti gli occhiali da sole se c'è una scimmia
8Q,8QTSUSC1,audio_8991,5,Tocca tutti gli occhiali da sole se c'è un pappagallo
8Q,8QTSUSC1,audio_8992,5,Tocca tutti gli occhiali da sole se c'è un polipo
8Q,8QTSUSC1,audio_8993,5,Tocca tutti gli occhiali da sole se c'è un gelato
8Q,8QTSUSC1,audio_8994,5,Tocca tutti gli occhiali da sole se c'è una bicicletta
8Q,8QTSUSC1,audio_8995,5,Tocca tutti gli occhiali da sole se c'è un monopattino
8Q,8QTSUSC1,audio_8996,5,Tocca tutti gli occhiali da sole se c'è un ombrello
8Q,8QTSUSC1,audio_8997,5,Tocca tutti gli occhiali da sole se c'è una bambina
8Q,8QTSUSC1,audio_8998,5,Tocca le biciclette se c'è un leone
8Q,8QTSUSC1,audio_8999,5,Tocca le biciclette se c'è una scimmia
8Q,8QTSUSC1,audio_9000,5,Tocca le biciclette se c'è un pappagallo
8Q,8QTSUSC1,audio_9001,5,Tocca le biciclette se c'è un polipo
8Q,8QTSUSC1,audio_9002,5,Tocca le biciclette se c'è un gelato
8Q,8QTSUSC1,audio_9003,5,Tocca le biciclette se c'è un paio di occhiali da sole
8Q,8QTSUSC1,audio_9004,5,Tocca le biciclette se c'è un monopattino
8Q,8QTSUSC1,audio_9005,5,Tocca le biciclette se c'è un ombrello
8Q,8QTSUSC1,audio_9006,5,Tocca le biciclette se c'è una bambina
8Q,8QTSUSC1,audio_9007,5,Tocca i monopattini se c'è un leone
8Q,8QTSUSC1,audio_9008,5,Tocca i monopattini se c'è una scimmia
8Q,8QTSUSC1,audio_9009,5,Tocca i monopattini se c'è un pappagallo
8Q,8QTSUSC1,audio_9010,5,Tocca i monopattini se c'è un polipo
8Q,8QTSUSC1,audio_9011,5,Tocca i monopattini se c'è un gelato
8Q,8QTSUSC1,audio_9012,5,Tocca i monopattini se c'è un paio di occhiali da sole
8Q,8QTSUSC1,audio_9013,5,Tocca i monopattini se c'è una bicicletta
8Q,8QTSUSC1,audio_9014,5,Tocca i monopattini se c'è un ombrello
8Q,8QTSUSC1,audio_9015,5,Tocca i monopattini se c'è una bambina
8Q,8QTSUSC1,audio_9016,5,Tocca gli ombrelli se c'è un leone
8Q,8QTSUSC1,audio_9017,5,Tocca gli ombrelli se c'è una scimmia
8Q,8QTSUSC1,audio_9018,5,Tocca gli ombrelli se c'è un pappagallo
8Q,8QTSUSC1,audio_9019,5,Tocca gli ombrelli se c'è un polipo
8Q,8QTSUSC1,audio_9020,5,Tocca gli ombrelli se c'è un gelato
8Q,8QTSUSC1,audio_9021,5,Tocca gli ombrelli se c'è un paio di occhiali da sole
8Q,8QTSUSC1,audio_9022,5,Tocca gli ombrelli se c'è una bicicletta
8Q,8QTSUSC1,audio_9023,5,Tocca gli ombrelli se c'è un monopattino
8Q,8QTSUSC1,audio_9024,5,Tocca gli ombrelli se c'è una bambina
8Q,8QTSUSC1,audio_9025,5,Tocca le bambine se c'è un leone
8Q,8QTSUSC1,audio_9026,5,Tocca le bambine se c'è una scimmia
8Q,8QTSUSC1,audio_9027,5,Tocca le bambine se c'è un pappagallo
8Q,8QTSUSC1,audio_9028,5,Tocca le bambine se c'è un polipo
8Q,8QTSUSC1,audio_9029,5,Tocca le bambine se c'è un gelato
8Q,8QTSUSC1,audio_9030,5,Tocca le bambine se c'è un paio di occhiali da sole
8Q,8QTSUSC1,audio_9031,5,Tocca le bambine se c'è una bicicletta
8Q,8QTSUSC1,audio_9032,5,Tocca le bambine se c'è un monopattino
8Q,8QTSUSC1,audio_9033,5,Tocca le bambine se c'è un ombrello
8Q,8QTSUSC2,audio_9034,6,Tocca i leoni se ci sono due scimmie
8Q,8QTSUSC2,audio_9035,6,Tocca i leoni se ci sono due pappagalli
8Q,8QTSUSC2,audio_9036,6,Tocca i leoni se ci sono due polipi
8Q,8QTSUSC2,audio_9037,6,Tocca i leoni se ci sono due gelati
8Q,8QTSUSC2,audio_9038,6,Tocca i leoni se ci sono due paia di occhiali da sole
8Q,8QTSUSC2,audio_9039,6,Tocca i leoni se ci sono due biciclette
8Q,8QTSUSC2,audio_9040,6,Tocca i leoni se ci sono due monopattini
8Q,8QTSUSC2,audio_9041,6,Tocca i leoni se ci sono due ombrelli
8Q,8QTSUSC2,audio_9042,6,Tocca i leoni se ci sono due bambine
8Q,8QTSUSC2,audio_9043,6,Tocca le scimmie se ci sono due leoni
8Q,8QTSUSC2,audio_9044,6,Tocca le scimmie se ci sono due pappagalli
8Q,8QTSUSC2,audio_9045,6,Tocca le scimmie se ci sono due polipi
8Q,8QTSUSC2,audio_9046,6,Tocca le scimmie se ci sono due gelati
8Q,8QTSUSC2,audio_9047,6,Tocca le scimmie se ci sono due paia di occhiali da sole
8Q,8QTSUSC2,audio_9048,6,Tocca le scimmie se ci sono due biciclette
8Q,8QTSUSC2,audio_9049,6,Tocca le scimmie se ci sono due monopattini
8Q,8QTSUSC2,audio_9050,6,Tocca le scimmie se ci sono due ombrelli
8Q,8QTSUSC2,audio_9051,6,Tocca le scimmie se ci sono due bambine
8Q,8QTSUSC2,audio_9052,6,Tocca i pappagalli se ci sono due leoni
8Q,8QTSUSC2,audio_9053,6,Tocca i pappagalli se ci sono due scimmie
8Q,8QTSUSC2,audio_9054,6,Tocca i pappagalli se ci sono due polipi
8Q,8QTSUSC2,audio_9055,6,Tocca i pappagalli se ci sono due gelati
8Q,8QTSUSC2,audio_9056,6,Tocca i pappagalli se ci sono due paia di occhiali da sole
8Q,8QTSUSC2,audio_9057,6,Tocca i pappagalli se ci sono due biciclette
8Q,8QTSUSC2,audio_9058,6,Tocca i pappagalli se ci sono due monopattini
8Q,8QTSUSC2,audio_9059,6,Tocca i pappagalli se ci sono due ombrelli
8Q,8QTSUSC2,audio_9060,6,Tocca i pappagalli se ci sono due bambine
8Q,8QTSUSC2,audio_9061,6,Tocca i polipi se ci sono due leoni
8Q,8QTSUSC2,audio_9062,6,Tocca i polipi se ci sono due scimmie
8Q,8QTSUSC2,audio_9063,6,Tocca i polipi se ci sono due pappagalli
8Q,8QTSUSC2,audio_9064,6,Tocca i polipi se ci sono due gelati
8Q,8QTSUSC2,audio_9065,6,Tocca i polipi se ci sono due paia di occhiali da sole
8Q,8QTSUSC2,audio_9066,6,Tocca i polipi se ci sono due biciclette
8Q,8QTSUSC2,audio_9067,6,Tocca i polipi se ci sono due monopattini
8Q,8QTSUSC2,audio_9068,6,Tocca i polipi se ci sono due ombrelli
8Q,8QTSUSC2,audio_9069,6,Tocca i polipi se ci sono due bambine
8Q,8QTSUSC2,audio_9070,6,Tocca i gelati se ci sono due leoni
8Q,8QTSUSC2,audio_9071,6,Tocca i gelati se ci sono due scimmie
8Q,8QTSUSC2,audio_9072,6,Tocca i gelati se ci sono due pappagalli
8Q,8QTSUSC2,audio_9073,6,Tocca i gelati se ci sono due polipi
8Q,8QTSUSC2,audio_9074,6,Tocca i gelati se ci sono due paia di occhiali da sole
8Q,8QTSUSC2,audio_9075,6,Tocca i gelati se ci sono due biciclette
8Q,8QTSUSC2,audio_9076,6,Tocca i gelati se ci sono due monopattini
8Q,8QTSUSC2,audio_9077,6,Tocca i gelati se ci sono due ombrelli
8Q,8QTSUSC2,audio_9078,6,Tocca i gelati se ci sono due bambine
8Q,8QTSUSC2,audio_9079,6,Tocca tutti gli occhiali da sole se ci sono due leoni
8Q,8QTSUSC2,audio_9080,6,Tocca tutti gli occhiali da sole se ci sono due scimmie
8Q,8QTSUSC2,audio_9081,6,Tocca tutti gli occhiali da sole se ci sono due pappagalli
8Q,8QTSUSC2,audio_9082,6,Tocca tutti gli occhiali da sole se ci sono due polipi
8Q,8QTSUSC2,audio_9083,6,Tocca tutti gli occhiali da sole se ci sono due gelati
8Q,8QTSUSC2,audio_9084,6,Tocca tutti gli occhiali da sole se ci sono due biciclette
8Q,8QTSUSC2,audio_9085,6,Tocca tutti gli occhiali da sole se ci sono due monopattini
8Q,8QTSUSC2,audio_9086,6,Tocca tutti gli occhiali da sole se ci sono due ombrelli
8Q,8QTSUSC2,audio_9087,6,Tocca tutti gli occhiali da sole se ci sono due bambine
8Q,8QTSUSC2,audio_9088,6,Tocca le biciclette se ci sono due leoni
8Q,8QTSUSC2,audio_9089,6,Tocca le biciclette se ci sono due scimmie
8Q,8QTSUSC2,audio_9090,6,Tocca le biciclette se ci sono due pappagalli
8Q,8QTSUSC2,audio_9091,6,Tocca le biciclette se ci sono due polipi
8Q,8QTSUSC2,audio_9092,6,Tocca le biciclette se ci sono due gelati
8Q,8QTSUSC2,audio_9093,6,Tocca le biciclette se ci sono due paia di occhiali da sole
8Q,8QTSUSC2,audio_9094,6,Tocca le biciclette se ci sono due monopattini
8Q,8QTSUSC2,audio_9095,6,Tocca le biciclette se ci sono due ombrelli
8Q,8QTSUSC2,audio_9096,6,Tocca le biciclette se  bambine
8Q,8QTSUSC2,audio_9097,6,Tocca i monopattini se ci sono due leoni
8Q,8QTSUSC2,audio_9098,6,Tocca i monopattini se ci sono due scimmie
8Q,8QTSUSC2,audio_9099,6,Tocca i monopattini se ci sono due pappagalli
8Q,8QTSUSC2,audio_9100,6,Tocca i monopattini se ci sono due polipi
8Q,8QTSUSC2,audio_9101,6,Tocca i monopattini se ci sono due gelati
8Q,8QTSUSC2,audio_9102,6,Tocca i monopattini se ci sono due paia di occhiali da sole
8Q,8QTSUSC2,audio_9103,6,Tocca i monopattini se ci sono due biciclette
8Q,8QTSUSC2,audio_9104,6,Tocca i monopattini se ci sono due ombrelli
8Q,8QTSUSC2,audio_9105,6,Tocca i monopattini se ci sono due bambine
8Q,8QTSUSC2,audio_9106,6,Tocca gli ombrelli se ci sono due leoni
8Q,8QTSUSC2,audio_9107,6,Tocca gli ombrelli se ci sono due scimmie
8Q,8QTSUSC2,audio_9108,6,Tocca gli ombrelli se ci sono due pappagalli
8Q,8QTSUSC2,audio_9109,6,Tocca gli ombrelli se ci sono due polipi
8Q,8QTSUSC2,audio_9110,6,Tocca gli ombrelli se ci sono due gelati
8Q,8QTSUSC2,audio_9111,6,Tocca gli ombrelli se ci sono due paia di occhiali da sole
8Q,8QTSUSC2,audio_9112,6,Tocca gli ombrelli se ci sono due biciclette
8Q,8QTSUSC2,audio_9113,6,Tocca gli ombrelli se ci sono due monopattini
8Q,8QTSUSC2,audio_9114,6,Tocca gli ombrelli se ci sono due bambine
8Q,8QTSUSC2,audio_9115,6,Tocca le bambine se ci sono due leoni
8Q,8QTSUSC2,audio_9116,6,Tocca le bambine se ci sono due scimmie
8Q,8QTSUSC2,audio_9117,6,Tocca le bambine se ci sono due pappagalli
8Q,8QTSUSC2,audio_9118,6,Tocca le bambine se ci sono due polipi
8Q,8QTSUSC2,audio_9119,6,Tocca le bambine se ci sono due gelati
8Q,8QTSUSC2,audio_9120,6,Tocca le bambine se ci sono due paia di occhiali da sole
8Q,8QTSUSC2,audio_9121,6,Tocca le bambine se ci sono due biciclette
8Q,8QTSUSC2,audio_9122,6,Tocca le bambine se ci sono due monopattini
8Q,8QTSUSC2,audio_9123,6,Tocca le bambine se ci sono due ombrelli
8Q,8QTCOSC1,audio_9124,4,Tocca i leoni se vedi un disegno rosso
8Q,8QTCOSC1,audio_9125,4,Tocca i leoni se vedi un disegno verde
8Q,8QTCOSC1,audio_9126,4,Tocca i leoni se vedi un disegno giallo
8Q,8QTCOSC1,audio_9127,4,Tocca i leoni se vedi un disegno blu
8Q,8QTCOSC1,audio_9128,4,Tocca le scimmie se vedi un disegno rosso
8Q,8QTCOSC1,audio_9129,4,Tocca le scimmie se vedi un disegno verde
8Q,8QTCOSC1,audio_9130,4,Tocca le scimmie se vedi un disegno giallo
8Q,8QTCOSC1,audio_9131,4,Tocca le scimmie se vedi un disegno blu
8Q,8QTCOSC1,audio_9132,4,Tocca i pappagalli se vedi un disegno rosso
8Q,8QTCOSC1,audio_9133,4,Tocca i pappagalli se vedi un disegno verde
8Q,8QTCOSC1,audio_9134,4,Tocca i pappagalli se vedi un disegno giallo
8Q,8QTCOSC1,audio_9135,4,Tocca i pappagalli se vedi un disegno blu
8Q,8QTCOSC1,audio_9136,4,Tocca i polipi se vedi un disegno rosso
8Q,8QTCOSC1,audio_9137,4,Tocca i polipi se vedi un disegno verde
8Q,8QTCOSC1,audio_9138,4,Tocca i polipi se vedi un disegno giallo
8Q,8QTCOSC1,audio_9139,4,Tocca i polipi se vedi un disegno blu
8Q,8QTCOSC1,audio_9140,4,Tocca i gelati se vedi un disegno rosso
8Q,8QTCOSC1,audio_9141,4,Tocca i gelati se vedi un disegno verde
8Q,8QTCOSC1,audio_9142,4,Tocca i gelati se vedi un disegno giallo
8Q,8QTCOSC1,audio_9143,4,Tocca i gelati se vedi un disegno blu
8Q,8QTCOSC1,audio_9144,4,Tocca tutti gli occhiali da sole se vedi un disegno rosso
8Q,8QTCOSC1,audio_9145,4,Tocca tutti gli occhiali da sole se vedi un disegno verde
8Q,8QTCOSC1,audio_9146,4,Tocca tutti gli occhiali da sole se vedi un disegno giallo
8Q,8QTCOSC1,audio_9147,4,Tocca tutti gli occhiali da sole se vedi un disegno blu
8Q,8QTCOSC1,audio_9148,4,Tocca le biciclette se vedi un disegno rosso
8Q,8QTCOSC1,audio_9149,4,Tocca le biciclette se vedi un disegno verde
8Q,8QTCOSC1,audio_9150,4,Tocca le biciclette se vedi un disegno giallo
8Q,8QTCOSC1,audio_9151,4,Tocca le biciclette se vedi un disegno blu
8Q,8QTCOSC1,audio_9152,4,Tocca i monopattini se vedi un disegno rosso
8Q,8QTCOSC1,audio_9153,4,Tocca i monopattini se vedi un disegno verde
8Q,8QTCOSC1,audio_9154,4,Tocca i monopattini se vedi un disegno giallo
8Q,8QTCOSC1,audio_9155,4,Tocca i monopattini se vedi un disegno blu
8Q,8QTCOSC1,audio_9156,4,Tocca gli ombrelli se vedi un disegno rosso
8Q,8QTCOSC1,audio_9157,4,Tocca gli ombrelli se vedi un disegno verde
8Q,8QTCOSC1,audio_9158,4,Tocca gli ombrelli se vedi un disegno giallo
8Q,8QTCOSC1,audio_9159,4,Tocca gli ombrelli se vedi un disegno blu
8Q,8QTCOSC1,audio_9160,4,Tocca le bambine se vedi un disegno rosso
8Q,8QTCOSC1,audio_9161,4,Tocca le bambine se vedi un disegno verde
8Q,8QTCOSC1,audio_9162,4,Tocca le bambine se vedi un disegno giallo
8Q,8QTCOSC1,audio_9163,4,Tocca le bambine se vedi un disegno blu
8Q,8QTCOSC2,audio_9164,5,Tocca i leoni se ci sono due disegni rossi
8Q,8QTCOSC2,audio_9165,5,Tocca i leoni se ci sono due disegni verdi
8Q,8QTCOSC2,audio_9166,5,Tocca i leoni se ci sono due disegni gialli
8Q,8QTCOSC2,audio_9167,5,Tocca i leoni se ci sono due disegni blu
8Q,8QTCOSC2,audio_9168,5,Tocca le scimmie se ci sono due disegni rossi
8Q,8QTCOSC2,audio_9169,5,Tocca le scimmie se ci sono due disegni verdi
8Q,8QTCOSC2,audio_9170,5,Tocca le scimmie se ci sono due disegni gialli
8Q,8QTCOSC2,audio_9171,5,Tocca le scimmie se ci sono due disegni blu
8Q,8QTCOSC2,audio_9172,5,Tocca i pappagalli se ci sono due disegni rossi
8Q,8QTCOSC2,audio_9173,5,Tocca i pappagalli se ci sono due disegni verdi
8Q,8QTCOSC2,audio_9174,5,Tocca i pappagalli se ci sono due disegni gialli
8Q,8QTCOSC2,audio_9175,5,Tocca i pappagalli se ci sono due disegni blu
8Q,8QTCOSC2,audio_9176,5,Tocca i polipi se ci sono due disegni rossi
8Q,8QTCOSC2,audio_9177,5,Tocca i polipi se ci sono due disegni verdi
8Q,8QTCOSC2,audio_9178,5,Tocca i polipi se ci sono due disegni gialli
8Q,8QTCOSC2,audio_9179,5,Tocca i polipi se ci sono due disegni blu
8Q,8QTCOSC2,audio_9180,5,Tocca i gelati se ci sono due disegni rossi
8Q,8QTCOSC2,audio_9181,5,Tocca i gelati se ci sono due disegni verdi
8Q,8QTCOSC2,audio_9182,5,Tocca i gelati se ci sono due disegni gialli
8Q,8QTCOSC2,audio_9183,5,Tocca i gelati se ci sono due disegni blu
8Q,8QTCOSC2,audio_9184,5,Tocca tutti gli occhiali da sole se ci sono due disegni rossi
8Q,8QTCOSC2,audio_9185,5,Tocca tutti gli occhiali da sole se ci sono due disegni verdi
8Q,8QTCOSC2,audio_9186,5,Tocca tutti gli occhiali da sole se ci sono due disegni gialli
8Q,8QTCOSC2,audio_9187,5,Tocca tutti gli occhiali da sole se ci sono due disegni blu
8Q,8QTCOSC2,audio_9188,5,Tocca le biciclette se ci sono due disegni rossi
8Q,8QTCOSC2,audio_9189,5,Tocca le biciclette se ci sono due disegni verdi
8Q,8QTCOSC2,audio_9190,5,Tocca le biciclette se ci sono due disegni gialli
8Q,8QTCOSC2,audio_9191,5,Tocca le biciclette se ci sono due disegni blu
8Q,8QTCOSC2,audio_9192,5,Tocca i monopattini se ci sono due disegni rossi
8Q,8QTCOSC2,audio_9193,5,Tocca i monopattini se ci sono due disegni verdi
8Q,8QTCOSC2,audio_9194,5,Tocca i monopattini se ci sono due disegni gialli
8Q,8QTCOSC2,audio_9195,5,Tocca i monopattini se ci sono due disegni blu
8Q,8QTCOSC2,audio_9196,5,Tocca gli ombrelli se ci sono due disegni rossi
8Q,8QTCOSC2,audio_9197,5,Tocca gli ombrelli se ci sono due disegni verdi
8Q,8QTCOSC2,audio_9198,5,Tocca gli ombrelli se ci sono due disegni gialli
8Q,8QTCOSC2,audio_9199,5,Tocca gli ombrelli se ci sono due disegni blu
8Q,8QTCOSC2,audio_9200,5,Tocca le bambine se ci sono due disegni rossi
8Q,8QTCOSC2,audio_9201,5,Tocca le bambine se ci sono due disegni verdi
8Q,8QTCOSC2,audio_9202,5,Tocca le bambine se ci sono due disegni gialli
8Q,8QTCOSC2,audio_9203,5,Tocca le bambine se ci sono due disegni blu
8Q,8QTKNSC,audio_9204,6,Tocca i leoni se vedi qualcosa che si può mangiare
8Q,8QTKNSC,audio_9205,7,Tocca i leoni se vedi qualcosa che si può mettere sulla testa
8Q,8QTKNSC,audio_9206,6,Tocca i leoni se vedi qualcosa che si può guidare
8Q,8QTKNSC,audio_9207,7,Tocca i leoni se vedi qualcosa che si può indossare
8Q,8QTKNSC,audio_9208,5,Tocca i leoni se vedi qualcosa cosa si può pedalare
8Q,8QTKNSC,audio_9209,5,Tocca i leoni se vedi qualcosa che si usa quando piove
8Q,8QTKNSC,audio_9210,6,Tocca i leoni se vedi qualcosa che può stare nella cameretta
8Q,8QTKNSC,audio_9211,5,Tocca i leoni se vedi qualcuno che sa parlare
8Q,8QTKNSC,audio_9212,5,Tocca i leoni se vedi qualcuno che non sa parlare
8Q,8QTKNSC,audio_9213,5,Tocca i leoni se vedi qualcuno che sa volare
8Q,8QTKNSC,audio_9214,5,Tocca i leoni se vedi qualcuno che non sa volare
8Q,8QTKNSC,audio_9215,5,Tocca i leoni se vedi qualcosa ha le ruote
8Q,8QTKNSC,audio_9216,6,Tocca i leoni se vedi qualcuno che sa nuotare
8Q,8QTKNSC,audio_9217,6,Tocca i leoni se vedi qualcuno che non ha le zampe
8Q,8QTKNSC,audio_9218,5,Tocca i leoni se vedi qualcuno che cammina su due zampe
8Q,8QTKNSC,audio_9219,5,Tocca i leoni se vedi qualcuno che cammina a quattro zampe
8Q,8QTKNSC,audio_9220,5,Tocca i leoni se vedi qualcuno che ruggisce
8Q,8QTKNSC,audio_9221,5,Tocca i leoni se vedi qualcuno che ha il becco
8Q,8QTKNSC,audio_9222,6,Tocca i leoni se vedi qualcuno che può vivere in casa
8Q,8QTKNSC,audio_9223,5,Tocca i leoni se vedi qualcuno che non può vivere in città
8Q,8QTKNSC,audio_9224,5,Tocca i leoni se vedi qualcosa si può mettere sopra un tavolo
8Q,8QTKNSC,audio_9225,6,Tocca i leoni se vedi qualcuno che sa correre
8Q,8QTKNSC,audio_9226,6,Tocca i leoni se vedi qualcuno che può stare sugli alberi
8Q,8QTKNSC,audio_9227,7,Tocca i leoni se vedi qualcuno che può arrampicarsi
8Q,8QTKNSC,audio_9228,6,Tocca le scimmie se vedi qualcosa che si può mangiare
8Q,8QTKNSC,audio_9229,7,Tocca le scimmie se vedi qualcosa che si può mettere sulla testa
8Q,8QTKNSC,audio_9230,6,Tocca le scimmie se vedi qualcosa che si può guidare
8Q,8QTKNSC,audio_9231,7,Tocca le scimmie se vedi qualcosa che si può indossare
8Q,8QTKNSC,audio_9232,5,Tocca le scimmie se vedi qualcosa cosa si può pedalare
8Q,8QTKNSC,audio_9233,5,Tocca le scimmie se vedi qualcosa che si usa quando piove
8Q,8QTKNSC,audio_9234,6,Tocca le scimmie se vedi qualcosa che può stare nella cameretta
8Q,8QTKNSC,audio_9235,5,Tocca le scimmie se vedi qualcuno che sa parlare
8Q,8QTKNSC,audio_9236,5,Tocca le scimmie se vedi qualcuno che non sa parlare
8Q,8QTKNSC,audio_9237,5,Tocca le scimmie se vedi qualcuno che sa volare
8Q,8QTKNSC,audio_9238,5,Tocca le scimmie se vedi qualcuno che non sa volare
8Q,8QTKNSC,audio_9239,5,Tocca le scimmie se vedi qualcosa ha le ruote
8Q,8QTKNSC,audio_9240,6,Tocca le scimmie se vedi qualcuno che sa nuotare
8Q,8QTKNSC,audio_9241,6,Tocca le scimmie se vedi qualcuno che non ha le zampe
8Q,8QTKNSC,audio_9242,5,Tocca le scimmie se vedi qualcuno che cammina su due zampe
8Q,8QTKNSC,audio_9243,5,Tocca le scimmie se vedi qualcuno che cammina a quattro zampe
8Q,8QTKNSC,audio_9244,5,Tocca le scimmie se vedi qualcuno che ruggisce
8Q,8QTKNSC,audio_9245,5,Tocca le scimmie se vedi qualcuno che ha il becco
8Q,8QTKNSC,audio_9246,6,Tocca le scimmie se vedi qualcuno che può vivere in casa
8Q,8QTKNSC,audio_9247,5,Tocca le scimmie se vedi qualcuno che non può vivere in città
8Q,8QTKNSC,audio_9248,5,Tocca le scimmie se vedi qualcosa si può mettere sopra un tavolo
8Q,8QTKNSC,audio_9249,6,Tocca le scimmie se vedi qualcuno che sa correre
8Q,8QTKNSC,audio_9250,6,Tocca le scimmie se vedi qualcuno che può stare sugli alberi
8Q,8QTKNSC,audio_9251,7,Tocca le scimmie se vedi qualcuno che può arrampicarsi
8Q,8QTKNSC,audio_9252,6,Tocca i pappagalli se vedi qualcosa che si può mangiare
8Q,8QTKNSC,audio_9253,7,Tocca i pappagalli se vedi qualcosa che si può mettere sulla testa
8Q,8QTKNSC,audio_9254,6,Tocca i pappagalli se vedi qualcosa che si può guidare
8Q,8QTKNSC,audio_9255,7,Tocca i pappagalli se vedi qualcosa che si può indossare
8Q,8QTKNSC,audio_9256,5,Tocca i pappagalli se vedi qualcosa cosa si può pedalare
8Q,8QTKNSC,audio_9257,5,Tocca i pappagalli se vedi qualcosa che si usa quando piove
8Q,8QTKNSC,audio_9258,6,Tocca i pappagalli se vedi qualcosa che può stare nella cameretta
8Q,8QTKNSC,audio_9259,5,Tocca i pappagalli se vedi qualcuno che sa parlare
8Q,8QTKNSC,audio_9260,5,Tocca i pappagalli se vedi qualcuno che non sa parlare
8Q,8QTKNSC,audio_9261,5,Tocca i pappagalli se vedi qualcuno che sa volare
8Q,8QTKNSC,audio_9262,5,Tocca i pappagalli se vedi qualcuno che non sa volare
8Q,8QTKNSC,audio_9263,5,Tocca i pappagalli se vedi qualcosa ha le ruote
8Q,8QTKNSC,audio_9264,6,Tocca i pappagalli se vedi qualcuno che sa nuotare
8Q,8QTKNSC,audio_9265,6,Tocca i pappagalli se vedi qualcuno che non ha le zampe
8Q,8QTKNSC,audio_9266,5,Tocca i pappagalli se vedi qualcuno che cammina su due zampe
8Q,8QTKNSC,audio_9267,5,Tocca i pappagalli se vedi qualcuno che cammina a quattro zampe
8Q,8QTKNSC,audio_9268,5,Tocca i pappagalli se vedi qualcuno che ruggisce
8Q,8QTKNSC,audio_9269,5,Tocca i pappagalli se vedi qualcuno che ha il becco
8Q,8QTKNSC,audio_9270,6,Tocca i pappagalli se vedi qualcuno che può vivere in casa
8Q,8QTKNSC,audio_9271,5,Tocca i pappagalli se vedi qualcuno che non può vivere in città
8Q,8QTKNSC,audio_9272,5,Tocca i pappagalli se vedi qualcosa si può mettere sopra un tavolo
8Q,8QTKNSC,audio_9273,6,Tocca i pappagalli se vedi qualcuno che sa correre
8Q,8QTKNSC,audio_9274,6,Tocca i pappagalli se vedi qualcuno che può stare sugli alberi
8Q,8QTKNSC,audio_9275,7,Tocca i pappagalli se vedi qualcuno che può arrampicarsi
8Q,8QTKNSC,audio_9276,6,Tocca i polipi se vedi qualcosa che si può mangiare
8Q,8QTKNSC,audio_9277,7,Tocca i polipi se vedi qualcosa che si può mettere sulla testa
8Q,8QTKNSC,audio_9278,6,Tocca i polipi se vedi qualcosa che si può guidare
8Q,8QTKNSC,audio_9279,7,Tocca i polipi se vedi qualcosa che si può indossare
8Q,8QTKNSC,audio_9280,5,Tocca i polipi se vedi qualcosa cosa si può pedalare
8Q,8QTKNSC,audio_9281,5,Tocca i polipi se vedi qualcosa che si usa quando piove
8Q,8QTKNSC,audio_9282,6,Tocca i polipi se vedi qualcosa che può stare nella cameretta
8Q,8QTKNSC,audio_9283,5,Tocca i polipi se vedi qualcuno che sa parlare
8Q,8QTKNSC,audio_9284,5,Tocca i polipi se vedi qualcuno che non sa parlare
8Q,8QTKNSC,audio_9285,5,Tocca i polipi se vedi qualcuno che sa volare
8Q,8QTKNSC,audio_9286,5,Tocca i polipi se vedi qualcuno che non sa volare
8Q,8QTKNSC,audio_9287,5,Tocca i polipi se vedi qualcosa ha le ruote
8Q,8QTKNSC,audio_9288,6,Tocca i polipi se vedi qualcuno che sa nuotare
8Q,8QTKNSC,audio_9289,6,Tocca i polipi se vedi qualcuno che non ha le zampe
8Q,8QTKNSC,audio_9290,5,Tocca i polipi se vedi qualcuno che cammina su due zampe
8Q,8QTKNSC,audio_9291,5,Tocca i polipi se vedi qualcuno che cammina a quattro zampe
8Q,8QTKNSC,audio_9292,5,Tocca i polipi se vedi qualcuno che ruggisce
8Q,8QTKNSC,audio_9293,5,Tocca i polipi se vedi qualcuno che ha il becco
8Q,8QTKNSC,audio_9294,6,Tocca i polipi se vedi qualcuno che può vivere in casa
8Q,8QTKNSC,audio_9295,5,Tocca i polipi se vedi qualcuno che non può vivere in città
8Q,8QTKNSC,audio_9296,5,Tocca i polipi se vedi qualcosa si può mettere sopra un tavolo
8Q,8QTKNSC,audio_9297,6,Tocca i polipi se vedi qualcuno che sa correre
8Q,8QTKNSC,audio_9298,6,Tocca i polipi se vedi qualcuno che può stare sugli alberi
8Q,8QTKNSC,audio_9299,7,Tocca i polipi se vedi qualcuno che può arrampicarsi
8Q,8QTKNSC,audio_9300,6,Tocca i gelati se vedi qualcosa che si può mangiare
8Q,8QTKNSC,audio_9301,7,Tocca i gelati se vedi qualcosa che si può mettere sulla testa
8Q,8QTKNSC,audio_9302,6,Tocca i gelati se vedi qualcosa che si può guidare
8Q,8QTKNSC,audio_9303,7,Tocca i gelati se vedi qualcosa che si può indossare
8Q,8QTKNSC,audio_9304,5,Tocca i gelati se vedi qualcosa cosa si può pedalare
8Q,8QTKNSC,audio_9305,5,Tocca i gelati se vedi qualcosa che si usa quando piove
8Q,8QTKNSC,audio_9306,6,Tocca i gelati se vedi qualcosa che può stare nella cameretta
8Q,8QTKNSC,audio_9307,5,Tocca i gelati se vedi qualcuno che sa parlare
8Q,8QTKNSC,audio_9308,5,Tocca i gelati se vedi qualcuno che non sa parlare
8Q,8QTKNSC,audio_9309,5,Tocca i gelati se vedi qualcuno che sa volare
8Q,8QTKNSC,audio_9310,5,Tocca i gelati se vedi qualcuno che non sa volare
8Q,8QTKNSC,audio_9311,5,Tocca i gelati se vedi qualcosa ha le ruote
8Q,8QTKNSC,audio_9312,6,Tocca i gelati se vedi qualcuno che sa nuotare
8Q,8QTKNSC,audio_9313,6,Tocca i gelati se vedi qualcuno che non ha le zampe
8Q,8QTKNSC,audio_9314,5,Tocca i gelati se vedi qualcuno che cammina su due zampe
8Q,8QTKNSC,audio_9315,5,Tocca i gelati se vedi qualcuno che cammina a quattro zampe
8Q,8QTKNSC,audio_9316,5,Tocca i gelati se vedi qualcuno che ruggisce
8Q,8QTKNSC,audio_9317,5,Tocca i gelati se vedi qualcuno che ha il becco
8Q,8QTKNSC,audio_9318,6,Tocca i gelati se vedi qualcuno che può vivere in casa
8Q,8QTKNSC,audio_9319,5,Tocca i gelati se vedi qualcuno che non può vivere in città
8Q,8QTKNSC,audio_9320,5,Tocca i gelati se vedi qualcosa si può mettere sopra un tavolo
8Q,8QTKNSC,audio_9321,6,Tocca i gelati se vedi qualcuno che sa correre
8Q,8QTKNSC,audio_9322,6,Tocca i gelati se vedi qualcuno che può stare sugli alberi
8Q,8QTKNSC,audio_9323,7,Tocca i gelati se vedi qualcuno che può arrampicarsi
8Q,8QTKNSC,audio_9324,6,Tocca tutti gli occhiali da sole se vedi qualcosa che si può mangiare
8Q,8QTKNSC,audio_9325,7,Tocca tutti gli occhiali da sole se vedi qualcosa che si può mettere sulla testa
8Q,8QTKNSC,audio_9326,6,Tocca tutti gli occhiali da sole se vedi qualcosa che si può guidare
8Q,8QTKNSC,audio_9327,7,Tocca tutti gli occhiali da sole se vedi qualcosa che si può indossare
8Q,8QTKNSC,audio_9328,5,Tocca tutti gli occhiali da sole se vedi qualcosa cosa si può pedalare
8Q,8QTKNSC,audio_9329,5,Tocca tutti gli occhiali da sole se vedi qualcosa che si usa quando piove
8Q,8QTKNSC,audio_9330,6,Tocca tutti gli occhiali da sole se vedi qualcosa che può stare nella cameretta
8Q,8QTKNSC,audio_9331,5,Tocca tutti gli occhiali da sole se vedi qualcuno che sa parlare
8Q,8QTKNSC,audio_9332,5,Tocca tutti gli occhiali da sole se vedi qualcuno che non sa parlare
8Q,8QTKNSC,audio_9333,5,Tocca tutti gli occhiali da sole se vedi qualcuno che sa volare
8Q,8QTKNSC,audio_9334,5,Tocca tutti gli occhiali da sole se vedi qualcuno che non sa volare
8Q,8QTKNSC,audio_9335,5,Tocca tutti gli occhiali da sole se vedi qualcosa ha le ruote
8Q,8QTKNSC,audio_9336,6,Tocca tutti gli occhiali da sole se vedi qualcuno che sa nuotare
8Q,8QTKNSC,audio_9337,6,Tocca tutti gli occhiali da sole se vedi qualcuno che non ha le zampe
8Q,8QTKNSC,audio_9338,5,Tocca tutti gli occhiali da sole se vedi qualcuno che cammina su due zampe
8Q,8QTKNSC,audio_9339,5,Tocca tutti gli occhiali da sole se vedi qualcuno che cammina a quattro zampe
8Q,8QTKNSC,audio_9340,5,Tocca tutti gli occhiali da sole se vedi qualcuno che ruggisce
8Q,8QTKNSC,audio_9341,5,Tocca tutti gli occhiali da sole se vedi qualcuno che ha il becco
8Q,8QTKNSC,audio_9342,6,Tocca tutti gli occhiali da sole se vedi qualcuno che può vivere in casa
8Q,8QTKNSC,audio_9343,5,Tocca tutti gli occhiali da sole se vedi qualcuno che non può vivere in città
8Q,8QTKNSC,audio_9344,5,Tocca tutti gli occhiali da sole se vedi qualcosa si può mettere sopra un tavolo
8Q,8QTKNSC,audio_9345,6,Tocca tutti gli occhiali da sole se vedi qualcuno che sa correre
8Q,8QTKNSC,audio_9346,6,Tocca tutti gli occhiali da sole se vedi qualcuno che può stare sugli alberi
8Q,8QTKNSC,audio_9347,7,Tocca tutti gli occhiali da sole se vedi qualcuno che può arrampicarsi
8Q,8QTKNSC,audio_9348,6,Tocca le bicicletta se vedi qualcosa che si può mangiare
8Q,8QTKNSC,audio_9349,7,Tocca le biciclette se vedi qualcosa che si può mettere sulla testa
8Q,8QTKNSC,audio_9350,6,Tocca le biciclette se vedi qualcosa che si può guidare
8Q,8QTKNSC,audio_9351,7,Tocca le biciclette se vedi qualcosa che si può indossare
8Q,8QTKNSC,audio_9352,5,Tocca le biciclette se vedi qualcosa cosa si può pedalare
8Q,8QTKNSC,audio_9353,5,Tocca le biciclette se vedi qualcosa che si usa quando piove
8Q,8QTKNSC,audio_9354,6,Tocca le biciclette se vedi qualcosa che può stare nella cameretta
8Q,8QTKNSC,audio_9355,5,Tocca le biciclette se vedi qualcuno che sa parlare
8Q,8QTKNSC,audio_9356,5,Tocca le biciclette se vedi qualcuno che non sa parlare
8Q,8QTKNSC,audio_9357,5,Tocca le biciclette se vedi qualcuno che sa volare
8Q,8QTKNSC,audio_9358,5,Tocca le biciclette se vedi qualcuno che non sa volare
8Q,8QTKNSC,audio_9359,5,Tocca le biciclette se vedi qualcosa ha le ruote
8Q,8QTKNSC,audio_9360,6,Tocca le biciclette se vedi qualcuno che sa nuotare
8Q,8QTKNSC,audio_9361,6,Tocca le biciclette se vedi qualcuno che non ha le zampe
8Q,8QTKNSC,audio_9362,5,Tocca le biciclette se vedi qualcuno che cammina su due zampe
8Q,8QTKNSC,audio_9363,5,Tocca le biciclette se vedi qualcuno che cammina a quattro zampe
8Q,8QTKNSC,audio_9364,5,Tocca le biciclette se vedi qualcuno che ruggisce
8Q,8QTKNSC,audio_9365,5,Tocca le biciclette se vedi qualcuno che ha il becco
8Q,8QTKNSC,audio_9366,6,Tocca le biciclette se vedi qualcuno che può vivere in casa
8Q,8QTKNSC,audio_9367,5,Tocca le biciclette se vedi qualcuno che non può vivere in città
8Q,8QTKNSC,audio_9368,5,Tocca le biciclette se vedi qualcosa si può mettere sopra un tavolo
8Q,8QTKNSC,audio_9369,6,Tocca le biciclette se vedi qualcuno che sa correre
8Q,8QTKNSC,audio_9370,6,Tocca le biciclette se vedi qualcuno che può stare sugli alberi
8Q,8QTKNSC,audio_9371,7,Tocca le biciclette se vedi qualcuno che può arrampicarsi
8Q,8QTKNSC,audio_9372,6,Tocca i monopattini se vedi qualcosa che si può mangiare
8Q,8QTKNSC,audio_9373,7,Tocca i monopattini se vedi qualcosa che si può mettere sulla testa
8Q,8QTKNSC,audio_9374,6,Tocca i monopattini se vedi qualcosa che si può guidare
8Q,8QTKNSC,audio_9375,7,Tocca i monopattini se vedi qualcosa che si può indossare
8Q,8QTKNSC,audio_9376,5,Tocca i monopattini se vedi qualcosa cosa si può pedalare
8Q,8QTKNSC,audio_9377,5,Tocca i monopattini se vedi qualcosa che si usa quando piove
8Q,8QTKNSC,audio_9378,6,Tocca i monopattini se vedi qualcosa che può stare nella cameretta
8Q,8QTKNSC,audio_9379,5,Tocca i monopattini se vedi qualcuno che sa parlare
8Q,8QTKNSC,audio_9380,5,Tocca i monopattini se vedi qualcuno che non sa parlare
8Q,8QTKNSC,audio_9381,5,Tocca i monopattini se vedi qualcuno che sa volare
8Q,8QTKNSC,audio_9382,5,Tocca i monopattini se vedi qualcuno che non sa volare
8Q,8QTKNSC,audio_9383,5,Tocca i monopattini se vedi qualcosa ha le ruote
8Q,8QTKNSC,audio_9384,6,Tocca i monopattini se vedi qualcuno che sa nuotare
8Q,8QTKNSC,audio_9385,6,Tocca i monopattini se vedi qualcuno che non ha le zampe
8Q,8QTKNSC,audio_9386,5,Tocca i monopattini se vedi qualcuno che cammina su due zampe
8Q,8QTKNSC,audio_9387,5,Tocca i monopattini se vedi qualcuno che cammina a quattro zampe
8Q,8QTKNSC,audio_9388,5,Tocca i monopattini se vedi qualcuno che ruggisce
8Q,8QTKNSC,audio_9389,5,Tocca i monopattini se vedi qualcuno che ha il becco
8Q,8QTKNSC,audio_9390,6,Tocca i monopattini se vedi qualcuno che può vivere in casa
8Q,8QTKNSC,audio_9391,5,Tocca i monopattini se vedi qualcuno che non può vivere in città
8Q,8QTKNSC,audio_9392,5,Tocca i monopattini se vedi qualcosa si può mettere sopra un tavolo
8Q,8QTKNSC,audio_9393,6,Tocca i monopattini se vedi qualcuno che sa correre
8Q,8QTKNSC,audio_9394,6,Tocca i monopattini se vedi qualcuno che può stare sugli alberi
8Q,8QTKNSC,audio_9395,7,Tocca i monopattini se vedi qualcuno che può arrampicarsi
8Q,8QTKNSC,audio_9396,6,Tocca gli ombrelli se vedi qualcosa che si può mangiare
8Q,8QTKNSC,audio_9397,7,Tocca gli ombrelli se vedi qualcosa che si può mettere sulla testa
8Q,8QTKNSC,audio_9398,6,Tocca gli ombrelli se vedi qualcosa che si può guidare
8Q,8QTKNSC,audio_9399,7,Tocca gli ombrelli se vedi qualcosa che si può indossare
8Q,8QTKNSC,audio_9400,5,Tocca gli ombrelli se vedi qualcosa cosa si può pedalare
8Q,8QTKNSC,audio_9401,5,Tocca gli ombrelli se vedi qualcosa che si usa quando piove
8Q,8QTKNSC,audio_9402,6,Tocca gli ombrelli se vedi qualcosa che può stare nella cameretta
8Q,8QTKNSC,audio_9403,5,Tocca gli ombrelli se vedi qualcuno che sa parlare
8Q,8QTKNSC,audio_9404,5,Tocca gli ombrelli se vedi qualcuno che non sa parlare
8Q,8QTKNSC,audio_9405,5,Tocca gli ombrelli se vedi qualcuno che sa volare
8Q,8QTKNSC,audio_9406,5,Tocca gli ombrelli se vedi qualcuno che non sa volare
8Q,8QTKNSC,audio_9407,5,Tocca gli ombrelli se vedi qualcosa ha le ruote
8Q,8QTKNSC,audio_9408,6,Tocca gli ombrelli se vedi qualcuno che sa nuotare
8Q,8QTKNSC,audio_9409,6,Tocca gli ombrelli se vedi qualcuno che non ha le zampe
8Q,8QTKNSC,audio_9410,5,Tocca gli ombrelli se vedi qualcuno che cammina su due zampe
8Q,8QTKNSC,audio_9411,5,Tocca gli ombrelli se vedi qualcuno che cammina a quattro zampe
8Q,8QTKNSC,audio_9412,5,Tocca gli ombrelli se vedi qualcuno che ruggisce
8Q,8QTKNSC,audio_9413,5,Tocca gli ombrelli se vedi qualcuno che ha il becco
8Q,8QTKNSC,audio_9414,6,Tocca gli ombrelli se vedi qualcuno che può vivere in casa
8Q,8QTKNSC,audio_9415,5,Tocca gli ombrelli se vedi qualcuno che non può vivere in città
8Q,8QTKNSC,audio_9416,5,Tocca gli ombrelli se vedi qualcosa si può mettere sopra un tavolo
8Q,8QTKNSC,audio_9417,6,Tocca gli ombrelli se vedi qualcuno che sa correre
8Q,8QTKNSC,audio_9418,6,Tocca gli ombrelli se vedi qualcuno che può stare sugli alberi
8Q,8QTKNSC,audio_9419,7,Tocca gli ombrelli se vedi qualcuno che può arrampicarsi
8Q,8QTKNSC,audio_9420,6,Tocca le bambine se vedi qualcosa che si può mangiare
8Q,8QTKNSC,audio_9421,7,Tocca le bambine se vedi qualcosa che si può mettere sulla testa
8Q,8QTKNSC,audio_9422,6,Tocca le bambine se vedi qualcosa che si può guidare
8Q,8QTKNSC,audio_9423,7,Tocca le bambine se vedi qualcosa che si può indossare
8Q,8QTKNSC,audio_9424,5,Tocca le bambine se vedi qualcosa cosa si può pedalare
8Q,8QTKNSC,audio_9425,5,Tocca le bambine se vedi qualcosa che si usa quando piove
8Q,8QTKNSC,audio_9426,6,Tocca le bambine se vedi qualcosa che può stare nella cameretta
8Q,8QTKNSC,audio_9427,5,Tocca le bambine se vedi qualcuno che sa parlare
8Q,8QTKNSC,audio_9428,5,Tocca le bambine se vedi qualcuno che non sa parlare
8Q,8QTKNSC,audio_9429,5,Tocca le bambine se vedi qualcuno che sa volare
8Q,8QTKNSC,audio_9430,5,Tocca le bambine se vedi qualcuno che non sa volare
8Q,8QTKNSC,audio_9431,5,Tocca le bambine se vedi qualcosa ha le ruote
8Q,8QTKNSC,audio_9432,6,Tocca le bambine se vedi qualcuno che sa nuotare
8Q,8QTKNSC,audio_9433,6,Tocca le bambine se vedi qualcuno che non ha le zampe
8Q,8QTKNSC,audio_9434,5,Tocca le bambine se vedi qualcuno che cammina su due zampe
8Q,8QTKNSC,audio_9435,5,Tocca le bambine se vedi qualcuno che cammina a quattro zampe
8Q,8QTKNSC,audio_9436,5,Tocca le bambine se vedi qualcuno che ruggisce
8Q,8QTKNSC,audio_9437,5,Tocca le bambine se vedi qualcuno che ha il becco
8Q,8QTKNSC,audio_9438,6,Tocca le bambine se vedi qualcuno che può vivere in casa
8Q,8QTKNSC,audio_9439,5,Tocca le bambine se vedi qualcuno che non può vivere in città
8Q,8QTKNSC,audio_9440,5,Tocca le bambine se vedi qualcosa si può mettere sopra un tavolo
8Q,8QTKNSC,audio_9441,6,Tocca le bambine se vedi qualcuno che sa correre
8Q,8QTKNSC,audio_9442,6,Tocca le bambine se vedi qualcuno che può stare sugli alberi
8Q,8QTKNSC,audio_9443,7,Tocca le bambine se vedi qualcuno che può arrampicarsi
8Q,8QTKNDC,audio_9444,8,Tocca i leoni se vedi qualcuno che sa nuotare e correre
8Q,8QTKNDC,audio_9445,8,Tocca i leoni se vedi qualcuno che sa correre e parlare
8Q,8QTKNDC,audio_9446,8,Tocca i leoni se vedi qualcuno che cammina su due zampe e non può volare
8Q,8QTKNDC,audio_9447,8,Tocca le scimmie se vedi qualcuno che sa nuotare e correre
8Q,8QTKNDC,audio_9448,8,Tocca le scimmie se vedi qualcuno che sa correre e parlare
8Q,8QTKNDC,audio_9449,8,Tocca le scimmie se vedi qualcuno che cammina su due zampe e non può volare
8Q,8QTKNDC,audio_9450,8,Tocca i pappagalli se vedi qualcuno che sa nuotare e correre
8Q,8QTKNDC,audio_9451,8,Tocca i pappagalli se vedi qualcuno che sa correre e parlare
8Q,8QTKNDC,audio_9452,8,Tocca i pappagalli se vedi qualcuno che cammina su due zampe e non può volare
8Q,8QTKNDC,audio_9453,8,Tocca i polipi se vedi qualcuno che sa nuotare e correre
8Q,8QTKNDC,audio_9454,8,Tocca i polipi se vedi qualcuno che sa correre e parlare
8Q,8QTKNDC,audio_9455,8,Tocca i polipi se vedi qualcuno che cammina su due zampe e non può volare
8Q,8QTKNDC,audio_9456,8,Tocca i gelati se vedi qualcuno che sa nuotare e correre
8Q,8QTKNDC,audio_9457,8,Tocca i gelati se vedi qualcuno che sa correre e parlare
8Q,8QTKNDC,audio_9458,8,Tocca i gelati se vedi qualcuno che cammina su due zampe e non può volare
8Q,8QTKNDC,audio_9459,8,Tocca tutti gli occhiali da sole se vedi qualcuno che sa nuotare e correre
8Q,8QTKNDC,audio_9460,8,Tocca tutti gli occhiali da sole se vedi qualcuno che sa correre e parlare
8Q,8QTKNDC,audio_9461,8,Tocca tutti gli occhiali da sole se vedi qualcuno che cammina su due zampe e non può volare
8Q,8QTKNDC,audio_9462,8,Tocca i monopattini se vedi qualcuno che sa nuotare e correre
8Q,8QTKNDC,audio_9463,8,Tocca i monopattini se vedi qualcuno che sa correre e parlare
8Q,8QTKNDC,audio_9464,8,Tocca i monopattini se vedi qualcuno che cammina su due zampe e non può volare
8Q,8QTKNDC,audio_9465,8,Tocca le biciclette se vedi qualcuno che sa nuotare e correre
8Q,8QTKNDC,audio_9466,8,Tocca le biciclette se vedi qualcuno che sa correre e parlare
8Q,8QTKNDC,audio_9467,8,Tocca le biciclette se vedi qualcuno che cammina su due zampe e non può volare
8Q,8QTKNDC,audio_9468,8,Tocca le bambine se vedi qualcuno che sa nuotare e correre
8Q,8QTKNDC,audio_9469,8,Tocca le bambine se vedi qualcuno che sa correre e parlare
8Q,8QTKNDC,audio_9470,8,Tocca le bambine se vedi qualcuno che cammina su due zampe e non può volare
8Q,8QTPRSC,audio_9471,8,Tocca i leoni se ci sono meno di due scimmie
8Q,8QTPRSC,audio_9472,8,Tocca i leoni se ci sono meno di due pappagalli
8Q,8QTPRSC,audio_9473,8,Tocca i leoni se ci sono meno di due polipi
8Q,8QTPRSC,audio_9474,8,Tocca i leoni se ci sono meno di due gelati
8Q,8QTPRSC,audio_9475,8,Tocca i leoni se ci sono meno di due paia di occhiali da sole
8Q,8QTPRSC,audio_9476,8,Tocca i leoni se ci sono meno di due biciclette
8Q,8QTPRSC,audio_9477,8,Tocca i leoni se ci sono meno di due monopattini
8Q,8QTPRSC,audio_9478,8,Tocca i leoni se ci sono meno di due ombrelli
8Q,8QTPRSC,audio_9479,8,Tocca i leoni se ci sono meno di due bambine
8Q,8QTPRSC,audio_9480,8,Tocca le scimmie se ci sono meno di due leoni
8Q,8QTPRSC,audio_9481,8,Tocca le scimmie se ci sono meno di due pappagalli
8Q,8QTPRSC,audio_9482,8,Tocca le scimmie se ci sono meno di due polipi
8Q,8QTPRSC,audio_9483,8,Tocca le scimmie se ci sono meno di due gelati
8Q,8QTPRSC,audio_9484,8,Tocca le scimmie se ci sono meno di due paia di occhiali da sole
8Q,8QTPRSC,audio_9485,8,Tocca le scimmie se ci sono meno di due biciclette
8Q,8QTPRSC,audio_9486,8,Tocca le scimmie se ci sono meno di due monopattini
8Q,8QTPRSC,audio_9487,8,Tocca le scimmie se ci sono meno di due ombrelli
8Q,8QTPRSC,audio_9488,8,Tocca le scimmie se ci sono meno di due bambine
8Q,8QTPRSC,audio_9489,8,Tocca i pappagalli se ci sono meno di due leoni
8Q,8QTPRSC,audio_9490,8,Tocca i pappagalli se ci sono meno di due scimmie
8Q,8QTPRSC,audio_9491,8,Tocca i pappagalli se ci sono meno di due polipi
8Q,8QTPRSC,audio_9492,8,Tocca i pappagalli se ci sono meno di due gelati
8Q,8QTPRSC,audio_9493,8,Tocca i pappagalli se ci sono meno di due paia di occhiali da sole
8Q,8QTPRSC,audio_9494,8,Tocca i pappagalli se ci sono meno di due biciclette
8Q,8QTPRSC,audio_9495,8,Tocca i pappagalli se ci sono meno di due monopattini
8Q,8QTPRSC,audio_9496,8,Tocca i pappagalli se ci sono meno di due ombrelli
8Q,8QTPRSC,audio_9497,8,Tocca i pappagalli se ci sono meno di due bambine
8Q,8QTPRSC,audio_9498,8,Tocca i polipi se ci sono meno di due leoni
8Q,8QTPRSC,audio_9499,8,Tocca i polipi se ci sono meno di due scimmie
8Q,8QTPRSC,audio_9500,8,Tocca i polipi se ci sono meno di due pappagalli
8Q,8QTPRSC,audio_9501,8,Tocca i polipi se ci sono meno di due gelato
8Q,8QTPRSC,audio_9502,8,Tocca i polipi se ci sono meno di due paia di occhiali da sole
8Q,8QTPRSC,audio_9503,8,Tocca i polipi se ci sono meno di due biciclette
8Q,8QTPRSC,audio_9504,8,Tocca i polipi se ci sono meno di due monopattini
8Q,8QTPRSC,audio_9505,8,Tocca i polipi se ci sono meno di due ombrelli
8Q,8QTPRSC,audio_9506,8,Tocca i polipi se ci sono meno di due bambine
8Q,8QTPRSC,audio_9507,8,Tocca i gelati se ci sono meno di due leoni
8Q,8QTPRSC,audio_9508,8,Tocca i gelati se ci sono meno di due scimmie
8Q,8QTPRSC,audio_9509,8,Tocca i gelati se ci sono meno di due pappagalli
8Q,8QTPRSC,audio_9510,8,Tocca i gelati se ci sono meno di due polipi
8Q,8QTPRSC,audio_9511,8,Tocca i gelati se ci sono meno di due paia di occhiali da sole
8Q,8QTPRSC,audio_9512,8,Tocca i gelati se ci sono meno di due biciclette
8Q,8QTPRSC,audio_9513,8,Tocca i gelati se ci sono meno di due monopattini
8Q,8QTPRSC,audio_9514,8,Tocca i gelati se ci sono meno di due ombrelli
8Q,8QTPRSC,audio_9515,8,Tocca i gelati se ci sono meno di due bambine
8Q,8QTPRSC,audio_9516,8,Tocca tutti gli occhiali da sole se ci sono meno di due leoni
8Q,8QTPRSC,audio_9517,8,Tocca tutti gli occhiali da sole se ci sono meno di due scimmie
8Q,8QTPRSC,audio_9518,8,Tocca tutti gli occhiali da sole se ci sono meno di due pappagalli
8Q,8QTPRSC,audio_9519,8,Tocca tutti gli occhiali da sole se ci sono meno di due polipi
8Q,8QTPRSC,audio_9520,8,Tocca tutti gli occhiali da sole se ci sono meno di due gelato
8Q,8QTPRSC,audio_9521,8,Tocca tutti gli occhiali da sole se ci sono meno di due biciclette
8Q,8QTPRSC,audio_9522,8,Tocca tutti gli occhiali da sole se ci sono meno di due monopattini
8Q,8QTPRSC,audio_9523,8,Tocca tutti gli occhiali da sole se ci sono meno di due ombrelli
8Q,8QTPRSC,audio_9524,8,Tocca tutti gli occhiali da sole se ci sono meno di due bambine
8Q,8QTPRSC,audio_9525,8,Tocca le biciclette se ci sono meno di due leoni
8Q,8QTPRSC,audio_9526,8,Tocca le biciclette se ci sono meno di due scimmie
8Q,8QTPRSC,audio_9527,8,Tocca le biciclette se ci sono meno di due pappagalli
8Q,8QTPRSC,audio_9528,8,Tocca le biciclette se ci sono meno di due polipi
8Q,8QTPRSC,audio_9529,8,Tocca le biciclette se ci sono meno di due gelato
8Q,8QTPRSC,audio_9530,8,Tocca le biciclette se ci sono meno di due paia di occhiali da sole
8Q,8QTPRSC,audio_9531,8,Tocca le biciclette se ci sono meno di due monopattini
8Q,8QTPRSC,audio_9532,8,Tocca le biciclette se ci sono meno di due ombrelli
8Q,8QTPRSC,audio_9533,8,Tocca le biciclette se ci sono meno di due bambine
8Q,8QTPRSC,audio_9534,8,Tocca i monopattini se ci sono meno di due leoni
8Q,8QTPRSC,audio_9535,8,Tocca i monopattini se ci sono meno di due scimmie
8Q,8QTPRSC,audio_9536,8,Tocca i monopattini se ci sono meno di due pappagalli
8Q,8QTPRSC,audio_9537,8,Tocca i monopattini se ci sono meno di due polipi
8Q,8QTPRSC,audio_9538,8,Tocca i monopattini se ci sono meno di due gelato
8Q,8QTPRSC,audio_9539,8,Tocca i monopattini se ci sono meno di due paia di occhiali da sole
8Q,8QTPRSC,audio_9540,8,Tocca i monopattini se ci sono meno di due biciclette
8Q,8QTPRSC,audio_9541,8,Tocca i monopattini se ci sono meno di due ombrelli
8Q,8QTPRSC,audio_9542,8,Tocca i monopattini se ci sono meno di due bambine
8Q,8QTPRSC,audio_9543,8,Tocca gli ombrelli se ci sono meno di due leoni
8Q,8QTPRSC,audio_9544,8,Tocca gli ombrelli se ci sono meno di due scimmie
8Q,8QTPRSC,audio_9545,8,Tocca gli ombrelli se ci sono meno di due pappagalli
8Q,8QTPRSC,audio_9546,8,Tocca gli ombrelli se ci sono meno di due polipi
8Q,8QTPRSC,audio_9547,8,Tocca gli ombrelli se ci sono meno di due gelato
8Q,8QTPRSC,audio_9548,8,Tocca gli ombrelli se ci sono meno di due paia di occhiali da sole
8Q,8QTPRSC,audio_9549,8,Tocca gli ombrelli se ci sono meno di due biciclette
8Q,8QTPRSC,audio_9550,8,Tocca gli ombrelli se ci sono meno di due monopattini
8Q,8QTPRSC,audio_9551,8,Tocca gli ombrelli se ci sono meno di due bambine
8Q,8QTPRSC,audio_9552,8,Tocca le bambine se ci sono meno di due leoni
8Q,8QTPRSC,audio_9553,8,Tocca le bambine se ci sono meno di due scimmie
8Q,8QTPRSC,audio_9554,8,Tocca le bambine se ci sono meno di due pappagalli
8Q,8QTPRSC,audio_9555,8,Tocca le bambine se ci sono meno di due polipi
8Q,8QTPRSC,audio_9556,8,Tocca le bambine se ci sono meno di due gelato
8Q,8QTPRSC,audio_9557,8,Tocca le bambine se ci sono meno di due paia di occhiali da sole
8Q,8QTPRSC,audio_9558,8,Tocca le bambine se ci sono meno di due biciclette
8Q,8QTPRSC,audio_9559,8,Tocca le bambine se ci sono meno di due monopattini
8Q,8QTPRSC,audio_9560,8,Tocca le bambine se ci sono meno di due ombrelli
8Q,8QTPRSC,audio_9561,7,Tocca i leoni se vedi più di una scimmia
8Q,8QTPRSC,audio_9562,7,Tocca i leoni se vedi più di un pappagallo
8Q,8QTPRSC,audio_9563,7,Tocca i leoni se vedi più di un polipo
8Q,8QTPRSC,audio_9564,7,Tocca i leoni se vedi più di un gelato
8Q,8QTPRSC,audio_9565,7,Tocca i leoni se vedi più di un paio di occhiali da sole
8Q,8QTPRSC,audio_9566,7,Tocca i leoni se vedi più di una bicicletta
8Q,8QTPRSC,audio_9567,7,Tocca i leoni se vedi più di un monopattino
8Q,8QTPRSC,audio_9568,7,Tocca i leoni se vedi più di un ombrello
8Q,8QTPRSC,audio_9569,7,Tocca i leoni se vedi più di una bambina
8Q,8QTPRSC,audio_9570,7,Tocca le scimmie se vedi più di un leone
8Q,8QTPRSC,audio_9571,7,Tocca le scimmie se vedi più di un pappagallo
8Q,8QTPRSC,audio_9572,7,Tocca le scimmie se vedi più di un polipo
8Q,8QTPRSC,audio_9573,7,Tocca le scimmie se vedi più di un gelato
8Q,8QTPRSC,audio_9574,7,Tocca le scimmie se vedi più di un paio di occhiali da sole
8Q,8QTPRSC,audio_9575,7,Tocca le scimmie se vedi più di una bicicletta
8Q,8QTPRSC,audio_9576,7,Tocca le scimmie se vedi più di un monopattino
8Q,8QTPRSC,audio_9577,7,Tocca le scimmie se vedi più di un ombrello
8Q,8QTPRSC,audio_9578,7,Tocca le scimmie se vedi più di una bambina
8Q,8QTPRSC,audio_9579,7,Tocca i pappagalli se vedi più di un leone
8Q,8QTPRSC,audio_9580,7,Tocca i pappagalli se vedi più di una scimmia
8Q,8QTPRSC,audio_9581,7,Tocca i pappagalli se vedi più di un polipo
8Q,8QTPRSC,audio_9582,7,Tocca i pappagalli se vedi più di un gelato
8Q,8QTPRSC,audio_9583,7,Tocca i pappagalli se vedi più di un paio di occhiali da sole
8Q,8QTPRSC,audio_9584,7,Tocca i pappagalli se vedi più di una bicicletta
8Q,8QTPRSC,audio_9585,7,Tocca i pappagalli se vedi più di un monopattino
8Q,8QTPRSC,audio_9586,7,Tocca i pappagalli se vedi più di un ombrello
8Q,8QTPRSC,audio_9587,7,Tocca i pappagalli se vedi più di una bambina
8Q,8QTPRSC,audio_9588,7,Tocca i polipi se vedi più di un leone
8Q,8QTPRSC,audio_9589,7,Tocca i polipi se vedi più di una scimmia
8Q,8QTPRSC,audio_9590,7,Tocca i polipi se vedi più di un pappagallo
8Q,8QTPRSC,audio_9591,7,Tocca i polipi se vedi più di un gelato
8Q,8QTPRSC,audio_9592,7,Tocca i polipi se vedi più di un paio di occhiali da sole
8Q,8QTPRSC,audio_9593,7,Tocca i polipi se vedi più di una bicicletta
8Q,8QTPRSC,audio_9594,7,Tocca i polipi se vedi più di un monopattino
8Q,8QTPRSC,audio_9595,7,Tocca i polipi se vedi più di un ombrello
8Q,8QTPRSC,audio_9596,7,Tocca i polipi se vedi più di una bambina
8Q,8QTPRSC,audio_9597,7,Tocca i gelati se vedi più di un leone
8Q,8QTPRSC,audio_9598,7,Tocca i gelati se vedi più di una scimmia
8Q,8QTPRSC,audio_9599,7,Tocca i gelati se vedi più di un pappagallo
8Q,8QTPRSC,audio_9600,7,Tocca i gelati se vedi più di un polipo
8Q,8QTPRSC,audio_9601,7,Tocca i gelati se vedi più di un paio di occhiali da sole
8Q,8QTPRSC,audio_9602,7,Tocca i gelati se vedi più di una bicicletta
8Q,8QTPRSC,audio_9603,7,Tocca i gelati se vedi più di un monopattino
8Q,8QTPRSC,audio_9604,7,Tocca i gelati se vedi più di un ombrello
8Q,8QTPRSC,audio_9605,7,Tocca i gelati se vedi più di una bambina
8Q,8QTPRSC,audio_9606,7,Tocca tutti gli occhiali da sole se vedi più di un leone
8Q,8QTPRSC,audio_9607,7,Tocca tutti gli occhiali da sole se vedi più di una scimmia
8Q,8QTPRSC,audio_9608,7,Tocca tutti gli occhiali da sole se vedi più di un pappagallo
8Q,8QTPRSC,audio_9609,7,Tocca tutti gli occhiali da sole se vedi più di un polipo
8Q,8QTPRSC,audio_9610,7,Tocca tutti gli occhiali da sole se vedi più di un gelato
8Q,8QTPRSC,audio_9611,7,Tocca tutti gli occhiali da sole se vedi più di una bicicletta
8Q,8QTPRSC,audio_9612,7,Tocca tutti gli occhiali da sole se vedi più di un monopattino
8Q,8QTPRSC,audio_9613,7,Tocca tutti gli occhiali da sole se vedi più di un ombrello
8Q,8QTPRSC,audio_9614,7,Tocca tutti gli occhiali da sole se vedi più di una bambina
8Q,8QTPRSC,audio_9615,7,Tocca le biciclette se vedi più di un leone
8Q,8QTPRSC,audio_9616,7,Tocca le biciclette se vedi più di una scimmia
8Q,8QTPRSC,audio_9617,7,Tocca le biciclette se vedi più di un pappagallo
8Q,8QTPRSC,audio_9618,7,Tocca le biciclette se vedi più di un polipo
8Q,8QTPRSC,audio_9619,7,Tocca le biciclette se vedi più di un gelato
8Q,8QTPRSC,audio_9620,7,Tocca le biciclette se vedi più di un paio di occhiali da sole
8Q,8QTPRSC,audio_9621,7,Tocca le biciclette se vedi più di un monopattino
8Q,8QTPRSC,audio_9622,7,Tocca le biciclette se vedi più di un ombrello
8Q,8QTPRSC,audio_9623,7,Tocca le biciclette se vedi più di una bambina
8Q,8QTPRSC,audio_9624,7,Tocca i monopattini se vedi più di un leone
8Q,8QTPRSC,audio_9625,7,Tocca i monopattini se vedi più di una scimmia
8Q,8QTPRSC,audio_9626,7,Tocca i monopattini se vedi più di un pappagallo
8Q,8QTPRSC,audio_9627,7,Tocca i monopattini se vedi più di un polipo
8Q,8QTPRSC,audio_9628,7,Tocca i monopattini se vedi più di un gelato
8Q,8QTPRSC,audio_9629,7,Tocca i monopattini se vedi più di un paio di occhiali da sole
8Q,8QTPRSC,audio_9630,7,Tocca i monopattini se vedi più di una bicicletta
8Q,8QTPRSC,audio_9631,7,Tocca i monopattini se vedi più di un ombrello
8Q,8QTPRSC,audio_9632,7,Tocca i monopattini se vedi più di una bambina
8Q,8QTPRSC,audio_9633,7,Tocca gli ombrelli se vedi più di un leone
8Q,8QTPRSC,audio_9634,7,Tocca gli ombrelli se vedi più di una scimmia
8Q,8QTPRSC,audio_9635,7,Tocca gli ombrelli se vedi più di un pappagallo
8Q,8QTPRSC,audio_9636,7,Tocca gli ombrelli se vedi più di un polipo
8Q,8QTPRSC,audio_9637,7,Tocca gli ombrelli se vedi più di un gelato
8Q,8QTPRSC,audio_9638,7,Tocca gli ombrelli se vedi più di un paio di occhiali da sole
8Q,8QTPRSC,audio_9639,7,Tocca gli ombrelli se vedi più di una bicicletta
8Q,8QTPRSC,audio_9640,7,Tocca gli ombrelli se vedi più di un monopattino
8Q,8QTPRSC,audio_9641,7,Tocca gli ombrelli se vedi più di una bambina
8Q,8QTPRSC,audio_9642,7,Tocca le bambine se vedi più di un leone
8Q,8QTPRSC,audio_9643,7,Tocca le bambine se vedi più di una scimmia
8Q,8QTPRSC,audio_9644,7,Tocca le bambine se vedi più di un pappagallo
8Q,8QTPRSC,audio_9645,7,Tocca le bambine se vedi più di un polipo
8Q,8QTPRSC,audio_9646,7,Tocca le bambine se vedi più di un gelato
8Q,8QTPRSC,audio_9647,7,Tocca le bambine se vedi più di un paio di occhiali da sole
8Q,8QTPRSC,audio_9648,7,Tocca le bambine se vedi più di una bicicletta
8Q,8QTPRSC,audio_9649,7,Tocca le bambine se vedi più di un monopattino
8Q,8QTPRSC,audio_9650,7,Tocca le bambine se vedi più di un ombrello
8Q,8QTSUDC1,audio_9651,6,Tocca i leoni se vedi una scimmia e un pappagallo
8Q,8QTSUDC1,audio_9652,6,Tocca i leoni se vedi una scimmia e un polipo
8Q,8QTSUDC1,audio_9653,6,Tocca i leoni se vedi una scimmia e un gelato
8Q,8QTSUDC1,audio_9654,6,Tocca i leoni se vedi una scimmia e un paio di occhiali da sole
8Q,8QTSUDC1,audio_9655,6,Tocca i leoni se vedi una scimmia e una bicicletta
8Q,8QTSUDC1,audio_9656,6,Tocca i leoni se vedi una scimmia e un monopattino
8Q,8QTSUDC1,audio_9657,6,Tocca i leoni se vedi una scimmia e un ombrello
8Q,8QTSUDC1,audio_9658,6,Tocca i leoni se vedi una scimmia e una bambina
8Q,8QTSUDC1,audio_9659,6,Tocca i leoni se vedi un pappagallo e un polipo
8Q,8QTSUDC1,audio_9660,6,Tocca i leoni se vedi un pappagallo e un gelato
8Q,8QTSUDC1,audio_9661,6,Tocca i leoni se vedi un pappagallo e un paio di occhiali da sole
8Q,8QTSUDC1,audio_9662,6,Tocca i leoni se vedi un pappagallo e una bicicletta
8Q,8QTSUDC1,audio_9663,6,Tocca i leoni se vedi un pappagallo e un monopattino
8Q,8QTSUDC1,audio_9664,6,Tocca i leoni se vedi un pappagallo e un ombrello
8Q,8QTSUDC1,audio_9665,6,Tocca i leoni se vedi un pappagallo e una bambina
8Q,8QTSUDC1,audio_9666,6,Tocca i leoni se vedi un polipo e un gelato
8Q,8QTSUDC1,audio_9667,6,Tocca i leoni se vedi un polipo e un paio di occhiali da sole
8Q,8QTSUDC1,audio_9668,6,Tocca i leoni se vedi un polipo e una bicicletta
8Q,8QTSUDC1,audio_9669,6,Tocca i leoni se vedi un polipo e un monopattino
8Q,8QTSUDC1,audio_9670,6,Tocca i leoni se vedi un polipo e un ombrello
8Q,8QTSUDC1,audio_9671,6,Tocca i leoni se vedi un polipo e una bambina
8Q,8QTSUDC1,audio_9672,6,Tocca i leoni se vedi un gelato e un paio di occhiali da sole
8Q,8QTSUDC1,audio_9673,6,Tocca i leoni se vedi un gelato e una bicicletta
8Q,8QTSUDC1,audio_9674,6,Tocca i leoni se vedi un gelato e un monopattino
8Q,8QTSUDC1,audio_9675,6,Tocca i leoni se vedi un gelato e un ombrello
8Q,8QTSUDC1,audio_9676,6,Tocca i leoni se vedi un gelato e una bambina
8Q,8QTSUDC1,audio_9677,6,Tocca i leoni se vedi un paio di occhiali da sole e una bicicletta
8Q,8QTSUDC1,audio_9678,6,Tocca i leoni se vedi un paio di occhiali da sole e un monopattino
8Q,8QTSUDC1,audio_9679,6,Tocca i leoni se vedi un paio di occhiali da sole e un ombrello
8Q,8QTSUDC1,audio_9680,6,Tocca i leoni se vedi un paio di occhiali da sole e una bambina
8Q,8QTSUDC1,audio_9681,6,Tocca i leoni se vedi una bicicletta e un monopattino
8Q,8QTSUDC1,audio_9682,6,Tocca i leoni se vedi una bicicletta e un ombrello
8Q,8QTSUDC1,audio_9683,6,Tocca i leoni se vedi una bicicletta e una bambina
8Q,8QTSUDC1,audio_9684,6,Tocca i leoni se vedi un monopattino e un ombrello
8Q,8QTSUDC1,audio_9685,6,Tocca i leoni se vedi un monopattino e una bambina
8Q,8QTSUDC1,audio_9686,6,Tocca i leoni se vedi un ombrello e una bambina
8Q,8QTSUDC1,audio_9687,6,Tocca le scimmie se vedi un leone e un pappagallo
8Q,8QTSUDC1,audio_9688,6,Tocca le scimmie se vedi un leone e un polipo
8Q,8QTSUDC1,audio_9689,6,Tocca le scimmie se vedi un leone e un gelato
8Q,8QTSUDC1,audio_9690,6,Tocca le scimmie se vedi un leone e un paio di occhiali da sole
8Q,8QTSUDC1,audio_9691,6,Tocca le scimmie se vedi un leone e una bicicletta
8Q,8QTSUDC1,audio_9692,6,Tocca le scimmie se vedi un leone e un monopattino
8Q,8QTSUDC1,audio_9693,6,Tocca le scimmie se vedi un leone e un ombrello
8Q,8QTSUDC1,audio_9694,6,Tocca le scimmie se vedi un leone e una bambina
8Q,8QTSUDC1,audio_9695,6,Tocca le scimmie se vedi un pappagallo e un polipo
8Q,8QTSUDC1,audio_9696,6,Tocca le scimmie se vedi un pappagallo e un gelato
8Q,8QTSUDC1,audio_9697,6,Tocca le scimmie se vedi un pappagallo e un paio di occhiali da sole
8Q,8QTSUDC1,audio_9698,6,Tocca le scimmie se vedi un pappagallo e una bicicletta
8Q,8QTSUDC1,audio_9699,6,Tocca le scimmie se vedi un pappagallo e un monopattino
8Q,8QTSUDC1,audio_9700,6,Tocca le scimmie se vedi un pappagallo e un ombrello
8Q,8QTSUDC1,audio_9701,6,Tocca le scimmie se vedi un pappagallo e una bambina
8Q,8QTSUDC1,audio_9702,6,Tocca le scimmie se vedi un polipo e un gelato
8Q,8QTSUDC1,audio_9703,6,Tocca le scimmie se vedi un polipo e un paio di occhiali da sole
8Q,8QTSUDC1,audio_9704,6,Tocca le scimmie se vedi un polipo e una bicicletta
8Q,8QTSUDC1,audio_9705,6,Tocca le scimmie se vedi un polipo e un monopattino
8Q,8QTSUDC1,audio_9706,6,Tocca le scimmie se vedi un polipo e un ombrello
8Q,8QTSUDC1,audio_9707,6,Tocca le scimmie se vedi un polipo e una bambina
8Q,8QTSUDC1,audio_9708,6,Tocca le scimmie se vedi un gelato e un paio di occhiali da sole
8Q,8QTSUDC1,audio_9709,6,Tocca le scimmie se vedi un gelato e una bicicletta
8Q,8QTSUDC1,audio_9710,6,Tocca le scimmie se vedi un gelato e un monopattino
8Q,8QTSUDC1,audio_9711,6,Tocca le scimmie se vedi un gelato e un ombrello
8Q,8QTSUDC1,audio_9712,6,Tocca le scimmie se vedi un gelato e una bambina
8Q,8QTSUDC1,audio_9713,6,Tocca le scimmie se vedi un paio di occhiali da sole e una bicicletta
8Q,8QTSUDC1,audio_9714,6,Tocca le scimmie se vedi un paio di occhiali da sole e un monopattino
8Q,8QTSUDC1,audio_9715,6,Tocca le scimmie se vedi un paio di occhiali da sole e un ombrello
8Q,8QTSUDC1,audio_9716,6,Tocca le scimmie se vedi un paio di occhiali da sole e una bambina
8Q,8QTSUDC1,audio_9717,6,Tocca le scimmie se vedi una bicicletta e un monopattino
8Q,8QTSUDC1,audio_9718,6,Tocca le scimmie se vedi una bicicletta e un ombrello
8Q,8QTSUDC1,audio_9719,6,Tocca le scimmie se vedi una bicicletta e una bambina
8Q,8QTSUDC1,audio_9720,6,Tocca le scimmie se vedi un monopattino e un ombrello
8Q,8QTSUDC1,audio_9721,6,Tocca le scimmie se vedi un monopattino e una bambina
8Q,8QTSUDC1,audio_9722,6,Tocca le scimmie se vedi un ombrello e una bambina
8Q,8QTSUDC1,audio_9723,6,Tocca i pappagalli se vedi un leone e una scimmia
8Q,8QTSUDC1,audio_9724,6,Tocca i pappagalli se vedi un leone e un polipo
8Q,8QTSUDC1,audio_9725,6,Tocca i pappagalli se vedi un leone e un gelato
8Q,8QTSUDC1,audio_9726,6,Tocca i pappagalli se vedi un leone e un paio di occhiali da sole
8Q,8QTSUDC1,audio_9727,6,Tocca i pappagalli se vedi un leone e una bicicletta
8Q,8QTSUDC1,audio_9728,6,Tocca i pappagalli se vedi un leone e un monopattino
8Q,8QTSUDC1,audio_9729,6,Tocca i pappagalli se vedi un leone e un ombrello
8Q,8QTSUDC1,audio_9730,6,Tocca i pappagalli se vedi un leone e una bambina
8Q,8QTSUDC1,audio_9731,6,Tocca i pappagalli se vedi una scimmia e un polipo
8Q,8QTSUDC1,audio_9732,6,Tocca i pappagalli se vedi una scimmia e un gelato
8Q,8QTSUDC1,audio_9733,6,Tocca i pappagalli se vedi una scimmia e un paio di occhiali da sole
8Q,8QTSUDC1,audio_9734,6,Tocca i pappagalli se vedi una scimmia e una bicicletta
8Q,8QTSUDC1,audio_9735,6,Tocca i pappagalli se vedi una scimmia e un monopattino
8Q,8QTSUDC1,audio_9736,6,Tocca i pappagalli se vedi una scimmia e un ombrello
8Q,8QTSUDC1,audio_9737,6,Tocca i pappagalli se vedi una scimmia e una bambina
8Q,8QTSUDC1,audio_9738,6,Tocca i pappagalli se vedi un polipo e un gelato
8Q,8QTSUDC1,audio_9739,6,Tocca i pappagalli se vedi un polipo e un paio di occhiali da sole
8Q,8QTSUDC1,audio_9740,6,Tocca i pappagalli se vedi un polipo e una bicicletta
8Q,8QTSUDC1,audio_9741,6,Tocca i pappagalli se vedi un polipo e un monopattino
8Q,8QTSUDC1,audio_9742,6,Tocca i pappagalli se vedi un polipo e un ombrello
8Q,8QTSUDC1,audio_9743,6,Tocca i pappagalli se vedi un polipo e una bambina
8Q,8QTSUDC1,audio_9744,6,Tocca i pappagalli se vedi un gelato e un paio di occhiali da sole
8Q,8QTSUDC1,audio_9745,6,Tocca i pappagalli se vedi un gelato e una bicicletta
8Q,8QTSUDC1,audio_9746,6,Tocca i pappagalli se vedi un gelato e un monopattino
8Q,8QTSUDC1,audio_9747,6,Tocca i pappagalli se vedi un gelato e un ombrello
8Q,8QTSUDC1,audio_9748,6,Tocca i pappagalli se vedi un gelato e una bambina
8Q,8QTSUDC1,audio_9749,6,Tocca i pappagalli se vedi un paio di occhiali da sole e una bicicletta
8Q,8QTSUDC1,audio_9750,6,Tocca i pappagalli se vedi un paio di occhiali da sole e un monopattino
8Q,8QTSUDC1,audio_9751,6,Tocca i pappagalli se vedi un paio di occhiali da sole e un ombrello
8Q,8QTSUDC1,audio_9752,6,Tocca i pappagalli se vedi un paio di occhiali da sole e una bambina
8Q,8QTSUDC1,audio_9753,6,Tocca i pappagalli se vedi una bicicletta e un monopattino
8Q,8QTSUDC1,audio_9754,6,Tocca i pappagalli se vedi una bicicletta e un ombrello
8Q,8QTSUDC1,audio_9755,6,Tocca i pappagalli se vedi una bicicletta e una bambina
8Q,8QTSUDC1,audio_9756,6,Tocca i pappagalli se vedi un monopattino e un ombrello
8Q,8QTSUDC1,audio_9757,6,Tocca i pappagalli se vedi un monopattino e una bambina
8Q,8QTSUDC1,audio_9758,6,Tocca i pappagalli se vedi un ombrello e una bambina
8Q,8QTSUDC1,audio_9759,6,Tocca i polipi se vedi un leone e una scimmia
8Q,8QTSUDC1,audio_9760,6,Tocca i polipi se vedi un leone e un pappagallo
8Q,8QTSUDC1,audio_9761,6,Tocca i polipi se vedi un leone e un gelato
8Q,8QTSUDC1,audio_9762,6,Tocca i polipi se vedi un leone e un paio di occhiali da sole
8Q,8QTSUDC1,audio_9763,6,Tocca i polipi se vedi un leone e una bicicletta
8Q,8QTSUDC1,audio_9764,6,Tocca i polipi se vedi un leone e un monopattino
8Q,8QTSUDC1,audio_9765,6,Tocca i polipi se vedi un leone e un ombrello
8Q,8QTSUDC1,audio_9766,6,Tocca i polipi se vedi un leone e una bambina
8Q,8QTSUDC1,audio_9767,6,Tocca i polipi se vedi una scimmia e un pappagallo
8Q,8QTSUDC1,audio_9768,6,Tocca i polipi se vedi una scimmia e un gelato
8Q,8QTSUDC1,audio_9769,6,Tocca i polipi se vedi una scimmia e un paio di occhiali da sole
8Q,8QTSUDC1,audio_9770,6,Tocca i polipi se vedi una scimmia e una bicicletta
8Q,8QTSUDC1,audio_9771,6,Tocca i polipi se vedi una scimmia e un monopattino
8Q,8QTSUDC1,audio_9772,6,Tocca i polipi se vedi una scimmia e un ombrello
8Q,8QTSUDC1,audio_9773,6,Tocca i polipi se vedi una scimmia e una bambina
8Q,8QTSUDC1,audio_9774,6,Tocca i polipi se vedi un pappagallo e un gelato
8Q,8QTSUDC1,audio_9775,6,Tocca i polipi se vedi un pappagallo e un paio di occhiali da sole
8Q,8QTSUDC1,audio_9776,6,Tocca i polipi se vedi un pappagallo e una bicicletta
8Q,8QTSUDC1,audio_9777,6,Tocca i polipi se vedi un pappagallo e un monopattino
8Q,8QTSUDC1,audio_9778,6,Tocca i polipi se vedi un pappagallo e un ombrello
8Q,8QTSUDC1,audio_9779,6,Tocca i polipi se vedi un pappagallo e una bambina
8Q,8QTSUDC1,audio_9780,6,Tocca i polipi se vedi un gelato e un paio di occhiali da sole
8Q,8QTSUDC1,audio_9781,6,Tocca i polipi se vedi un gelato e una bicicletta
8Q,8QTSUDC1,audio_9782,6,Tocca i polipi se vedi un gelato e un monopattino
8Q,8QTSUDC1,audio_9783,6,Tocca i polipi se vedi un gelato e un ombrello
8Q,8QTSUDC1,audio_9784,6,Tocca i polipi se vedi un gelato e una bambina
8Q,8QTSUDC1,audio_9785,6,Tocca i polipi se vedi un paio di occhiali da sole e una bicicletta
8Q,8QTSUDC1,audio_9786,6,Tocca i polipi se vedi un paio di occhiali da sole e un monopattino
8Q,8QTSUDC1,audio_9787,6,Tocca i polipi se vedi un paio di occhiali da sole e un ombrello
8Q,8QTSUDC1,audio_9788,6,Tocca i polipi se vedi un paio di occhiali da sole e una bambina
8Q,8QTSUDC1,audio_9789,6,Tocca i polipi se vedi una bicicletta e un monopattino
8Q,8QTSUDC1,audio_9790,6,Tocca i polipi se vedi una bicicletta e un ombrello
8Q,8QTSUDC1,audio_9791,6,Tocca i polipi se vedi una bicicletta e una bambina
8Q,8QTSUDC1,audio_9792,6,Tocca i polipi se vedi un monopattino e un ombrello
8Q,8QTSUDC1,audio_9793,6,Tocca i polipi se vedi un monopattino e una bambina
8Q,8QTSUDC1,audio_9794,6,Tocca i polipi se vedi un ombrello e una bambina
8Q,8QTSUDC1,audio_9795,6,Tocca i gelati se vedi un leone e una scimmia
8Q,8QTSUDC1,audio_9796,6,Tocca i gelati se vedi un leone e un pappagallo
8Q,8QTSUDC1,audio_9797,6,Tocca i gelati se vedi un leone e un polipo
8Q,8QTSUDC1,audio_9798,6,Tocca i gelati se vedi un leone e un paio di occhiali da sole
8Q,8QTSUDC1,audio_9799,6,Tocca i gelati se vedi un leone e una bicicletta
8Q,8QTSUDC1,audio_9800,6,Tocca i gelati se vedi un leone e un monopattino
8Q,8QTSUDC1,audio_9801,6,Tocca i gelati se vedi un leone e un ombrello
8Q,8QTSUDC1,audio_9802,6,Tocca i gelati se vedi un leone e una bambina
8Q,8QTSUDC1,audio_9803,6,Tocca i gelati se vedi una scimmia e un pappagallo
8Q,8QTSUDC1,audio_9804,6,Tocca i gelati se vedi una scimmia e un polipo
8Q,8QTSUDC1,audio_9805,6,Tocca i gelati se vedi una scimmia e un paio di occhiali da sole
8Q,8QTSUDC1,audio_9806,6,Tocca i gelati se vedi una scimmia e una bicicletta
8Q,8QTSUDC1,audio_9807,6,Tocca i gelati se vedi una scimmia e un monopattino
8Q,8QTSUDC1,audio_9808,6,Tocca i gelati se vedi una scimmia e un ombrello
8Q,8QTSUDC1,audio_9809,6,Tocca i gelati se vedi una scimmia e una bambina
8Q,8QTSUDC1,audio_9810,6,Tocca i gelati se vedi un pappagallo e un polipo
8Q,8QTSUDC1,audio_9811,6,Tocca i gelati se vedi un pappagallo e un paio di occhiali da sole
8Q,8QTSUDC1,audio_9812,6,Tocca i gelati se vedi un pappagallo e una bicicletta
8Q,8QTSUDC1,audio_9813,6,Tocca i gelati se vedi un pappagallo e un monopattino
8Q,8QTSUDC1,audio_9814,6,Tocca i gelati se vedi un pappagallo e un ombrello
8Q,8QTSUDC1,audio_9815,6,Tocca i gelati se vedi un pappagallo e una bambina
8Q,8QTSUDC1,audio_9816,6,Tocca i gelati se vedi un polipo e un paio di occhiali da sole
8Q,8QTSUDC1,audio_9817,6,Tocca i gelati se vedi un polipo e una bicicletta
8Q,8QTSUDC1,audio_9818,6,Tocca i gelati se vedi un polipo e un monopattino
8Q,8QTSUDC1,audio_9819,6,Tocca i gelati se vedi un polipo e un ombrello
8Q,8QTSUDC1,audio_9820,6,Tocca i gelati se vedi un polipo e una bambina
8Q,8QTSUDC1,audio_9821,6,Tocca i gelati se vedi un paio di occhiali da sole e una bicicletta
8Q,8QTSUDC1,audio_9822,6,Tocca i gelati se vedi un paio di occhiali da sole e un monopattino
8Q,8QTSUDC1,audio_9823,6,Tocca i gelati se vedi un paio di occhiali da sole e un ombrello
8Q,8QTSUDC1,audio_9824,6,Tocca i gelati se vedi un paio di occhiali da sole e una bambina
8Q,8QTSUDC1,audio_9825,6,Tocca i gelati se vedi una bicicletta e un monopattino
8Q,8QTSUDC1,audio_9826,6,Tocca i gelati se vedi una bicicletta e un ombrello
8Q,8QTSUDC1,audio_9827,6,Tocca i gelati se vedi una bicicletta e una bambina
8Q,8QTSUDC1,audio_9828,6,Tocca i gelati se vedi un monopattino e un ombrello
8Q,8QTSUDC1,audio_9829,6,Tocca i gelati se vedi un monopattino e una bambina
8Q,8QTSUDC1,audio_9830,6,Tocca i gelati se vedi un ombrello e una bambina
8Q,8QTSUDC1,audio_9831,6,Tocca tutti gli occhiali da sole se vedi un leone e una scimmia
8Q,8QTSUDC1,audio_9832,6,Tocca tutti gli occhiali da sole se vedi un leone e un pappagallo
8Q,8QTSUDC1,audio_9833,6,Tocca tutti gli occhiali da sole se vedi un leone e un polipo
8Q,8QTSUDC1,audio_9834,6,Tocca tutti gli occhiali da sole se vedi un leone e un gelato
8Q,8QTSUDC1,audio_9835,6,Tocca tutti gli occhiali da sole se vedi un leone e una bicicletta
8Q,8QTSUDC1,audio_9836,6,Tocca tutti gli occhiali da sole se vedi un leone e un monopattino
8Q,8QTSUDC1,audio_9837,6,Tocca tutti gli occhiali da sole se vedi un leone e un ombrello
8Q,8QTSUDC1,audio_9838,6,Tocca tutti gli occhiali da sole se vedi un leone e una bambina
8Q,8QTSUDC1,audio_9839,6,Tocca tutti gli occhiali da sole se vedi una scimmia e un pappagallo
8Q,8QTSUDC1,audio_9840,6,Tocca tutti gli occhiali da sole se vedi una scimmia e un polipo
8Q,8QTSUDC1,audio_9841,6,Tocca tutti gli occhiali da sole se vedi una scimmia e un gelato
8Q,8QTSUDC1,audio_9842,6,Tocca tutti gli occhiali da sole se vedi una scimmia e una bicicletta
8Q,8QTSUDC1,audio_9843,6,Tocca tutti gli occhiali da sole se vedi una scimmia e un monopattino
8Q,8QTSUDC1,audio_9844,6,Tocca tutti gli occhiali da sole se vedi una scimmia e un ombrello
8Q,8QTSUDC1,audio_9845,6,Tocca tutti gli occhiali da sole se vedi una scimmia e una bambina
8Q,8QTSUDC1,audio_9846,6,Tocca tutti gli occhiali da sole se vedi un pappagallo e un polipo
8Q,8QTSUDC1,audio_9847,6,Tocca tutti gli occhiali da sole se vedi un pappagallo e un gelato
8Q,8QTSUDC1,audio_9848,6,Tocca tutti gli occhiali da sole se vedi un pappagallo e una bicicletta
8Q,8QTSUDC1,audio_9849,6,Tocca tutti gli occhiali da sole se vedi un pappagallo e un monopattino
8Q,8QTSUDC1,audio_9850,6,Tocca tutti gli occhiali da sole se vedi un pappagallo e un ombrello
8Q,8QTSUDC1,audio_9851,6,Tocca tutti gli occhiali da sole se vedi un pappagallo e una bambina
8Q,8QTSUDC1,audio_9852,6,Tocca tutti gli occhiali da sole se vedi un polipo e un gelato
8Q,8QTSUDC1,audio_9853,6,Tocca tutti gli occhiali da sole se vedi un polipo e una bicicletta
8Q,8QTSUDC1,audio_9854,6,Tocca tutti gli occhiali da sole se vedi un polipo e un monopattino
8Q,8QTSUDC1,audio_9855,6,Tocca tutti gli occhiali da sole se vedi un polipo e un ombrello
8Q,8QTSUDC1,audio_9856,6,Tocca tutti gli occhiali da sole se vedi un polipo e una bambina
8Q,8QTSUDC1,audio_9857,6,Tocca tutti gli occhiali da sole se vedi un gelato e una bicicletta
8Q,8QTSUDC1,audio_9858,6,Tocca tutti gli occhiali da sole se vedi un gelato e un monopattino
8Q,8QTSUDC1,audio_9859,6,Tocca tutti gli occhiali da sole se vedi un gelato e un ombrello
8Q,8QTSUDC1,audio_9860,6,Tocca tutti gli occhiali da sole se vedi un gelato e una bambina
8Q,8QTSUDC1,audio_9861,6,Tocca tutti gli occhiali da sole se vedi una bicicletta e un monopattino
8Q,8QTSUDC1,audio_9862,6,Tocca tutti gli occhiali da sole se vedi una bicicletta e un ombrello
8Q,8QTSUDC1,audio_9863,6,Tocca tutti gli occhiali da sole se vedi una bicicletta e una bambina
8Q,8QTSUDC1,audio_9864,6,Tocca tutti gli occhiali da sole se vedi un monopattino e un ombrello
8Q,8QTSUDC1,audio_9865,6,Tocca tutti gli occhiali da sole se vedi un monopattino e una bambina
8Q,8QTSUDC1,audio_9866,6,Tocca tutti gli occhiali da sole se vedi un ombrello e una bambina
8Q,8QTSUDC1,audio_9867,6,Tocca le biciclette se vedi un leone e una scimmia
8Q,8QTSUDC1,audio_9868,6,Tocca le biciclette se vedi un leone e un pappagallo
8Q,8QTSUDC1,audio_9869,6,Tocca le biciclette se vedi un leone e un polipo
8Q,8QTSUDC1,audio_9870,6,Tocca le biciclette se vedi un leone e un gelato
8Q,8QTSUDC1,audio_9871,6,Tocca le biciclette se vedi un leone e un paio di occhiali da sole
8Q,8QTSUDC1,audio_9872,6,Tocca le biciclette se vedi un leone e un monopattino
8Q,8QTSUDC1,audio_9873,6,Tocca le biciclette se vedi un leone e un ombrello
8Q,8QTSUDC1,audio_9874,6,Tocca le biciclette se vedi un leone e una bambina
8Q,8QTSUDC1,audio_9875,6,Tocca le biciclette se vedi una scimmia e un pappagallo
8Q,8QTSUDC1,audio_9876,6,Tocca le biciclette se vedi una scimmia e un polipo
8Q,8QTSUDC1,audio_9877,6,Tocca le biciclette se vedi una scimmia e un gelato
8Q,8QTSUDC1,audio_9878,6,Tocca le biciclette se vedi una scimmia e un paio di occhiali da sole
8Q,8QTSUDC1,audio_9879,6,Tocca le biciclette se vedi una scimmia e un monopattino
8Q,8QTSUDC1,audio_9880,6,Tocca le biciclette se vedi una scimmia e un ombrello
8Q,8QTSUDC1,audio_9881,6,Tocca le biciclette se vedi una scimmia e una bambina
8Q,8QTSUDC1,audio_9882,6,Tocca le biciclette se vedi un pappagallo e un polipo
8Q,8QTSUDC1,audio_9883,6,Tocca le biciclette se vedi un pappagallo e un gelato
8Q,8QTSUDC1,audio_9884,6,Tocca le biciclette se vedi un pappagallo e un paio di occhiali da sole
8Q,8QTSUDC1,audio_9885,6,Tocca le biciclette se vedi un pappagallo e un monopattino
8Q,8QTSUDC1,audio_9886,6,Tocca le biciclette se vedi un pappagallo e un ombrello
8Q,8QTSUDC1,audio_9887,6,Tocca le biciclette se vedi un pappagallo e una bambina
8Q,8QTSUDC1,audio_9888,6,Tocca le biciclette se vedi un polipo e un gelato
8Q,8QTSUDC1,audio_9889,6,Tocca le biciclette se vedi un polipo e un paio di occhiali da sole
8Q,8QTSUDC1,audio_9890,6,Tocca le biciclette se vedi un polipo e un monopattino
8Q,8QTSUDC1,audio_9891,6,Tocca le biciclette se vedi un polipo e un ombrello
8Q,8QTSUDC1,audio_9892,6,Tocca le biciclette se vedi un polipo e una bambina
8Q,8QTSUDC1,audio_9893,6,Tocca le biciclette se vedi un gelato e un paio di occhiali da sole
8Q,8QTSUDC1,audio_9894,6,Tocca le biciclette se vedi un gelato e un monopattino
8Q,8QTSUDC1,audio_9895,6,Tocca le biciclette se vedi un gelato e un ombrello
8Q,8QTSUDC1,audio_9896,6,Tocca le biciclette se vedi un gelato e una bambina
8Q,8QTSUDC1,audio_9897,6,Tocca le biciclette se vedi un paio di occhiali da sole e un monopattino
8Q,8QTSUDC1,audio_9898,6,Tocca le biciclette se vedi un paio di occhiali da sole e un ombrello
8Q,8QTSUDC1,audio_9899,6,Tocca le biciclette se vedi un paio di occhiali da sole e una bambina
8Q,8QTSUDC1,audio_9900,6,Tocca le biciclette se vedi un monopattino e un ombrello
8Q,8QTSUDC1,audio_9901,6,Tocca le biciclette se vedi un monopattino e una bambina
8Q,8QTSUDC1,audio_9902,6,Tocca le biciclette se vedi un ombrello e una bambina
8Q,8QTSUDC1,audio_9903,6,Tocca i monopattini se vedi un leone e una scimmia
8Q,8QTSUDC1,audio_9904,6,Tocca i monopattini se vedi un leone e un pappagallo
8Q,8QTSUDC1,audio_9905,6,Tocca i monopattini se vedi un leone e un polipo
8Q,8QTSUDC1,audio_9906,6,Tocca i monopattini se vedi un leone e un gelato
8Q,8QTSUDC1,audio_9907,6,Tocca i monopattini se vedi un leone e un paio di occhiali da sole
8Q,8QTSUDC1,audio_9908,6,Tocca i monopattini se vedi un leone e una bicicletta
8Q,8QTSUDC1,audio_9909,6,Tocca i monopattini se vedi un leone e un ombrello
8Q,8QTSUDC1,audio_9910,6,Tocca i monopattini se vedi un leone e una bambina
8Q,8QTSUDC1,audio_9911,6,Tocca i monopattini se vedi una scimmia e un pappagallo
8Q,8QTSUDC1,audio_9912,6,Tocca i monopattini se vedi una scimmia e un polipo
8Q,8QTSUDC1,audio_9913,6,Tocca i monopattini se vedi una scimmia e un gelato
8Q,8QTSUDC1,audio_9914,6,Tocca i monopattini se vedi una scimmia e un paio di occhiali da sole
8Q,8QTSUDC1,audio_9915,6,Tocca i monopattini se vedi una scimmia e una bicicletta
8Q,8QTSUDC1,audio_9916,6,Tocca i monopattini se vedi una scimmia e un ombrello
8Q,8QTSUDC1,audio_9917,6,Tocca i monopattini se vedi una scimmia e una bambina
8Q,8QTSUDC1,audio_9918,6,Tocca i monopattini se vedi un pappagallo e un polipo
8Q,8QTSUDC1,audio_9919,6,Tocca i monopattini se vedi un pappagallo e un gelato
8Q,8QTSUDC1,audio_9920,6,Tocca i monopattini se vedi un pappagallo e un paio di occhiali da sole
8Q,8QTSUDC1,audio_9921,6,Tocca i monopattini se vedi un pappagallo e una bicicletta
8Q,8QTSUDC1,audio_9922,6,Tocca i monopattini se vedi un pappagallo e un ombrello
8Q,8QTSUDC1,audio_9923,6,Tocca i monopattini se vedi un pappagallo e una bambina
8Q,8QTSUDC1,audio_9924,6,Tocca i monopattini se vedi un polipo e un gelato
8Q,8QTSUDC1,audio_9925,6,Tocca i monopattini se vedi un polipo e un paio di occhiali da sole
8Q,8QTSUDC1,audio_9926,6,Tocca i monopattini se vedi un polipo e una bicicletta
8Q,8QTSUDC1,audio_9927,6,Tocca i monopattini se vedi un polipo e un ombrello
8Q,8QTSUDC1,audio_9928,6,Tocca i monopattini se vedi un polipo e una bambina
8Q,8QTSUDC1,audio_9929,6,Tocca i monopattini se vedi un gelato e un paio di occhiali da sole
8Q,8QTSUDC1,audio_9930,6,Tocca i monopattini se vedi un gelato e una bicicletta
8Q,8QTSUDC1,audio_9931,6,Tocca i monopattini se vedi un gelato e un ombrello
8Q,8QTSUDC1,audio_9932,6,Tocca i monopattini se vedi un gelato e una bambina
8Q,8QTSUDC1,audio_9933,6,Tocca i monopattini se vedi un paio di occhiali da sole e una bicicletta
8Q,8QTSUDC1,audio_9934,6,Tocca i monopattini se vedi un paio di occhiali da sole e un ombrello
8Q,8QTSUDC1,audio_9935,6,Tocca i monopattini se vedi un paio di occhiali da sole e una bambina
8Q,8QTSUDC1,audio_9936,6,Tocca i monopattini se vedi una bicicletta e un ombrello
8Q,8QTSUDC1,audio_9937,6,Tocca i monopattini se vedi una bicicletta e una bambina
8Q,8QTSUDC1,audio_9938,6,Tocca i monopattini se vedi un ombrello e una bambina
8Q,8QTSUDC1,audio_9939,6,Tocca gli ombrelli se vedi un leone e una scimmia
8Q,8QTSUDC1,audio_9940,6,Tocca gli ombrelli se vedi un leone e un pappagallo
8Q,8QTSUDC1,audio_9941,6,Tocca gli ombrelli se vedi un leone e un polipo
8Q,8QTSUDC1,audio_9942,6,Tocca gli ombrelli se vedi un leone e un gelato
8Q,8QTSUDC1,audio_9943,6,Tocca gli ombrelli se vedi un leone e un paio di occhiali da sole
8Q,8QTSUDC1,audio_9944,6,Tocca gli ombrelli se vedi un leone e una bicicletta
8Q,8QTSUDC1,audio_9945,6,Tocca gli ombrelli se vedi un leone e un monopattino
8Q,8QTSUDC1,audio_9946,6,Tocca gli ombrelli se vedi un leone e una bambina
8Q,8QTSUDC1,audio_9947,6,Tocca gli ombrelli se vedi una scimmia e un pappagallo
8Q,8QTSUDC1,audio_9948,6,Tocca gli ombrelli se vedi una scimmia e un polipo
8Q,8QTSUDC1,audio_9949,6,Tocca gli ombrelli se vedi una scimmia e un gelato
8Q,8QTSUDC1,audio_9950,6,Tocca gli ombrelli se vedi una scimmia e un paio di occhiali da sole
8Q,8QTSUDC1,audio_9951,6,Tocca gli ombrelli se vedi una scimmia e una bicicletta
8Q,8QTSUDC1,audio_9952,6,Tocca gli ombrelli se vedi una scimmia e un monopattino
8Q,8QTSUDC1,audio_9953,6,Tocca gli ombrelli se vedi una scimmia e una bambina
8Q,8QTSUDC1,audio_9954,6,Tocca gli ombrelli se vedi un pappagallo e un polipo
8Q,8QTSUDC1,audio_9955,6,Tocca gli ombrelli se vedi un pappagallo e un gelato
8Q,8QTSUDC1,audio_9956,6,Tocca gli ombrelli se vedi un pappagallo e un paio di occhiali da sole
8Q,8QTSUDC1,audio_9957,6,Tocca gli ombrelli se vedi un pappagallo e una bicicletta
8Q,8QTSUDC1,audio_9958,6,Tocca gli ombrelli se vedi un pappagallo e un monopattino
8Q,8QTSUDC1,audio_9959,6,Tocca gli ombrelli se vedi un pappagallo e una bambina
8Q,8QTSUDC1,audio_9960,6,Tocca gli ombrelli se vedi un polipo e un gelato
8Q,8QTSUDC1,audio_9961,6,Tocca gli ombrelli se vedi un polipo e un paio di occhiali da sole
8Q,8QTSUDC1,audio_9962,6,Tocca gli ombrelli se vedi un polipo e una bicicletta
8Q,8QTSUDC1,audio_9963,6,Tocca gli ombrelli se vedi un polipo e un monopattino
8Q,8QTSUDC1,audio_9964,6,Tocca gli ombrelli se vedi un polipo e una bambina
8Q,8QTSUDC1,audio_9965,6,Tocca gli ombrelli se vedi un gelato e un paio di occhiali da sole
8Q,8QTSUDC1,audio_9966,6,Tocca gli ombrelli se vedi un gelato e una bicicletta
8Q,8QTSUDC1,audio_9967,6,Tocca gli ombrelli se vedi un gelato e un monopattino
8Q,8QTSUDC1,audio_9968,6,Tocca gli ombrelli se vedi un gelato e una bambina
8Q,8QTSUDC1,audio_9969,6,Tocca gli ombrelli se vedi un paio di occhiali da sole e una bicicletta
8Q,8QTSUDC1,audio_9970,6,Tocca gli ombrelli se vedi un paio di occhiali da sole e un monopattino
8Q,8QTSUDC1,audio_9971,6,Tocca gli ombrelli se vedi un paio di occhiali da sole e una bambina
8Q,8QTSUDC1,audio_9972,6,Tocca gli ombrelli se vedi una bicicletta e un monopattino
8Q,8QTSUDC1,audio_9973,6,Tocca gli ombrelli se vedi una bicicletta e una bambina
8Q,8QTSUDC1,audio_9974,6,Tocca gli ombrelli se vedi un monopattino e una bambina
8Q,8QTSUDC1,audio_9975,6,Tocca le bambine se vedi un leone e una scimmia
8Q,8QTSUDC1,audio_9976,6,Tocca le bambine se vedi un leone e un pappagallo
8Q,8QTSUDC1,audio_9977,6,Tocca le bambine se vedi un leone e un polipo
8Q,8QTSUDC1,audio_9978,6,Tocca le bambine se vedi un leone e un gelato
8Q,8QTSUDC1,audio_9979,6,Tocca le bambine se vedi un leone e un paio di occhiali da sole
8Q,8QTSUDC1,audio_9980,6,Tocca le bambine se vedi un leone e una bicicletta
8Q,8QTSUDC1,audio_9981,6,Tocca le bambine se vedi un leone e un monopattino
8Q,8QTSUDC1,audio_9982,6,Tocca le bambine se vedi un leone e un ombrello
8Q,8QTSUDC1,audio_9983,6,Tocca le bambine se vedi una scimmia e un pappagallo
8Q,8QTSUDC1,audio_9984,6,Tocca le bambine se vedi una scimmia e un polipo
8Q,8QTSUDC1,audio_9985,6,Tocca le bambine se vedi una scimmia e un gelato
8Q,8QTSUDC1,audio_9986,6,Tocca le bambine se vedi una scimmia e un paio di occhiali da sole
8Q,8QTSUDC1,audio_9987,6,Tocca le bambine se vedi una scimmia e una bicicletta
8Q,8QTSUDC1,audio_9988,6,Tocca le bambine se vedi una scimmia e un monopattino
8Q,8QTSUDC1,audio_9989,6,Tocca le bambine se vedi una scimmia e un ombrello
8Q,8QTSUDC1,audio_9990,6,Tocca le bambine se vedi un pappagallo e un polipo
8Q,8QTSUDC1,audio_9991,6,Tocca le bambine se vedi un pappagallo e un gelato
8Q,8QTSUDC1,audio_9992,6,Tocca le bambine se vedi un pappagallo e un paio di occhiali da sole
8Q,8QTSUDC1,audio_9993,6,Tocca le bambine se vedi un pappagallo e una bicicletta
8Q,8QTSUDC1,audio_9994,6,Tocca le bambine se vedi un pappagallo e un monopattino
8Q,8QTSUDC1,audio_9995,6,Tocca le bambine se vedi un pappagallo e un ombrello
8Q,8QTSUDC1,audio_9996,6,Tocca le bambine se vedi un polipo e un gelato
8Q,8QTSUDC1,audio_9997,6,Tocca le bambine se vedi un polipo e un paio di occhiali da sole
8Q,8QTSUDC1,audio_9998,6,Tocca le bambine se vedi un polipo e una bicicletta
8Q,8QTSUDC1,audio_9999,6,Tocca le bambine se vedi un polipo e un monopattino
8Q,8QTSUDC1,audio_10000,6,Tocca le bambine se vedi un polipo e un ombrello
8Q,8QTSUDC1,audio_10001,6,Tocca le bambine se vedi un gelato e un paio di occhiali da sole
8Q,8QTSUDC1,audio_10002,6,Tocca le bambine se vedi un gelato e una bicicletta
8Q,8QTSUDC1,audio_10003,6,Tocca le bambine se vedi un gelato e un monopattino
8Q,8QTSUDC1,audio_10004,6,Tocca le bambine se vedi un gelato e un ombrello
8Q,8QTSUDC1,audio_10005,6,Tocca le bambine se vedi un paio di occhiali da sole e una bicicletta
8Q,8QTSUDC1,audio_10006,6,Tocca le bambine se vedi un paio di occhiali da sole e un monopattino
8Q,8QTSUDC1,audio_10007,6,Tocca le bambine se vedi un paio di occhiali da sole e un ombrello
8Q,8QTSUDC1,audio_10008,6,Tocca le bambine se vedi una bicicletta e un monopattino
8Q,8QTSUDC1,audio_10009,6,Tocca le bambine se vedi una bicicletta e un ombrello
8Q,8QTSUDC1,audio_10010,6,Tocca le bambine se vedi un monopattino e un ombrello
8Q,8QTSUDC2,audio_10011,7,Tocca i leoni se ci sono due scimmie e un pappagallo
8Q,8QTSUDC2,audio_10012,7,Tocca i leoni se ci sono due scimmie e un polipo
8Q,8QTSUDC2,audio_10013,7,Tocca i leoni se ci sono due scimmie e un gelato
8Q,8QTSUDC2,audio_10014,7,Tocca i leoni se ci sono due scimmie e un paio di occhiali da sole
8Q,8QTSUDC2,audio_10015,7,Tocca i leoni se ci sono due scimmie e una bicicletta
8Q,8QTSUDC2,audio_10016,7,Tocca i leoni se ci sono due scimmie e un monopattino
8Q,8QTSUDC2,audio_10017,7,Tocca i leoni se ci sono due scimmie e un ombrello
8Q,8QTSUDC2,audio_10018,7,Tocca i leoni se ci sono due scimmie e una bambina
8Q,8QTSUDC2,audio_10019,7,Tocca i leoni se ci sono due pappagalli e una scimmia
8Q,8QTSUDC2,audio_10020,7,Tocca i leoni se ci sono due pappagalli e un polipo
8Q,8QTSUDC2,audio_10021,7,Tocca i leoni se ci sono due pappagalli e un gelato
8Q,8QTSUDC2,audio_10022,7,Tocca i leoni se ci sono due pappagalli e un paio di occhiali da sole
8Q,8QTSUDC2,audio_10023,7,Tocca i leoni se ci sono due pappagalli e una bicicletta
8Q,8QTSUDC2,audio_10024,7,Tocca i leoni se ci sono due pappagalli e un monopattino
8Q,8QTSUDC2,audio_10025,7,Tocca i leoni se ci sono due pappagalli e un ombrello
8Q,8QTSUDC2,audio_10026,7,Tocca i leoni se ci sono due pappagalli e una bambina
8Q,8QTSUDC2,audio_10027,7,Tocca i leoni se ci sono due polipi e una scimmia
8Q,8QTSUDC2,audio_10028,7,Tocca i leoni se ci sono due polipi e un pappagallo
8Q,8QTSUDC2,audio_10029,7,Tocca i leoni se ci sono due polipi e un gelato
8Q,8QTSUDC2,audio_10030,7,Tocca i leoni se ci sono due polipi e un paio di occhiali da sole
8Q,8QTSUDC2,audio_10031,7,Tocca i leoni se ci sono due polipi e una bicicletta
8Q,8QTSUDC2,audio_10032,7,Tocca i leoni se ci sono due polipi e un monopattino
8Q,8QTSUDC2,audio_10033,7,Tocca i leoni se ci sono due polipi e un ombrello
8Q,8QTSUDC2,audio_10034,7,Tocca i leoni se ci sono due polipi e una bambina
8Q,8QTSUDC2,audio_10035,7,Tocca i leoni se ci sono due gelati e una scimmia
8Q,8QTSUDC2,audio_10036,7,Tocca i leoni se ci sono due gelati e un pappagallo
8Q,8QTSUDC2,audio_10037,7,Tocca i leoni se ci sono due gelati e un polipo
8Q,8QTSUDC2,audio_10038,7,Tocca i leoni se ci sono due gelati e un paio di occhiali da sole
8Q,8QTSUDC2,audio_10039,7,Tocca i leoni se ci sono due gelati e una bicicletta
8Q,8QTSUDC2,audio_10040,7,Tocca i leoni se ci sono due gelati e un monopattino
8Q,8QTSUDC2,audio_10041,7,Tocca i leoni se ci sono due gelati e un ombrello
8Q,8QTSUDC2,audio_10042,7,Tocca i leoni se ci sono due gelati e una bambina
8Q,8QTSUDC2,audio_10043,7,Tocca i leoni se ci sono due paia di occhiali da sole e una scimmia
8Q,8QTSUDC2,audio_10044,7,Tocca i leoni se ci sono due paia di occhiali da sole e un pappagallo
8Q,8QTSUDC2,audio_10045,7,Tocca i leoni se ci sono due paia di occhiali da sole e un polipo
8Q,8QTSUDC2,audio_10046,7,Tocca i leoni se ci sono due paia di occhiali da sole e un gelato
8Q,8QTSUDC2,audio_10047,7,Tocca i leoni se ci sono due paia di occhiali da sole e una bicicletta
8Q,8QTSUDC2,audio_10048,7,Tocca i leoni se ci sono due paia di occhiali da sole e un monopattino
8Q,8QTSUDC2,audio_10049,7,Tocca i leoni se ci sono due paia di occhiali da sole e un ombrello
8Q,8QTSUDC2,audio_10050,7,Tocca i leoni se ci sono due paia di occhiali da sole e una bambina
8Q,8QTSUDC2,audio_10051,7,Tocca i leoni se ci sono due biciclette e una scimmia
8Q,8QTSUDC2,audio_10052,7,Tocca i leoni se ci sono due biciclette e un pappagallo
8Q,8QTSUDC2,audio_10053,7,Tocca i leoni se ci sono due biciclette e un polipo
8Q,8QTSUDC2,audio_10054,7,Tocca i leoni se ci sono due biciclette e un gelato
8Q,8QTSUDC2,audio_10055,7,Tocca i leoni se ci sono due biciclette e un paio di occhiali da sole
8Q,8QTSUDC2,audio_10056,7,Tocca i leoni se ci sono due biciclette e un monopattino
8Q,8QTSUDC2,audio_10057,7,Tocca i leoni se ci sono due biciclette e un ombrello
8Q,8QTSUDC2,audio_10058,7,Tocca i leoni se ci sono due biciclette e una bambina
8Q,8QTSUDC2,audio_10059,7,Tocca i leoni se ci sono due monopattini e una scimmia
8Q,8QTSUDC2,audio_10060,7,Tocca i leoni se ci sono due monopattini e un pappagallo
8Q,8QTSUDC2,audio_10061,7,Tocca i leoni se ci sono due monopattini e un polipo
8Q,8QTSUDC2,audio_10062,7,Tocca i leoni se ci sono due monopattini e un gelato
8Q,8QTSUDC2,audio_10063,7,Tocca i leoni se ci sono due monopattini e un paio di occhiali da sole
8Q,8QTSUDC2,audio_10064,7,Tocca i leoni se ci sono due monopattini e una bicicletta
8Q,8QTSUDC2,audio_10065,7,Tocca i leoni se ci sono due monopattini e un ombrello
8Q,8QTSUDC2,audio_10066,7,Tocca i leoni se ci sono due monopattini e una bambina
8Q,8QTSUDC2,audio_10067,7,Tocca i leoni se ci sono due ombrelli e una scimmia
8Q,8QTSUDC2,audio_10068,7,Tocca i leoni se ci sono due ombrelli e un pappagallo
8Q,8QTSUDC2,audio_10069,7,Tocca i leoni se ci sono due ombrelli e un polipo
8Q,8QTSUDC2,audio_10070,7,Tocca i leoni se ci sono due ombrelli e un gelato
8Q,8QTSUDC2,audio_10071,7,Tocca i leoni se ci sono due ombrelli e un paio di occhiali da sole
8Q,8QTSUDC2,audio_10072,7,Tocca i leoni se ci sono due ombrelli e una bicicletta
8Q,8QTSUDC2,audio_10073,7,Tocca i leoni se ci sono due ombrelli e un monopattino
8Q,8QTSUDC2,audio_10074,7,Tocca i leoni se ci sono due ombrelli e una bambina
8Q,8QTSUDC2,audio_10075,7,Tocca i leoni se ci sono due bambine e una scimmia
8Q,8QTSUDC2,audio_10076,7,Tocca i leoni se ci sono due bambine e un pappagallo
8Q,8QTSUDC2,audio_10077,7,Tocca i leoni se ci sono due bambine e un polipo
8Q,8QTSUDC2,audio_10078,7,Tocca i leoni se ci sono due bambine e un gelato
8Q,8QTSUDC2,audio_10079,7,Tocca i leoni se ci sono due bambine e un paio di occhiali da sole
8Q,8QTSUDC2,audio_10080,7,Tocca i leoni se ci sono due bambine e una bicicletta
8Q,8QTSUDC2,audio_10081,7,Tocca i leoni se ci sono due bambine e un monopattino
8Q,8QTSUDC2,audio_10082,7,Tocca i leoni se ci sono due bambine e un ombrello
8Q,8QTSUDC2,audio_10083,7,Tocca le scimmie se ci sono due leoni e un pappagallo
8Q,8QTSUDC2,audio_10084,7,Tocca le scimmie se ci sono due leoni e un polipo
8Q,8QTSUDC2,audio_10085,7,Tocca le scimmie se ci sono due leoni e un gelato
8Q,8QTSUDC2,audio_10086,7,Tocca le scimmie se ci sono due leoni e un paio di occhiali da sole
8Q,8QTSUDC2,audio_10087,7,Tocca le scimmie se ci sono due leoni e una bicicletta
8Q,8QTSUDC2,audio_10088,7,Tocca le scimmie se ci sono due leoni e un monopattino
8Q,8QTSUDC2,audio_10089,7,Tocca le scimmie se ci sono due leoni e un ombrello
8Q,8QTSUDC2,audio_10090,7,Tocca le scimmie se ci sono due leoni e una bambina
8Q,8QTSUDC2,audio_10091,7,Tocca le scimmie se ci sono due pappagalli e un leone
8Q,8QTSUDC2,audio_10092,7,Tocca le scimmie se ci sono due pappagalli e un polipo
8Q,8QTSUDC2,audio_10093,7,Tocca le scimmie se ci sono due pappagalli e un gelato
8Q,8QTSUDC2,audio_10094,7,Tocca le scimmie se ci sono due pappagalli e un paio di occhiali da sole
8Q,8QTSUDC2,audio_10095,7,Tocca le scimmie se ci sono due pappagalli e una bicicletta
8Q,8QTSUDC2,audio_10096,7,Tocca le scimmie se ci sono due pappagalli e un monopattino
8Q,8QTSUDC2,audio_10097,7,Tocca le scimmie se ci sono due pappagalli e un ombrello
8Q,8QTSUDC2,audio_10098,7,Tocca le scimmie se ci sono due pappagalli e una bambina
8Q,8QTSUDC2,audio_10099,7,Tocca le scimmie se ci sono due polipi e un leone
8Q,8QTSUDC2,audio_10100,7,Tocca le scimmie se ci sono due polipi e un pappagallo
8Q,8QTSUDC2,audio_10101,7,Tocca le scimmie se ci sono due polipi e un gelato
8Q,8QTSUDC2,audio_10102,7,Tocca le scimmie se ci sono due polipi e un paio di occhiali da sole
8Q,8QTSUDC2,audio_10103,7,Tocca le scimmie se ci sono due polipi e una bicicletta
8Q,8QTSUDC2,audio_10104,7,Tocca le scimmie se ci sono due polipi e un monopattino
8Q,8QTSUDC2,audio_10105,7,Tocca le scimmie se ci sono due polipi e un ombrello
8Q,8QTSUDC2,audio_10106,7,Tocca le scimmie se ci sono due polipi e una bambina
8Q,8QTSUDC2,audio_10107,7,Tocca le scimmie se ci sono due gelati e un leone
8Q,8QTSUDC2,audio_10108,7,Tocca le scimmie se ci sono due gelati e un pappagallo
8Q,8QTSUDC2,audio_10109,7,Tocca le scimmie se ci sono due gelati e un polipo
8Q,8QTSUDC2,audio_10110,7,Tocca le scimmie se ci sono due gelati e un paio di occhiali da sole
8Q,8QTSUDC2,audio_10111,7,Tocca le scimmie se ci sono due gelati e una bicicletta
8Q,8QTSUDC2,audio_10112,7,Tocca le scimmie se ci sono due gelati e un monopattino
8Q,8QTSUDC2,audio_10113,7,Tocca le scimmie se ci sono due gelati e un ombrello
8Q,8QTSUDC2,audio_10114,7,Tocca le scimmie se ci sono due gelati e una bambina
8Q,8QTSUDC2,audio_10115,7,Tocca le scimmie se ci sono due paia di occhiali da sole e un leone
8Q,8QTSUDC2,audio_10116,7,Tocca le scimmie se ci sono due paia di occhiali da sole e un pappagallo
8Q,8QTSUDC2,audio_10117,7,Tocca le scimmie se ci sono due paia di occhiali da sole e un polipo
8Q,8QTSUDC2,audio_10118,7,Tocca le scimmie se ci sono due paia di occhiali da sole e un gelato
8Q,8QTSUDC2,audio_10119,7,Tocca le scimmie se ci sono due paia di occhiali da sole e una bicicletta
8Q,8QTSUDC2,audio_10120,7,Tocca le scimmie se ci sono due paia di occhiali da sole e un monopattino
8Q,8QTSUDC2,audio_10121,7,Tocca le scimmie se ci sono due paia di occhiali da sole e un ombrello
8Q,8QTSUDC2,audio_10122,7,Tocca le scimmie se ci sono due paia di occhiali da sole e una bambina
8Q,8QTSUDC2,audio_10123,7,Tocca le scimmie se ci sono due biciclette e un leone
8Q,8QTSUDC2,audio_10124,7,Tocca le scimmie se ci sono due biciclette e un pappagallo
8Q,8QTSUDC2,audio_10125,7,Tocca le scimmie se ci sono due biciclette e un polipo
8Q,8QTSUDC2,audio_10126,7,Tocca le scimmie se ci sono due biciclette e un gelato
8Q,8QTSUDC2,audio_10127,7,Tocca le scimmie se ci sono due biciclette e un paio di occhiali da sole
8Q,8QTSUDC2,audio_10128,7,Tocca le scimmie se ci sono due biciclette e un monopattino
8Q,8QTSUDC2,audio_10129,7,Tocca le scimmie se ci sono due biciclette e un ombrello
8Q,8QTSUDC2,audio_10130,7,Tocca le scimmie se ci sono due biciclette e una bambina
8Q,8QTSUDC2,audio_10131,7,Tocca le scimmie se ci sono due monopattini e un leone
8Q,8QTSUDC2,audio_10132,7,Tocca le scimmie se ci sono due monopattini e un pappagallo
8Q,8QTSUDC2,audio_10133,7,Tocca le scimmie se ci sono due monopattini e un polipo
8Q,8QTSUDC2,audio_10134,7,Tocca le scimmie se ci sono due monopattini e un gelato
8Q,8QTSUDC2,audio_10135,7,Tocca le scimmie se ci sono due monopattini e un paio di occhiali da sole
8Q,8QTSUDC2,audio_10136,7,Tocca le scimmie se ci sono due monopattini e una bicicletta
8Q,8QTSUDC2,audio_10137,7,Tocca le scimmie se ci sono due monopattini e un ombrello
8Q,8QTSUDC2,audio_10138,7,Tocca le scimmie se ci sono due monopattini e una bambina
8Q,8QTSUDC2,audio_10139,7,Tocca le scimmie se ci sono due ombrelli e un leone
8Q,8QTSUDC2,audio_10140,7,Tocca le scimmie se ci sono due ombrelli e un pappagallo
8Q,8QTSUDC2,audio_10141,7,Tocca le scimmie se ci sono due ombrelli e un polipo
8Q,8QTSUDC2,audio_10142,7,Tocca le scimmie se ci sono due ombrelli e un gelato
8Q,8QTSUDC2,audio_10143,7,Tocca le scimmie se ci sono due ombrelli e un paio di occhiali da sole
8Q,8QTSUDC2,audio_10144,7,Tocca le scimmie se ci sono due ombrelli e una bicicletta
8Q,8QTSUDC2,audio_10145,7,Tocca le scimmie se ci sono due ombrelli e un monopattino
8Q,8QTSUDC2,audio_10146,7,Tocca le scimmie se ci sono due ombrelli e una bambina
8Q,8QTSUDC2,audio_10147,7,Tocca le scimmie se ci sono due bambine e un leone
8Q,8QTSUDC2,audio_10148,7,Tocca le scimmie se ci sono due bambine e un pappagallo
8Q,8QTSUDC2,audio_10149,7,Tocca le scimmie se ci sono due bambine e un polipo
8Q,8QTSUDC2,audio_10150,7,Tocca le scimmie se ci sono due bambine e un gelato
8Q,8QTSUDC2,audio_10151,7,Tocca le scimmie se ci sono due bambine e un paio di occhiali da sole
8Q,8QTSUDC2,audio_10152,7,Tocca le scimmie se ci sono due bambine e una bicicletta
8Q,8QTSUDC2,audio_10153,7,Tocca le scimmie se ci sono due bambine e un monopattino
8Q,8QTSUDC2,audio_10154,7,Tocca le scimmie se ci sono due bambine e un ombrello
8Q,8QTSUDC2,audio_10155,7,Tocca i pappagalli se ci sono due leoni e una scimmia
8Q,8QTSUDC2,audio_10156,7,Tocca i pappagalli se ci sono due leoni e un polipo
8Q,8QTSUDC2,audio_10157,7,Tocca i pappagalli se ci sono due leoni e un gelato
8Q,8QTSUDC2,audio_10158,7,Tocca i pappagalli se ci sono due leoni e un paio di occhiali da sole
8Q,8QTSUDC2,audio_10159,7,Tocca i pappagalli se ci sono due leoni e una bicicletta
8Q,8QTSUDC2,audio_10160,7,Tocca i pappagalli se ci sono due leoni e un monopattino
8Q,8QTSUDC2,audio_10161,7,Tocca i pappagalli se ci sono due leoni e un ombrello
8Q,8QTSUDC2,audio_10162,7,Tocca i pappagalli se ci sono due leoni e una bambina
8Q,8QTSUDC2,audio_10163,7,Tocca i pappagalli se ci sono due scimmie e una scimmia
8Q,8QTSUDC2,audio_10164,7,Tocca i pappagalli se ci sono due scimmie e un polipo
8Q,8QTSUDC2,audio_10165,7,Tocca i pappagalli se ci sono due scimmie e un gelato
8Q,8QTSUDC2,audio_10166,7,Tocca i pappagalli se ci sono due scimmie e un paio di occhiali da sole
8Q,8QTSUDC2,audio_10167,7,Tocca i pappagalli se ci sono due scimmie e una bicicletta
8Q,8QTSUDC2,audio_10168,7,Tocca i pappagalli se ci sono due scimmie e un monopattino
8Q,8QTSUDC2,audio_10169,7,Tocca i pappagalli se ci sono due scimmie e un ombrello
8Q,8QTSUDC2,audio_10170,7,Tocca i pappagalli se ci sono due scimmie e una bambina
8Q,8QTSUDC2,audio_10171,7,Tocca i pappagalli se ci sono due polipi e una scimmia
8Q,8QTSUDC2,audio_10172,7,Tocca i pappagalli se ci sono due polipi e un leone
8Q,8QTSUDC2,audio_10173,7,Tocca i pappagalli se ci sono due polipi e un gelato
8Q,8QTSUDC2,audio_10174,7,Tocca i pappagalli se ci sono due polipi e un paio di occhiali da sole
8Q,8QTSUDC2,audio_10175,7,Tocca i pappagalli se ci sono due polipi e una bicicletta
8Q,8QTSUDC2,audio_10176,7,Tocca i pappagalli se ci sono due polipi e un monopattino
8Q,8QTSUDC2,audio_10177,7,Tocca i pappagalli se ci sono due polipi e un ombrello
8Q,8QTSUDC2,audio_10178,7,Tocca i pappagalli se ci sono due polipi e una bambina
8Q,8QTSUDC2,audio_10179,7,Tocca i pappagalli se ci sono due gelati e una scimmia
8Q,8QTSUDC2,audio_10180,7,Tocca i pappagalli se ci sono due gelati e un leone
8Q,8QTSUDC2,audio_10181,7,Tocca i pappagalli se ci sono due gelati e un polipo
8Q,8QTSUDC2,audio_10182,7,Tocca i pappagalli se ci sono due gelati e un paio di occhiali da sole
8Q,8QTSUDC2,audio_10183,7,Tocca i pappagalli se ci sono due gelati e una bicicletta
8Q,8QTSUDC2,audio_10184,7,Tocca i pappagalli se ci sono due gelati e un monopattino
8Q,8QTSUDC2,audio_10185,7,Tocca i pappagalli se ci sono due gelati e un ombrello
8Q,8QTSUDC2,audio_10186,7,Tocca i pappagalli se ci sono due gelati e una bambina
8Q,8QTSUDC2,audio_10187,7,Tocca i pappagalli se ci sono due paia di occhiali da sole e una scimmia
8Q,8QTSUDC2,audio_10188,7,Tocca i pappagalli se ci sono due paia di occhiali da sole e un leone
8Q,8QTSUDC2,audio_10189,7,Tocca i pappagalli se ci sono due paia di occhiali da sole e un polipo
8Q,8QTSUDC2,audio_10190,7,Tocca i pappagalli se ci sono due paia di occhiali da sole e un gelato
8Q,8QTSUDC2,audio_10191,7,Tocca i pappagalli se ci sono due paia di occhiali da sole e una bicicletta
8Q,8QTSUDC2,audio_10192,7,Tocca i pappagalli se ci sono due paia di occhiali da sole e un monopattino
8Q,8QTSUDC2,audio_10193,7,Tocca i pappagalli se ci sono due paia di occhiali da sole e un ombrello
8Q,8QTSUDC2,audio_10194,7,Tocca i pappagalli se ci sono due paia di occhiali da sole e una bambina
8Q,8QTSUDC2,audio_10195,7,Tocca i pappagalli se ci sono due biciclette e una scimmia
8Q,8QTSUDC2,audio_10196,7,Tocca i pappagalli se ci sono due biciclette e un leone
8Q,8QTSUDC2,audio_10197,7,Tocca i pappagalli se ci sono due biciclette e un polipo
8Q,8QTSUDC2,audio_10198,7,Tocca i pappagalli se ci sono due biciclette e un gelato
8Q,8QTSUDC2,audio_10199,7,Tocca i pappagalli se ci sono due biciclette e un paio di occhiali da sole
8Q,8QTSUDC2,audio_10200,7,Tocca i pappagalli se ci sono due biciclette e un monopattino
8Q,8QTSUDC2,audio_10201,7,Tocca i pappagalli se ci sono due biciclette e un ombrello
8Q,8QTSUDC2,audio_10202,7,Tocca i pappagalli se ci sono due biciclette e una bambina
8Q,8QTSUDC2,audio_10203,7,Tocca i pappagalli se ci sono due monopattini e una scimmia
8Q,8QTSUDC2,audio_10204,7,Tocca i pappagalli se ci sono due monopattini e un leone
8Q,8QTSUDC2,audio_10205,7,Tocca i pappagalli se ci sono due monopattini e un polipo
8Q,8QTSUDC2,audio_10206,7,Tocca i pappagalli se ci sono due monopattini e un gelato
8Q,8QTSUDC2,audio_10207,7,Tocca i pappagalli se ci sono due monopattini e un paio di occhiali da sole
8Q,8QTSUDC2,audio_10208,7,Tocca i pappagalli se ci sono due monopattini e una bicicletta
8Q,8QTSUDC2,audio_10209,7,Tocca i pappagalli se ci sono due monopattini e un ombrello
8Q,8QTSUDC2,audio_10210,7,Tocca i pappagalli se ci sono due monopattini e una bambina
8Q,8QTSUDC2,audio_10211,7,Tocca i pappagalli se ci sono due ombrelli e una scimmia
8Q,8QTSUDC2,audio_10212,7,Tocca i pappagalli se ci sono due ombrelli e un leone
8Q,8QTSUDC2,audio_10213,7,Tocca i pappagalli se ci sono due ombrelli e un polipo
8Q,8QTSUDC2,audio_10214,7,Tocca i pappagalli se ci sono due ombrelli e un gelato
8Q,8QTSUDC2,audio_10215,7,Tocca i pappagalli se ci sono due ombrelli e un paio di occhiali da sole
8Q,8QTSUDC2,audio_10216,7,Tocca i pappagalli se ci sono due ombrelli e una bicicletta
8Q,8QTSUDC2,audio_10217,7,Tocca i pappagalli se ci sono due ombrelli e un monopattino
8Q,8QTSUDC2,audio_10218,7,Tocca i pappagalli se ci sono due ombrelli e una bambina
8Q,8QTSUDC2,audio_10219,7,Tocca i pappagalli se ci sono due bambine e una scimmia
8Q,8QTSUDC2,audio_10220,7,Tocca i pappagalli se ci sono due bambine e un leone
8Q,8QTSUDC2,audio_10221,7,Tocca i pappagalli se ci sono due bambine e un polipo
8Q,8QTSUDC2,audio_10222,7,Tocca i pappagalli se ci sono due bambine e un gelato
8Q,8QTSUDC2,audio_10223,7,Tocca i pappagalli se ci sono due bambine e un paio di occhiali da sole
8Q,8QTSUDC2,audio_10224,7,Tocca i pappagalli se ci sono due bambine e una bicicletta
8Q,8QTSUDC2,audio_10225,7,Tocca i pappagalli se ci sono due bambine e un monopattino
8Q,8QTSUDC2,audio_10226,7,Tocca i pappagalli se ci sono due bambine e un ombrello
8Q,8QTSUDC2,audio_10227,7,Tocca i polipi se ci sono due leoni e un pappagallo
8Q,8QTSUDC2,audio_10228,7,Tocca i polipi se ci sono due leoni e una scimmia
8Q,8QTSUDC2,audio_10229,7,Tocca i polipi se ci sono due leoni e un gelato
8Q,8QTSUDC2,audio_10230,7,Tocca i polipi se ci sono due leoni e un paio di occhiali da sole
8Q,8QTSUDC2,audio_10231,7,Tocca i polipi se ci sono due leoni e una bicicletta
8Q,8QTSUDC2,audio_10232,7,Tocca i polipi se ci sono due leoni e un monopattino
8Q,8QTSUDC2,audio_10233,7,Tocca i polipi se ci sono due leoni e un ombrello
8Q,8QTSUDC2,audio_10234,7,Tocca i polipi se ci sono due leoni e una bambina
8Q,8QTSUDC2,audio_10235,7,Tocca i polipi se ci sono due scimmie e una scimmia
8Q,8QTSUDC2,audio_10236,7,Tocca i polipi se ci sono due scimmie e un leone
8Q,8QTSUDC2,audio_10237,7,Tocca i polipi se ci sono due scimmie e un gelato
8Q,8QTSUDC2,audio_10238,7,Tocca i polipi se ci sono due scimmie e un paio di occhiali da sole
8Q,8QTSUDC2,audio_10239,7,Tocca i polipi se ci sono due scimmie e una bicicletta
8Q,8QTSUDC2,audio_10240,7,Tocca i polipi se ci sono due scimmie e un monopattino
8Q,8QTSUDC2,audio_10241,7,Tocca i polipi se ci sono due scimmie e un ombrello
8Q,8QTSUDC2,audio_10242,7,Tocca i polipi se ci sono due scimmie e una bambina
8Q,8QTSUDC2,audio_10243,7,Tocca i polipi se ci sono due pappagalli e una scimmia
8Q,8QTSUDC2,audio_10244,7,Tocca i polipi se ci sono due pappagalli e un leone
8Q,8QTSUDC2,audio_10245,7,Tocca i polipi se ci sono due pappagalli e un gelato
8Q,8QTSUDC2,audio_10246,7,Tocca i polipi se ci sono due pappagalli e un paio di occhiali da sole
8Q,8QTSUDC2,audio_10247,7,Tocca i polipi se ci sono due pappagalli e una bicicletta
8Q,8QTSUDC2,audio_10248,7,Tocca i polipi se ci sono due pappagalli e un monopattino
8Q,8QTSUDC2,audio_10249,7,Tocca i polipi se ci sono due pappagalli e un ombrello
8Q,8QTSUDC2,audio_10250,7,Tocca i polipi se ci sono due pappagalli e una bambina
8Q,8QTSUDC2,audio_10251,7,Tocca i polipi se ci sono due gelati e una scimmia
8Q,8QTSUDC2,audio_10252,7,Tocca i polipi se ci sono due gelati e un pappagallo
8Q,8QTSUDC2,audio_10253,7,Tocca i polipi se ci sono due gelati e un leone
8Q,8QTSUDC2,audio_10254,7,Tocca i polipi se ci sono due gelati e un paio di occhiali da sole
8Q,8QTSUDC2,audio_10255,7,Tocca i polipi se ci sono due gelati e una bicicletta
8Q,8QTSUDC2,audio_10256,7,Tocca i polipi se ci sono due gelati e un monopattino
8Q,8QTSUDC2,audio_10257,7,Tocca i polipi se ci sono due gelati e un ombrello
8Q,8QTSUDC2,audio_10258,7,Tocca i polipi se ci sono due gelati e una bambina
8Q,8QTSUDC2,audio_10259,7,Tocca i polipi se ci sono due paia di occhiali da sole e una scimmia
8Q,8QTSUDC2,audio_10260,7,Tocca i polipi se ci sono due paia di occhiali da sole e un pappagallo
8Q,8QTSUDC2,audio_10261,7,Tocca i polipi se ci sono due paia di occhiali da sole e un leone
8Q,8QTSUDC2,audio_10262,7,Tocca i polipi se ci sono due paia di occhiali da sole e un gelato
8Q,8QTSUDC2,audio_10263,7,Tocca i polipi se ci sono due paia di occhiali da sole e una bicicletta
8Q,8QTSUDC2,audio_10264,7,Tocca i polipi se ci sono due paia di occhiali da sole e un monopattino
8Q,8QTSUDC2,audio_10265,7,Tocca i polipi se ci sono due paia di occhiali da sole e un ombrello
8Q,8QTSUDC2,audio_10266,7,Tocca i polipi se ci sono due paia di occhiali da sole e una bambina
8Q,8QTSUDC2,audio_10267,7,Tocca i polipi se ci sono due biciclette e una scimmia
8Q,8QTSUDC2,audio_10268,7,Tocca i polipi se ci sono due biciclette e un pappagallo
8Q,8QTSUDC2,audio_10269,7,Tocca i polipi se ci sono due biciclette e un leone
8Q,8QTSUDC2,audio_10270,7,Tocca i polipi se ci sono due biciclette e un gelato
8Q,8QTSUDC2,audio_10271,7,Tocca i polipi se ci sono due biciclette e un paio di occhiali da sole
8Q,8QTSUDC2,audio_10272,7,Tocca i polipi se ci sono due biciclette e un monopattino
8Q,8QTSUDC2,audio_10273,7,Tocca i polipi se ci sono due biciclette e un ombrello
8Q,8QTSUDC2,audio_10274,7,Tocca i polipi se ci sono due biciclette e una bambina
8Q,8QTSUDC2,audio_10275,7,Tocca i polipi se ci sono due monopattini e una scimmia
8Q,8QTSUDC2,audio_10276,7,Tocca i polipi se ci sono due monopattini e un pappagallo
8Q,8QTSUDC2,audio_10277,7,Tocca i polipi se ci sono due monopattini e un leone
8Q,8QTSUDC2,audio_10278,7,Tocca i polipi se ci sono due monopattini e un gelato
8Q,8QTSUDC2,audio_10279,7,Tocca i polipi se ci sono due monopattini e un paio di occhiali da sole
8Q,8QTSUDC2,audio_10280,7,Tocca i polipi se ci sono due monopattini e una bicicletta
8Q,8QTSUDC2,audio_10281,7,Tocca i polipi se ci sono due monopattini e un ombrello
8Q,8QTSUDC2,audio_10282,7,Tocca i polipi se ci sono due monopattini e una bambina
8Q,8QTSUDC2,audio_10283,7,Tocca i polipi se ci sono due ombrelli e una scimmia
8Q,8QTSUDC2,audio_10284,7,Tocca i polipi se ci sono due ombrelli e un pappagallo
8Q,8QTSUDC2,audio_10285,7,Tocca i polipi se ci sono due ombrelli e un leone
8Q,8QTSUDC2,audio_10286,7,Tocca i polipi se ci sono due ombrelli e un gelato
8Q,8QTSUDC2,audio_10287,7,Tocca i polipi se ci sono due ombrelli e un paio di occhiali da sole
8Q,8QTSUDC2,audio_10288,7,Tocca i polipi se ci sono due ombrelli e una bicicletta
8Q,8QTSUDC2,audio_10289,7,Tocca i polipi se ci sono due ombrelli e un monopattino
8Q,8QTSUDC2,audio_10290,7,Tocca i polipi se ci sono due ombrelli e una bambina
8Q,8QTSUDC2,audio_10291,7,Tocca i polipi se ci sono due bambine e una scimmia
8Q,8QTSUDC2,audio_10292,7,Tocca i polipi se ci sono due bambine e un pappagallo
8Q,8QTSUDC2,audio_10293,7,Tocca i polipi se ci sono due bambine e un leone
8Q,8QTSUDC2,audio_10294,7,Tocca i polipi se ci sono due bambine e un gelato
8Q,8QTSUDC2,audio_10295,7,Tocca i polipi se ci sono due bambine e un paio di occhiali da sole
8Q,8QTSUDC2,audio_10296,7,Tocca i polipi se ci sono due bambine e una bicicletta
8Q,8QTSUDC2,audio_10297,7,Tocca i polipi se ci sono due bambine e un monopattino
8Q,8QTSUDC2,audio_10298,7,Tocca i polipi se ci sono due bambine e un ombrello
8Q,8QTSUDC2,audio_10299,7,Tocca i gelati se ci sono due leoni e un pappagallo
8Q,8QTSUDC2,audio_10300,7,Tocca i gelati se ci sono due leoni e un polipo
8Q,8QTSUDC2,audio_10301,7,Tocca i gelati se ci sono due leoni e una scimmia
8Q,8QTSUDC2,audio_10302,7,Tocca i gelati se ci sono due leoni e un paio di occhiali da sole
8Q,8QTSUDC2,audio_10303,7,Tocca i gelati se ci sono due leoni e una bicicletta
8Q,8QTSUDC2,audio_10304,7,Tocca i gelati se ci sono due leoni e un monopattino
8Q,8QTSUDC2,audio_10305,7,Tocca i gelati se ci sono due leoni e un ombrello
8Q,8QTSUDC2,audio_10306,7,Tocca i gelati se ci sono due leoni e una bambina
8Q,8QTSUDC2,audio_10307,7,Tocca i gelati se ci sono due scimmie e una scimmia
8Q,8QTSUDC2,audio_10308,7,Tocca i gelati se ci sono due scimmie e un polipo
8Q,8QTSUDC2,audio_10309,7,Tocca i gelati se ci sono due scimmie e un leone
8Q,8QTSUDC2,audio_10310,7,Tocca i gelati se ci sono due scimmie e un paio di occhiali da sole
8Q,8QTSUDC2,audio_10311,7,Tocca i gelati se ci sono due scimmie e una bicicletta
8Q,8QTSUDC2,audio_10312,7,Tocca i gelati se ci sono due scimmie e un monopattino
8Q,8QTSUDC2,audio_10313,7,Tocca i gelati se ci sono due scimmie e un ombrello
8Q,8QTSUDC2,audio_10314,7,Tocca i gelati se ci sono due scimmie e una bambina
8Q,8QTSUDC2,audio_10315,7,Tocca i gelati se ci sono due polipi e una scimmia
8Q,8QTSUDC2,audio_10316,7,Tocca i gelati se ci sono due polipi e un pappagallo
8Q,8QTSUDC2,audio_10317,7,Tocca i gelati se ci sono due polipi e un leone
8Q,8QTSUDC2,audio_10318,7,Tocca i gelati se ci sono due polipi e un paio di occhiali da sole
8Q,8QTSUDC2,audio_10319,7,Tocca i gelati se ci sono due polipi e una bicicletta
8Q,8QTSUDC2,audio_10320,7,Tocca i gelati se ci sono due polipi e un monopattino
8Q,8QTSUDC2,audio_10321,7,Tocca i gelati se ci sono due polipi e un ombrello
8Q,8QTSUDC2,audio_10322,7,Tocca i gelati se ci sono due polipi e una bambina
8Q,8QTSUDC2,audio_10323,7,Tocca i gelati se ci sono due pappagalli e una scimmia
8Q,8QTSUDC2,audio_10324,7,Tocca i gelati se ci sono due pappagalli e un pappagallo
8Q,8QTSUDC2,audio_10325,7,Tocca i gelati se ci sono due pappagalli e un polipo
8Q,8QTSUDC2,audio_10326,7,Tocca i gelati se ci sono due pappagalli e un paio di occhiali da sole
8Q,8QTSUDC2,audio_10327,7,Tocca i gelati se ci sono due pappagalli e una bicicletta
8Q,8QTSUDC2,audio_10328,7,Tocca i gelati se ci sono due pappagalli e un monopattino
8Q,8QTSUDC2,audio_10329,7,Tocca i gelati se ci sono due pappagalli e un ombrello
8Q,8QTSUDC2,audio_10330,7,Tocca i gelati se ci sono due pappagalli e una bambina
8Q,8QTSUDC2,audio_10331,7,Tocca i gelati se ci sono due paia di occhiali da sole e una scimmia
8Q,8QTSUDC2,audio_10332,7,Tocca i gelati se ci sono due paia di occhiali da sole e un pappagallo
8Q,8QTSUDC2,audio_10333,7,Tocca i gelati se ci sono due paia di occhiali da sole e un polipo
8Q,8QTSUDC2,audio_10334,7,Tocca i gelati se ci sono due paia di occhiali da sole e un leone
8Q,8QTSUDC2,audio_10335,7,Tocca i gelati se ci sono due paia di occhiali da sole e una bicicletta
8Q,8QTSUDC2,audio_10336,7,Tocca i gelati se ci sono due paia di occhiali da sole e un monopattino
8Q,8QTSUDC2,audio_10337,7,Tocca i gelati se ci sono due paia di occhiali da sole e un ombrello
8Q,8QTSUDC2,audio_10338,7,Tocca i gelati se ci sono due paia di occhiali da sole e una bambina
8Q,8QTSUDC2,audio_10339,7,Tocca i gelati se ci sono due biciclette e una scimmia
8Q,8QTSUDC2,audio_10340,7,Tocca i gelati se ci sono due biciclette e un pappagallo
8Q,8QTSUDC2,audio_10341,7,Tocca i gelati se ci sono due biciclette e un polipo
8Q,8QTSUDC2,audio_10342,7,Tocca i gelati se ci sono due biciclette e un leone
8Q,8QTSUDC2,audio_10343,7,Tocca i gelati se ci sono due biciclette e un paio di occhiali da sole
8Q,8QTSUDC2,audio_10344,7,Tocca i gelati se ci sono due biciclette e un monopattino
8Q,8QTSUDC2,audio_10345,7,Tocca i gelati se ci sono due biciclette e un ombrello
8Q,8QTSUDC2,audio_10346,7,Tocca i gelati se ci sono due biciclette e una bambina
8Q,8QTSUDC2,audio_10347,7,Tocca i gelati se ci sono due monopattini e una scimmia
8Q,8QTSUDC2,audio_10348,7,Tocca i gelati se ci sono due monopattini e un pappagallo
8Q,8QTSUDC2,audio_10349,7,Tocca i gelati se ci sono due monopattini e un polipo
8Q,8QTSUDC2,audio_10350,7,Tocca i gelati se ci sono due monopattini e un leone
8Q,8QTSUDC2,audio_10351,7,Tocca i gelati se ci sono due monopattini e un paio di occhiali da sole
8Q,8QTSUDC2,audio_10352,7,Tocca i gelati se ci sono due monopattini e una bicicletta
8Q,8QTSUDC2,audio_10353,7,Tocca i gelati se ci sono due monopattini e un ombrello
8Q,8QTSUDC2,audio_10354,7,Tocca i gelati se ci sono due monopattini e una bambina
8Q,8QTSUDC2,audio_10355,7,Tocca i gelati se ci sono due ombrelli e una scimmia
8Q,8QTSUDC2,audio_10356,7,Tocca i gelati se ci sono due ombrelli e un pappagallo
8Q,8QTSUDC2,audio_10357,7,Tocca i gelati se ci sono due ombrelli e un polipo
8Q,8QTSUDC2,audio_10358,7,Tocca i gelati se ci sono due ombrelli e un leone
8Q,8QTSUDC2,audio_10359,7,Tocca i gelati se ci sono due ombrelli e un paio di occhiali da sole
8Q,8QTSUDC2,audio_10360,7,Tocca i gelati se ci sono due ombrelli e una bicicletta
8Q,8QTSUDC2,audio_10361,7,Tocca i gelati se ci sono due ombrelli e un monopattino
8Q,8QTSUDC2,audio_10362,7,Tocca i gelati se ci sono due ombrelli e una bambina
8Q,8QTSUDC2,audio_10363,7,Tocca i gelati se ci sono due bambine e una scimmia
8Q,8QTSUDC2,audio_10364,7,Tocca i gelati se ci sono due bambine e un pappagallo
8Q,8QTSUDC2,audio_10365,7,Tocca i gelati se ci sono due bambine e un polipo
8Q,8QTSUDC2,audio_10366,7,Tocca i gelati se ci sono due bambine e un leone
8Q,8QTSUDC2,audio_10367,7,Tocca i gelati se ci sono due bambine e un paio di occhiali da sole
8Q,8QTSUDC2,audio_10368,7,Tocca i gelati se ci sono due bambine e una bicicletta
8Q,8QTSUDC2,audio_10369,7,Tocca i gelati se ci sono due bambine e un monopattino
8Q,8QTSUDC2,audio_10370,7,Tocca i gelati se ci sono due bambine e un ombrello
8Q,8QTSUDC2,audio_10371,7,Tocca tutti gli occhiali da sole se ci sono due leoni e un pappagallo
8Q,8QTSUDC2,audio_10372,7,Tocca tutti gli occhiali da sole se ci sono due leoni e un polipo
8Q,8QTSUDC2,audio_10373,7,Tocca tutti gli occhiali da sole se ci sono due leoni e una scimmia
8Q,8QTSUDC2,audio_10374,7,Tocca tutti gli occhiali da sole se ci sono due leoni e un gelato
8Q,8QTSUDC2,audio_10375,7,Tocca tutti gli occhiali da sole se ci sono due leoni e una bicicletta
8Q,8QTSUDC2,audio_10376,7,Tocca tutti gli occhiali da sole se ci sono due leoni e un monopattino
8Q,8QTSUDC2,audio_10377,7,Tocca tutti gli occhiali da sole se ci sono due leoni e un ombrello
8Q,8QTSUDC2,audio_10378,7,Tocca tutti gli occhiali da sole se ci sono due leoni e una bambina
8Q,8QTSUDC2,audio_10379,7,Tocca tutti gli occhiali da sole se ci sono due scimmie e una scimmia
8Q,8QTSUDC2,audio_10380,7,Tocca tutti gli occhiali da sole se ci sono due scimmie e un polipo
8Q,8QTSUDC2,audio_10381,7,Tocca tutti gli occhiali da sole se ci sono due scimmie e un leone
8Q,8QTSUDC2,audio_10382,7,Tocca tutti gli occhiali da sole se ci sono due scimmie e un gelato
8Q,8QTSUDC2,audio_10383,7,Tocca tutti gli occhiali da sole se ci sono due scimmie e una bicicletta
8Q,8QTSUDC2,audio_10384,7,Tocca tutti gli occhiali da sole se ci sono due scimmie e un monopattino
8Q,8QTSUDC2,audio_10385,7,Tocca tutti gli occhiali da sole se ci sono due scimmie e un ombrello
8Q,8QTSUDC2,audio_10386,7,Tocca tutti gli occhiali da sole se ci sono due scimmie e una bambina
8Q,8QTSUDC2,audio_10387,7,Tocca tutti gli occhiali da sole se ci sono due polipi e una scimmia
8Q,8QTSUDC2,audio_10388,7,Tocca tutti gli occhiali da sole se ci sono due polipi e un pappagallo
8Q,8QTSUDC2,audio_10389,7,Tocca tutti gli occhiali da sole se ci sono due polipi e un leone
8Q,8QTSUDC2,audio_10390,7,Tocca tutti gli occhiali da sole se ci sono due polipi e un gelato
8Q,8QTSUDC2,audio_10391,7,Tocca tutti gli occhiali da sole se ci sono due polipi e una bicicletta
8Q,8QTSUDC2,audio_10392,7,Tocca tutti gli occhiali da sole se ci sono due polipi e un monopattino
8Q,8QTSUDC2,audio_10393,7,Tocca tutti gli occhiali da sole se ci sono due polipi e un ombrello
8Q,8QTSUDC2,audio_10394,7,Tocca tutti gli occhiali da sole se ci sono due polipi e una bambina
8Q,8QTSUDC2,audio_10395,7,Tocca tutti gli occhiali da sole se ci sono due pappagalli e una scimmia
8Q,8QTSUDC2,audio_10396,7,Tocca tutti gli occhiali da sole se ci sono due pappagalli e un polipo
8Q,8QTSUDC2,audio_10397,7,Tocca tutti gli occhiali da sole se ci sono due pappagalli e un gelato
8Q,8QTSUDC2,audio_10398,7,Tocca tutti gli occhiali da sole se ci sono due pappagalli e un leone
8Q,8QTSUDC2,audio_10399,7,Tocca tutti gli occhiali da sole se ci sono due pappagalli e una bicicletta
8Q,8QTSUDC2,audio_10400,7,Tocca tutti gli occhiali da sole se ci sono due pappagalli e un monopattino
8Q,8QTSUDC2,audio_10401,7,Tocca tutti gli occhiali da sole se ci sono due pappagalli e un ombrello
8Q,8QTSUDC2,audio_10402,7,Tocca tutti gli occhiali da sole se ci sono due pappagalli e una bambina
8Q,8QTSUDC2,audio_10403,7,Tocca tutti gli occhiali da sole se ci sono due gelati e una scimmia
8Q,8QTSUDC2,audio_10404,7,Tocca tutti gli occhiali da sole se ci sono due gelati e un pappagallo
8Q,8QTSUDC2,audio_10405,7,Tocca tutti gli occhiali da sole se ci sono due gelati e un polipo
8Q,8QTSUDC2,audio_10406,7,Tocca tutti gli occhiali da sole se ci sono due gelati e un leone
8Q,8QTSUDC2,audio_10407,7,Tocca tutti gli occhiali da sole se ci sono due gelati e una bicicletta
8Q,8QTSUDC2,audio_10408,7,Tocca tutti gli occhiali da sole se ci sono due gelati e un monopattino
8Q,8QTSUDC2,audio_10409,7,Tocca tutti gli occhiali da sole se ci sono due gelati e un ombrello
8Q,8QTSUDC2,audio_10410,7,Tocca tutti gli occhiali da sole se ci sono due gelati e una bambina
8Q,8QTSUDC2,audio_10411,7,Tocca tutti gli occhiali da sole se ci sono due biciclette e una scimmia
8Q,8QTSUDC2,audio_10412,7,Tocca tutti gli occhiali da sole se ci sono due biciclette e un pappagallo
8Q,8QTSUDC2,audio_10413,7,Tocca tutti gli occhiali da sole se ci sono due biciclette e un polipo
8Q,8QTSUDC2,audio_10414,7,Tocca tutti gli occhiali da sole se ci sono due biciclette e un gelato
8Q,8QTSUDC2,audio_10415,7,Tocca tutti gli occhiali da sole se ci sono due biciclette e un leone
8Q,8QTSUDC2,audio_10416,7,Tocca tutti gli occhiali da sole se ci sono due biciclette e un monopattino
8Q,8QTSUDC2,audio_10417,7,Tocca tutti gli occhiali da sole se ci sono due biciclette e un ombrello
8Q,8QTSUDC2,audio_10418,7,Tocca tutti gli occhiali da sole se ci sono due biciclette e una bambina
8Q,8QTSUDC2,audio_10419,7,Tocca tutti gli occhiali da sole se ci sono due monopattini e una scimmia
8Q,8QTSUDC2,audio_10420,7,Tocca tutti gli occhiali da sole se ci sono due monopattini e un pappagallo
8Q,8QTSUDC2,audio_10421,7,Tocca tutti gli occhiali da sole se ci sono due monopattini e un polipo
8Q,8QTSUDC2,audio_10422,7,Tocca tutti gli occhiali da sole se ci sono due monopattini e un gelato
8Q,8QTSUDC2,audio_10423,7,Tocca tutti gli occhiali da sole se ci sono due monopattini e un leone
8Q,8QTSUDC2,audio_10424,7,Tocca tutti gli occhiali da sole se ci sono due monopattini e una bicicletta
8Q,8QTSUDC2,audio_10425,7,Tocca tutti gli occhiali da sole se ci sono due monopattini e un ombrello
8Q,8QTSUDC2,audio_10426,7,Tocca tutti gli occhiali da sole se ci sono due monopattini e una bambina
8Q,8QTSUDC2,audio_10427,7,Tocca tutti gli occhiali da sole se ci sono due ombrelli e una scimmia
8Q,8QTSUDC2,audio_10428,7,Tocca tutti gli occhiali da sole se ci sono due ombrelli e un pappagallo
8Q,8QTSUDC2,audio_10429,7,Tocca tutti gli occhiali da sole se ci sono due ombrelli e un polipo
8Q,8QTSUDC2,audio_10430,7,Tocca tutti gli occhiali da sole se ci sono due ombrelli e un gelato
8Q,8QTSUDC2,audio_10431,7,Tocca tutti gli occhiali da sole se ci sono due ombrelli e un leone
8Q,8QTSUDC2,audio_10432,7,Tocca tutti gli occhiali da sole se ci sono due ombrelli e una bicicletta
8Q,8QTSUDC2,audio_10433,7,Tocca tutti gli occhiali da sole se ci sono due ombrelli e un monopattino
8Q,8QTSUDC2,audio_10434,7,Tocca tutti gli occhiali da sole se ci sono due ombrelli e una bambina
8Q,8QTSUDC2,audio_10435,7,Tocca tutti gli occhiali da sole se ci sono due bambine e una scimmia
8Q,8QTSUDC2,audio_10436,7,Tocca tutti gli occhiali da sole se ci sono due bambine e un pappagallo
8Q,8QTSUDC2,audio_10437,7,Tocca tutti gli occhiali da sole se ci sono due bambine e un polipo
8Q,8QTSUDC2,audio_10438,7,Tocca tutti gli occhiali da sole se ci sono due bambine e un gelato
8Q,8QTSUDC2,audio_10439,7,Tocca tutti gli occhiali da sole se ci sono due bambine e un leone
8Q,8QTSUDC2,audio_10440,7,Tocca tutti gli occhiali da sole se ci sono due bambine e una bicicletta
8Q,8QTSUDC2,audio_10441,7,Tocca tutti gli occhiali da sole se ci sono due bambine e un monopattino
8Q,8QTSUDC2,audio_10442,7,Tocca tutti gli occhiali da sole se ci sono due bambine e un ombrello
8Q,8QTSUDC2,audio_10443,7,Tocca le biciclette se ci sono due leoni e una scimmia
8Q,8QTSUDC2,audio_10444,7,Tocca le biciclette se ci sono due leoni e un pappagallo
8Q,8QTSUDC2,audio_10445,7,Tocca le biciclette se ci sono due leoni e un polipo
8Q,8QTSUDC2,audio_10446,7,Tocca le biciclette se ci sono due leoni e un gelato
8Q,8QTSUDC2,audio_10447,7,Tocca le biciclette se ci sono due leoni e un paio di occhiali da sole
8Q,8QTSUDC2,audio_10448,7,Tocca le biciclette se ci sono due leoni e un monopattino
8Q,8QTSUDC2,audio_10449,7,Tocca le biciclette se ci sono due leoni e un ombrello
8Q,8QTSUDC2,audio_10450,7,Tocca le biciclette se ci sono due leoni e una bambina
8Q,8QTSUDC2,audio_10451,7,Tocca le biciclette se ci sono due scimmie e un leone
8Q,8QTSUDC2,audio_10452,7,Tocca le biciclette se ci sono due scimmie e un polipo
8Q,8QTSUDC2,audio_10453,7,Tocca le biciclette se ci sono due scimmie e un gelato
8Q,8QTSUDC2,audio_10454,7,Tocca le biciclette se ci sono due scimmie e un leone
8Q,8QTSUDC2,audio_10455,7,Tocca le biciclette se ci sono due scimmie e un paio di occhiali da sole
8Q,8QTSUDC2,audio_10456,7,Tocca le biciclette se ci sono due scimmie e un monopattino
8Q,8QTSUDC2,audio_10457,7,Tocca le biciclette se ci sono due scimmie e un ombrello
8Q,8QTSUDC2,audio_10458,7,Tocca le biciclette se ci sono due scimmie e una bambina
8Q,8QTSUDC2,audio_10459,7,Tocca le biciclette se ci sono due polipi e una scimmia
8Q,8QTSUDC2,audio_10460,7,Tocca le biciclette se ci sono due polipi e un pappagallo
8Q,8QTSUDC2,audio_10461,7,Tocca le biciclette se ci sono due polipi e un gelato
8Q,8QTSUDC2,audio_10462,7,Tocca le biciclette se ci sono due polipi e un leone
8Q,8QTSUDC2,audio_10463,7,Tocca le biciclette se ci sono due polipi e un paio di occhiali da sole
8Q,8QTSUDC2,audio_10464,7,Tocca le biciclette se ci sono due polipi e un monopattino
8Q,8QTSUDC2,audio_10465,7,Tocca le biciclette se ci sono due polipi e un ombrello
8Q,8QTSUDC2,audio_10466,7,Tocca le biciclette se ci sono due polipi e una bambina
8Q,8QTSUDC2,audio_10467,7,Tocca le biciclette se ci sono due pappagalli e una scimmia
8Q,8QTSUDC2,audio_10468,7,Tocca le biciclette se ci sono due pappagalli e un pappagallo
8Q,8QTSUDC2,audio_10469,7,Tocca le biciclette se ci sono due pappagalli e un polipo
8Q,8QTSUDC2,audio_10470,7,Tocca le biciclette se ci sono due pappagalli e un gelato
8Q,8QTSUDC2,audio_10471,7,Tocca le biciclette se ci sono due pappagalli e un paio di occhiali da sole
8Q,8QTSUDC2,audio_10472,7,Tocca le biciclette se ci sono due pappagalli e un monopattino
8Q,8QTSUDC2,audio_10473,7,Tocca le biciclette se ci sono due pappagalli e un ombrello
8Q,8QTSUDC2,audio_10474,7,Tocca le biciclette se ci sono due pappagalli e una bambina
8Q,8QTSUDC2,audio_10475,7,Tocca le biciclette se ci sono due gelati e una scimmia
8Q,8QTSUDC2,audio_10476,7,Tocca le biciclette se ci sono due gelati e un pappagallo
8Q,8QTSUDC2,audio_10477,7,Tocca le biciclette se ci sono due gelati e un polileonepo
8Q,8QTSUDC2,audio_10478,7,Tocca le biciclette se ci sono due gelati e un leone
8Q,8QTSUDC2,audio_10479,7,Tocca le biciclette se ci sono due gelati e un paio di occhiali da sole
8Q,8QTSUDC2,audio_10480,7,Tocca le biciclette se ci sono due gelati e un monopattino
8Q,8QTSUDC2,audio_10481,7,Tocca le biciclette se ci sono due gelati e un ombrello
8Q,8QTSUDC2,audio_10482,7,Tocca le biciclette se ci sono due gelati e una bambina
8Q,8QTSUDC2,audio_10483,7,Tocca le biciclette se ci sono due paia di occhiali da sole e una scimmia
8Q,8QTSUDC2,audio_10484,7,Tocca le biciclette se ci sono due paia di occhiali da sole e un pappagallo
8Q,8QTSUDC2,audio_10485,7,Tocca le biciclette se ci sono due paia di occhiali da sole e un polipo
8Q,8QTSUDC2,audio_10486,7,Tocca le biciclette se ci sono due paia di occhiali da sole e un leone
8Q,8QTSUDC2,audio_10487,7,Tocca le biciclette se ci sono due paia di occhiali da sole e un gelato
8Q,8QTSUDC2,audio_10488,7,Tocca le biciclette se ci sono due paia di occhiali da sole e un monopattino
8Q,8QTSUDC2,audio_10489,7,Tocca le biciclette se ci sono due paia di occhiali da sole e un ombrello
8Q,8QTSUDC2,audio_10490,7,Tocca le biciclette se ci sono due paia di occhiali da sole e una bambina
8Q,8QTSUDC2,audio_10491,7,Tocca le biciclette se ci sono due monopattini e una scimmia
8Q,8QTSUDC2,audio_10492,7,Tocca le biciclette se ci sono due monopattini e un pappagallo
8Q,8QTSUDC2,audio_10493,7,Tocca le biciclette se ci sono due monopattini e un polipo
8Q,8QTSUDC2,audio_10494,7,Tocca le biciclette se ci sono due monopattini e un leone
8Q,8QTSUDC2,audio_10495,7,Tocca le biciclette se ci sono due monopattini e un gelato
8Q,8QTSUDC2,audio_10496,7,Tocca le biciclette se ci sono due monopattini e un paio di occhiali da sole
8Q,8QTSUDC2,audio_10497,7,Tocca le biciclette se ci sono due monopattini e un ombrello
8Q,8QTSUDC2,audio_10498,7,Tocca le biciclette se ci sono due monopattini e una bambina
8Q,8QTSUDC2,audio_10499,7,Tocca le biciclette se ci sono due ombrelli e una scimmia
8Q,8QTSUDC2,audio_10500,7,Tocca le biciclette se ci sono due ombrelli e un pappagallo
8Q,8QTSUDC2,audio_10501,7,Tocca le biciclette se ci sono due ombrelli e un polipo
8Q,8QTSUDC2,audio_10502,7,Tocca le biciclette se ci sono due ombrelli e un leone
8Q,8QTSUDC2,audio_10503,7,Tocca le biciclette se ci sono due ombrelli e un gelato
8Q,8QTSUDC2,audio_10504,7,Tocca le biciclette se ci sono due ombrelli e un paio di occhiali da sole
8Q,8QTSUDC2,audio_10505,7,Tocca le biciclette se ci sono due ombrelli e un monopattino
8Q,8QTSUDC2,audio_10506,7,Tocca le biciclette se ci sono due ombrelli e una bambina
8Q,8QTSUDC2,audio_10507,7,Tocca le biciclette se ci sono due bambine e una scimmia
8Q,8QTSUDC2,audio_10508,7,Tocca le biciclette se ci sono due bambine e un pappagallo
8Q,8QTSUDC2,audio_10509,7,Tocca le biciclette se ci sono due bambine e un polipo
8Q,8QTSUDC2,audio_10510,7,Tocca le biciclette se ci sono due bambine e un leone
8Q,8QTSUDC2,audio_10511,7,Tocca le biciclette se ci sono due bambine e un gelato
8Q,8QTSUDC2,audio_10512,7,Tocca le biciclette se ci sono due bambine e un paio di occhiali da sole
8Q,8QTSUDC2,audio_10513,7,Tocca le biciclette se ci sono due bambine e un monopattino
8Q,8QTSUDC2,audio_10514,7,Tocca le biciclette se ci sono due bambine e un ombrello
8Q,8QTSUDC2,audio_10515,7,Tocca i monopattini se ci sono due leoni e una scimmia
8Q,8QTSUDC2,audio_10516,7,Tocca i monopattini se ci sono due leoni e un pappagallo
8Q,8QTSUDC2,audio_10517,7,Tocca i monopattini se ci sono due leoni e un polipo
8Q,8QTSUDC2,audio_10518,7,Tocca i monopattini se ci sono due leoni e un gelato
8Q,8QTSUDC2,audio_10519,7,Tocca i monopattini se ci sono due leoni e un paio di occhiali da sole
8Q,8QTSUDC2,audio_10520,7,Tocca i monopattini se ci sono due leoni e una bicicletta
8Q,8QTSUDC2,audio_10521,7,Tocca i monopattini se ci sono due leoni e un ombrello
8Q,8QTSUDC2,audio_10522,7,Tocca i monopattini se ci sono due leoni e una bambina
8Q,8QTSUDC2,audio_10523,7,Tocca i monopattini se ci sono due scimmie e un leone
8Q,8QTSUDC2,audio_10524,7,Tocca i monopattini se ci sono due scimmie e un polipo
8Q,8QTSUDC2,audio_10525,7,Tocca i monopattini se ci sono due scimmie e un gelato
8Q,8QTSUDC2,audio_10526,7,Tocca i monopattini se ci sono due scimmie e un leone
8Q,8QTSUDC2,audio_10527,7,Tocca i monopattini se ci sono due scimmie e un paio di occhiali da sole
8Q,8QTSUDC2,audio_10528,7,Tocca i monopattini se ci sono due scimmie e una bicicletta
8Q,8QTSUDC2,audio_10529,7,Tocca i monopattini se ci sono due scimmie e un ombrello
8Q,8QTSUDC2,audio_10530,7,Tocca i monopattini se ci sono due scimmie e una bambina
8Q,8QTSUDC2,audio_10531,7,Tocca i monopattini se ci sono due polipi e una scimmia
8Q,8QTSUDC2,audio_10532,7,Tocca i monopattini se ci sono due polipi e un pappagallo
8Q,8QTSUDC2,audio_10533,7,Tocca i monopattini se ci sono due polipi e un gelato
8Q,8QTSUDC2,audio_10534,7,Tocca i monopattini se ci sono due polipi e un leone
8Q,8QTSUDC2,audio_10535,7,Tocca i monopattini se ci sono due polipi e un paio di occhiali da sole
8Q,8QTSUDC2,audio_10536,7,Tocca i monopattini se ci sono due polipi e una bicicletta
8Q,8QTSUDC2,audio_10537,7,Tocca i monopattini se ci sono due polipi e un ombrello
8Q,8QTSUDC2,audio_10538,7,Tocca i monopattini se ci sono due polipi e una bambina
8Q,8QTSUDC2,audio_10539,7,Tocca i monopattini se ci sono due pappagalli e una scimmia
8Q,8QTSUDC2,audio_10540,7,Tocca i monopattini se ci sono due pappagalli e un pappagallo
8Q,8QTSUDC2,audio_10541,7,Tocca i monopattini se ci sono due pappagalli e un polipo
8Q,8QTSUDC2,audio_10542,7,Tocca i monopattini se ci sono due pappagalli e un gelato
8Q,8QTSUDC2,audio_10543,7,Tocca i monopattini se ci sono due pappagalli e un paio di occhiali da sole
8Q,8QTSUDC2,audio_10544,7,Tocca i monopattini se ci sono due pappagalli e una bicicletta
8Q,8QTSUDC2,audio_10545,7,Tocca i monopattini se ci sono due pappagalli e un ombrello
8Q,8QTSUDC2,audio_10546,7,Tocca i monopattini se ci sono due pappagalli e una bambina
8Q,8QTSUDC2,audio_10547,7,Tocca i monopattini se ci sono due gelati e una scimmia
8Q,8QTSUDC2,audio_10548,7,Tocca i monopattini se ci sono due gelati e un pappagallo
8Q,8QTSUDC2,audio_10549,7,Tocca i monopattini se ci sono due gelati e un polileonepo
8Q,8QTSUDC2,audio_10550,7,Tocca i monopattini se ci sono due gelati e un leone
8Q,8QTSUDC2,audio_10551,7,Tocca i monopattini se ci sono due gelati e un paio di occhiali da sole
8Q,8QTSUDC2,audio_10552,7,Tocca i monopattini se ci sono due gelati e una bicicletta
8Q,8QTSUDC2,audio_10553,7,Tocca i monopattini se ci sono due gelati e un ombrello
8Q,8QTSUDC2,audio_10554,7,Tocca i monopattini se ci sono due gelati e una bambina
8Q,8QTSUDC2,audio_10555,7,Tocca i monopattini se ci sono due paia di occhiali da sole e una scimmia
8Q,8QTSUDC2,audio_10556,7,Tocca i monopattini se ci sono due paia di occhiali da sole e un pappagallo
8Q,8QTSUDC2,audio_10557,7,Tocca i monopattini se ci sono due paia di occhiali da sole e un polipo
8Q,8QTSUDC2,audio_10558,7,Tocca i monopattini se ci sono due paia di occhiali da sole e un leone
8Q,8QTSUDC2,audio_10559,7,Tocca i monopattini se ci sono due paia di occhiali da sole e un gelato
8Q,8QTSUDC2,audio_10560,7,Tocca i monopattini se ci sono due paia di occhiali da sole e una bicicletta
8Q,8QTSUDC2,audio_10561,7,Tocca i monopattini se ci sono due paia di occhiali da sole e un ombrello
8Q,8QTSUDC2,audio_10562,7,Tocca i monopattini se ci sono due paia di occhiali da sole e una bambina
8Q,8QTSUDC2,audio_10563,7,Tocca i monopattini se ci sono due biciclette e una scimmia
8Q,8QTSUDC2,audio_10564,7,Tocca i monopattini se ci sono due biciclette e un pappagallo
8Q,8QTSUDC2,audio_10565,7,Tocca i monopattini se ci sono due biciclette e un polipo
8Q,8QTSUDC2,audio_10566,7,Tocca i monopattini se ci sono due biciclette e un leone
8Q,8QTSUDC2,audio_10567,7,Tocca i monopattini se ci sono due biciclette e un gelato
8Q,8QTSUDC2,audio_10568,7,Tocca i monopattini se ci sono due biciclette e un paio di occhiali da sole
8Q,8QTSUDC2,audio_10569,7,Tocca i monopattini se ci sono due biciclette e un ombrello
8Q,8QTSUDC2,audio_10570,7,Tocca i monopattini se ci sono due biciclette e una bambina
8Q,8QTSUDC2,audio_10571,7,Tocca i monopattini se ci sono due ombrelli e una scimmia
8Q,8QTSUDC2,audio_10572,7,Tocca i monopattini se ci sono due ombrelli e un pappagallo
8Q,8QTSUDC2,audio_10573,7,Tocca i monopattini se ci sono due ombrelli e un polipo
8Q,8QTSUDC2,audio_10574,7,Tocca i monopattini se ci sono due ombrelli e un leone
8Q,8QTSUDC2,audio_10575,7,Tocca i monopattini se ci sono due ombrelli e un gelato
8Q,8QTSUDC2,audio_10576,7,Tocca i monopattini se ci sono due ombrelli e un paio di occhiali da sole
8Q,8QTSUDC2,audio_10577,7,Tocca i monopattini se ci sono due ombrelli e una bicicletta
8Q,8QTSUDC2,audio_10578,7,Tocca i monopattini se ci sono due ombrelli e una bambina
8Q,8QTSUDC2,audio_10579,7,Tocca i monopattini se ci sono due bambine e una scimmia
8Q,8QTSUDC2,audio_10580,7,Tocca i monopattini se ci sono due bambine e un pappagallo
8Q,8QTSUDC2,audio_10581,7,Tocca i monopattini se ci sono due bambine e un polipo
8Q,8QTSUDC2,audio_10582,7,Tocca i monopattini se ci sono due bambine e un leone
8Q,8QTSUDC2,audio_10583,7,Tocca i monopattini se ci sono due bambine e un gelato
8Q,8QTSUDC2,audio_10584,7,Tocca i monopattini se ci sono due bambine e un paio di occhiali da sole
8Q,8QTSUDC2,audio_10585,7,Tocca i monopattini se ci sono due bambine e una bicicletta
8Q,8QTSUDC2,audio_10586,7,Tocca i monopattini se ci sono due bambine e un ombrello
8Q,8QTSUDC2,audio_10587,7,Tocca gli ombrelli se ci sono due leoni e una scimmia
8Q,8QTSUDC2,audio_10588,7,Tocca gli ombrelli se ci sono due leoni e un pappagallo
8Q,8QTSUDC2,audio_10589,7,Tocca gli ombrelli se ci sono due leoni e un polipo
8Q,8QTSUDC2,audio_10590,7,Tocca gli ombrelli se ci sono due leoni e un gelato
8Q,8QTSUDC2,audio_10591,7,Tocca gli ombrelli se ci sono due leoni e un paio di occhiali da sole
8Q,8QTSUDC2,audio_10592,7,Tocca gli ombrelli se ci sono due leoni e una bicicletta
8Q,8QTSUDC2,audio_10593,7,Tocca gli ombrelli se ci sono due leoni e un monopattino
8Q,8QTSUDC2,audio_10594,7,Tocca gli ombrelli se ci sono due leoni e una bambina
8Q,8QTSUDC2,audio_10595,7,Tocca gli ombrelli se ci sono due scimmie e un leone
8Q,8QTSUDC2,audio_10596,7,Tocca gli ombrelli se ci sono due scimmie e un polipo
8Q,8QTSUDC2,audio_10597,7,Tocca gli ombrelli se ci sono due scimmie e un gelato
8Q,8QTSUDC2,audio_10598,7,Tocca gli ombrelli se ci sono due scimmie e un leone
8Q,8QTSUDC2,audio_10599,7,Tocca gli ombrelli se ci sono due scimmie e un paio di occhiali da sole
8Q,8QTSUDC2,audio_10600,7,Tocca gli ombrelli se ci sono due scimmie e una bicicletta
8Q,8QTSUDC2,audio_10601,7,Tocca gli ombrelli se ci sono due scimmie e un monopattino
8Q,8QTSUDC2,audio_10602,7,Tocca gli ombrelli se ci sono due scimmie e una bambina
8Q,8QTSUDC2,audio_10603,7,Tocca gli ombrelli se ci sono due polipi e una scimmia
8Q,8QTSUDC2,audio_10604,7,Tocca gli ombrelli se ci sono due polipi e un pappagallo
8Q,8QTSUDC2,audio_10605,7,Tocca gli ombrelli se ci sono due polipi e un gelato
8Q,8QTSUDC2,audio_10606,7,Tocca gli ombrelli se ci sono due polipi e un leone
8Q,8QTSUDC2,audio_10607,7,Tocca gli ombrelli se ci sono due polipi e un paio di occhiali da sole
8Q,8QTSUDC2,audio_10608,7,Tocca gli ombrelli se ci sono due polipi e una bicicletta
8Q,8QTSUDC2,audio_10609,7,Tocca gli ombrelli se ci sono due polipi e un monopattino
8Q,8QTSUDC2,audio_10610,7,Tocca gli ombrelli se ci sono due polipi e una bambina
8Q,8QTSUDC2,audio_10611,7,Tocca gli ombrelli se ci sono due pappagalli e una scimmia
8Q,8QTSUDC2,audio_10612,7,Tocca gli ombrelli se ci sono due pappagalli e un pappagallo
8Q,8QTSUDC2,audio_10613,7,Tocca gli ombrelli se ci sono due pappagalli e un polipo
8Q,8QTSUDC2,audio_10614,7,Tocca gli ombrelli se ci sono due pappagalli e un gelato
8Q,8QTSUDC2,audio_10615,7,Tocca gli ombrelli se ci sono due pappagalli e un paio di occhiali da sole
8Q,8QTSUDC2,audio_10616,7,Tocca gli ombrelli se ci sono due pappagalli e una bicicletta
8Q,8QTSUDC2,audio_10617,7,Tocca gli ombrelli se ci sono due pappagalli e un monopattino
8Q,8QTSUDC2,audio_10618,7,Tocca gli ombrelli se ci sono due pappagalli e una bambina
8Q,8QTSUDC2,audio_10619,7,Tocca gli ombrelli se ci sono due gelati e una scimmia
8Q,8QTSUDC2,audio_10620,7,Tocca gli ombrelli se ci sono due gelati e un pappagallo
8Q,8QTSUDC2,audio_10621,7,Tocca gli ombrelli se ci sono due gelati e un polileonepo
8Q,8QTSUDC2,audio_10622,7,Tocca gli ombrelli se ci sono due gelati e un leone
8Q,8QTSUDC2,audio_10623,7,Tocca gli ombrelli se ci sono due gelati e un paio di occhiali da sole
8Q,8QTSUDC2,audio_10624,7,Tocca gli ombrelli se ci sono due gelati e una bicicletta
8Q,8QTSUDC2,audio_10625,7,Tocca gli ombrelli se ci sono due gelati e un monopattino
8Q,8QTSUDC2,audio_10626,7,Tocca gli ombrelli se ci sono due gelati e una bambina
8Q,8QTSUDC2,audio_10627,7,Tocca gli ombrelli se ci sono due paia di occhiali da sole e una scimmia
8Q,8QTSUDC2,audio_10628,7,Tocca gli ombrelli se ci sono due paia di occhiali da sole e un pappagallo
8Q,8QTSUDC2,audio_10629,7,Tocca gli ombrelli se ci sono due paia di occhiali da sole e un polipo
8Q,8QTSUDC2,audio_10630,7,Tocca gli ombrelli se ci sono due paia di occhiali da sole e un leone
8Q,8QTSUDC2,audio_10631,7,Tocca gli ombrelli se ci sono due paia di occhiali da sole e un gelato
8Q,8QTSUDC2,audio_10632,7,Tocca gli ombrelli se ci sono due paia di occhiali da sole e una bicicletta
8Q,8QTSUDC2,audio_10633,7,Tocca gli ombrelli se ci sono due paia di occhiali da sole e un monopattino
8Q,8QTSUDC2,audio_10634,7,Tocca gli ombrelli se ci sono due paia di occhiali da sole e una bambina
8Q,8QTSUDC2,audio_10635,7,Tocca gli ombrelli se ci sono due biciclette e una scimmia
8Q,8QTSUDC2,audio_10636,7,Tocca gli ombrelli se ci sono due biciclette e un pappagallo
8Q,8QTSUDC2,audio_10637,7,Tocca gli ombrelli se ci sono due biciclette e un polipo
8Q,8QTSUDC2,audio_10638,7,Tocca gli ombrelli se ci sono due biciclette e un leone
8Q,8QTSUDC2,audio_10639,7,Tocca gli ombrelli se ci sono due biciclette e un gelato
8Q,8QTSUDC2,audio_10640,7,Tocca gli ombrelli se ci sono due biciclette e un paio di occhiali da sole
8Q,8QTSUDC2,audio_10641,7,Tocca gli ombrelli se ci sono due biciclette e un monopattino
8Q,8QTSUDC2,audio_10642,7,Tocca gli ombrelli se ci sono due biciclette e una bambina
8Q,8QTSUDC2,audio_10643,7,Tocca gli ombrelli se ci sono due monopattini e una scimmia
8Q,8QTSUDC2,audio_10644,7,Tocca gli ombrelli se ci sono due monopattini e un pappagallo
8Q,8QTSUDC2,audio_10645,7,Tocca gli ombrelli se ci sono due monopattini e un polipo
8Q,8QTSUDC2,audio_10646,7,Tocca gli ombrelli se ci sono due monopattini e un leone
8Q,8QTSUDC2,audio_10647,7,Tocca gli ombrelli se ci sono due monopattini e un gelato
8Q,8QTSUDC2,audio_10648,7,Tocca gli ombrelli se ci sono due monopattini e un paio di occhiali da sole
8Q,8QTSUDC2,audio_10649,7,Tocca gli ombrelli se ci sono due monopattini e una bicicletta
8Q,8QTSUDC2,audio_10650,7,Tocca gli ombrelli se ci sono due monopattini e una bambina
8Q,8QTSUDC2,audio_10651,7,Tocca gli ombrelli se ci sono due bambine e una scimmia
8Q,8QTSUDC2,audio_10652,7,Tocca gli ombrelli se ci sono due bambine e un pappagallo
8Q,8QTSUDC2,audio_10653,7,Tocca gli ombrelli se ci sono due bambine e un polipo
8Q,8QTSUDC2,audio_10654,7,Tocca gli ombrelli se ci sono due bambine e un leone
8Q,8QTSUDC2,audio_10655,7,Tocca gli ombrelli se ci sono due bambine e un gelato
8Q,8QTSUDC2,audio_10656,7,Tocca gli ombrelli se ci sono due bambine e un paio di occhiali da sole
8Q,8QTSUDC2,audio_10657,7,Tocca gli ombrelli se ci sono due bambine e una bicicletta
8Q,8QTSUDC2,audio_10658,7,Tocca gli ombrelli se ci sono due bambine e un monopattino
8Q,8QTSUDC2,audio_10659,7,Tocca le bambine se ci sono due leoni e una scimmia
8Q,8QTSUDC2,audio_10660,7,Tocca le bambine se ci sono due leoni e un pappagallo
8Q,8QTSUDC2,audio_10661,7,Tocca le bambine se ci sono due leoni e un polipo
8Q,8QTSUDC2,audio_10662,7,Tocca le bambine se ci sono due leoni e un gelato
8Q,8QTSUDC2,audio_10663,7,Tocca le bambine se ci sono due leoni e un paio di occhiali da sole
8Q,8QTSUDC2,audio_10664,7,Tocca le bambine se ci sono due leoni e una bicicletta
8Q,8QTSUDC2,audio_10665,7,Tocca le bambine se ci sono due leoni e un monopattino
8Q,8QTSUDC2,audio_10666,7,Tocca le bambine se ci sono due leoni e un ombrello
8Q,8QTSUDC2,audio_10667,7,Tocca le bambine se ci sono due scimmie e un leone
8Q,8QTSUDC2,audio_10668,7,Tocca le bambine se ci sono due scimmie e un polipo
8Q,8QTSUDC2,audio_10669,7,Tocca le bambine se ci sono due scimmie e un gelato
8Q,8QTSUDC2,audio_10670,7,Tocca le bambine se ci sono due scimmie e un leone
8Q,8QTSUDC2,audio_10671,7,Tocca le bambine se ci sono due scimmie e un paio di occhiali da sole
8Q,8QTSUDC2,audio_10672,7,Tocca le bambine se ci sono due scimmie e una bicicletta
8Q,8QTSUDC2,audio_10673,7,Tocca le bambine se ci sono due scimmie e un monopattino
8Q,8QTSUDC2,audio_10674,7,Tocca le bambine se ci sono due scimmie e un ombrello
8Q,8QTSUDC2,audio_10675,7,Tocca le bambine se ci sono due polipi e una scimmia
8Q,8QTSUDC2,audio_10676,7,Tocca le bambine se ci sono due polipi e un pappagallo
8Q,8QTSUDC2,audio_10677,7,Tocca le bambine se ci sono due polipi e un gelato
8Q,8QTSUDC2,audio_10678,7,Tocca le bambine se ci sono due polipi e un leone
8Q,8QTSUDC2,audio_10679,7,Tocca le bambine se ci sono due polipi e un paio di occhiali da sole
8Q,8QTSUDC2,audio_10680,7,Tocca le bambine se ci sono due polipi e una bicicletta
8Q,8QTSUDC2,audio_10681,7,Tocca le bambine se ci sono due polipi e un monopattino
8Q,8QTSUDC2,audio_10682,7,Tocca le bambine se ci sono due polipi e un ombrello
8Q,8QTSUDC2,audio_10683,7,Tocca le bambine se ci sono due pappagalli e una scimmia
8Q,8QTSUDC2,audio_10684,7,Tocca le bambine se ci sono due pappagalli e un pappagallo
8Q,8QTSUDC2,audio_10685,7,Tocca le bambine se ci sono due pappagalli e un polipo
8Q,8QTSUDC2,audio_10686,7,Tocca le bambine se ci sono due pappagalli e un gelato
8Q,8QTSUDC2,audio_10687,7,Tocca le bambine se ci sono due pappagalli e un paio di occhiali da sole
8Q,8QTSUDC2,audio_10688,7,Tocca le bambine se ci sono due pappagalli e una bicicletta
8Q,8QTSUDC2,audio_10689,7,Tocca le bambine se ci sono due pappagalli e un monopattino
8Q,8QTSUDC2,audio_10690,7,Tocca le bambine se ci sono due pappagalli e un ombrello
8Q,8QTSUDC2,audio_10691,7,Tocca le bambine se ci sono due gelati e una scimmia
8Q,8QTSUDC2,audio_10692,7,Tocca le bambine se ci sono due gelati e un pappagallo
8Q,8QTSUDC2,audio_10693,7,Tocca le bambine se ci sono due gelati e un polileonepo
8Q,8QTSUDC2,audio_10694,7,Tocca le bambine se ci sono due gelati e un leone
8Q,8QTSUDC2,audio_10695,7,Tocca le bambine se ci sono due gelati e un paio di occhiali da sole
8Q,8QTSUDC2,audio_10696,7,Tocca le bambine se ci sono due gelati e una bicicletta
8Q,8QTSUDC2,audio_10697,7,Tocca le bambine se ci sono due gelati e un monopattino
8Q,8QTSUDC2,audio_10698,7,Tocca le bambine se ci sono due gelati e un ombrello
8Q,8QTSUDC2,audio_10699,7,Tocca le bambine se ci sono due paia di occhiali da sole e una scimmia
8Q,8QTSUDC2,audio_10700,7,Tocca le bambine se ci sono due paia di occhiali da sole e un pappagallo
8Q,8QTSUDC2,audio_10701,7,Tocca le bambine se ci sono due paia di occhiali da sole e un polipo
8Q,8QTSUDC2,audio_10702,7,Tocca le bambine se ci sono due paia di occhiali da sole e un leone
8Q,8QTSUDC2,audio_10703,7,Tocca le bambine se ci sono due paia di occhiali da sole e un gelato
8Q,8QTSUDC2,audio_10704,7,Tocca le bambine se ci sono due paia di occhiali da sole e una bicicletta
8Q,8QTSUDC2,audio_10705,7,Tocca le bambine se ci sono due paia di occhiali da sole e un monopattino
8Q,8QTSUDC2,audio_10706,7,Tocca le bambine se ci sono due paia di occhiali da sole e un ombrello
8Q,8QTSUDC2,audio_10707,7,Tocca le bambine se ci sono due biciclette e una scimmia
8Q,8QTSUDC2,audio_10708,7,Tocca le bambine se ci sono due biciclette e un pappagallo
8Q,8QTSUDC2,audio_10709,7,Tocca le bambine se ci sono due biciclette e un polipo
8Q,8QTSUDC2,audio_10710,7,Tocca le bambine se ci sono due biciclette e un leone
8Q,8QTSUDC2,audio_10711,7,Tocca le bambine se ci sono due biciclette e un gelato
8Q,8QTSUDC2,audio_10712,7,Tocca le bambine se ci sono due biciclette e un paio di occhiali da sole
8Q,8QTSUDC2,audio_10713,7,Tocca le bambine se ci sono due biciclette e un monopattino
8Q,8QTSUDC2,audio_10714,7,Tocca le bambine se ci sono due biciclette e un ombrello
8Q,8QTSUDC2,audio_10715,7,Tocca le bambine se ci sono due monopattini e una scimmia
8Q,8QTSUDC2,audio_10716,7,Tocca le bambine se ci sono due monopattini e un pappagallo
8Q,8QTSUDC2,audio_10717,7,Tocca le bambine se ci sono due monopattini e un polipo
8Q,8QTSUDC2,audio_10718,7,Tocca le bambine se ci sono due monopattini e un leone
8Q,8QTSUDC2,audio_10719,7,Tocca le bambine se ci sono due monopattini e un gelato
8Q,8QTSUDC2,audio_10720,7,Tocca le bambine se ci sono due monopattini e un paio di occhiali da sole
8Q,8QTSUDC2,audio_10721,7,Tocca le bambine se ci sono due monopattini e una bicicletta
8Q,8QTSUDC2,audio_10722,7,Tocca le bambine se ci sono due monopattini e un ombrello
8Q,8QTSUDC2,audio_10723,7,Tocca le bambine se ci sono due ombrelli e una scimmia
8Q,8QTSUDC2,audio_10724,7,Tocca le bambine se ci sono due ombrelli e un pappagallo
8Q,8QTSUDC2,audio_10725,7,Tocca le bambine se ci sono due ombrelli e un polipo
8Q,8QTSUDC2,audio_10726,7,Tocca le bambine se ci sono due ombrelli e un leone
8Q,8QTSUDC2,audio_10727,7,Tocca le bambine se ci sono due ombrelli e un gelato
8Q,8QTSUDC2,audio_10728,7,Tocca le bambine se ci sono due ombrelli e un paio di occhiali da sole
8Q,8QTSUDC2,audio_10729,7,Tocca le bambine se ci sono due ombrelli e una bicicletta
8Q,8QTSUDC2,audio_10730,7,Tocca le bambine se ci sono due ombrelli e un monopattino
8Q,8QTCODC1,audio_10731,6,Tocca i leoni se ci sono un disegno rosso e un disegno blu
8Q,8QTCODC1,audio_10732,6,Tocca i leoni se ci sono un disegno rosso e un disegno verde
8Q,8QTCODC1,audio_10733,6,Tocca i leoni se ci sono un disegno rosso e un disegno giallo
8Q,8QTCODC1,audio_10734,6,Tocca i leoni se ci sono un disegno verde e un disegno blu
8Q,8QTCODC1,audio_10735,6,Tocca i leoni se ci sono un disegno blu e un disegno giallo
8Q,8QTCODC1,audio_10736,6,Tocca i leoni se ci sono un disegno verde e un disegno giallo
8Q,8QTCODC1,audio_10737,6,Tocca le scimmie se ci sono un disegno rosso e un disegno blu
8Q,8QTCODC1,audio_10738,6,Tocca le scimmie se ci sono un disegno rosso e un disegno verde
8Q,8QTCODC1,audio_10739,6,Tocca le scimmie se ci sono un disegno rosso e un disegno giallo
8Q,8QTCODC1,audio_10740,6,Tocca le scimmie se ci sono un disegno verde e un disegno blu
8Q,8QTCODC1,audio_10741,6,Tocca le scimmie se ci sono un disegno blu e un disegno giallo
8Q,8QTCODC1,audio_10742,6,Tocca le scimmie se ci sono un disegno verde e un disegno giallo
8Q,8QTCODC1,audio_10743,6,Tocca i pappagalli se ci sono un disegno rosso e un disegno blu
8Q,8QTCODC1,audio_10744,6,Tocca i pappagalli se ci sono un disegno rosso e un disegno verde
8Q,8QTCODC1,audio_10745,6,Tocca i pappagalli se ci sono un disegno rosso e un disegno giallo
8Q,8QTCODC1,audio_10746,6,Tocca i pappagalli se ci sono un disegno verde e un disegno blu
8Q,8QTCODC1,audio_10747,6,Tocca i pappagalli se ci sono un disegno blu e un disegno giallo
8Q,8QTCODC1,audio_10748,6,Tocca i pappagalli se ci sono un disegno verde e un disegno giallo
8Q,8QTCODC1,audio_10749,6,Tocca i polipi se ci sono un disegno rosso e un disegno blu
8Q,8QTCODC1,audio_10750,6,Tocca i polipi se ci sono un disegno rosso e un disegno verde
8Q,8QTCODC1,audio_10751,6,Tocca i polipi se ci sono un disegno rosso e un disegno giallo
8Q,8QTCODC1,audio_10752,6,Tocca i polipi se ci sono un disegno verde e un disegno blu
8Q,8QTCODC1,audio_10753,6,Tocca i polipi se ci sono un disegno blu e un disegno giallo
8Q,8QTCODC1,audio_10754,6,Tocca i polipi se ci sono un disegno verde e un disegno giallo
8Q,8QTCODC1,audio_10755,6,Tocca i gelati se ci sono un disegno rosso e un disegno blu
8Q,8QTCODC1,audio_10756,6,Tocca i gelati se ci sono un disegno rosso e un disegno verde
8Q,8QTCODC1,audio_10757,6,Tocca i gelati se ci sono un disegno rosso e un disegno giallo
8Q,8QTCODC1,audio_10758,6,Tocca i gelati se ci sono un disegno verde e un disegno blu
8Q,8QTCODC1,audio_10759,6,Tocca i gelati se ci sono un disegno blu e un disegno giallo
8Q,8QTCODC1,audio_10760,6,Tocca i gelati se ci sono un disegno verde e un disegno giallo
8Q,8QTCODC1,audio_10761,6,Tocca tutti gli occhiali da sole se ci sono un disegno rosso e un disegno blu
8Q,8QTCODC1,audio_10762,6,Tocca tutti gli occhiali da sole se ci sono un disegno rosso e un disegno verde
8Q,8QTCODC1,audio_10763,6,Tocca tutti gli occhiali da sole se ci sono un disegno rosso e un disegno giallo
8Q,8QTCODC1,audio_10764,6,Tocca tutti gli occhiali da sole se ci sono un disegno verde e un disegno blu
8Q,8QTCODC1,audio_10765,6,Tocca tutti gli occhiali da sole se ci sono un disegno blu e un disegno giallo
8Q,8QTCODC1,audio_10766,6,Tocca tutti gli occhiali da sole se ci sono un disegno verde e un disegno giallo
8Q,8QTCODC1,audio_10767,6,Tocca le biciclette se ci sono un disegno rosso e un disegno blu
8Q,8QTCODC1,audio_10768,6,Tocca le biciclette se ci sono un disegno rosso e un disegno verde
8Q,8QTCODC1,audio_10769,6,Tocca le biciclette se ci sono un disegno rosso e un disegno giallo
8Q,8QTCODC1,audio_10770,6,Tocca le biciclette se ci sono un disegno verde e un disegno blu
8Q,8QTCODC1,audio_10771,6,Tocca le biciclette se ci sono un disegno blu e un disegno giallo
8Q,8QTCODC1,audio_10772,6,Tocca le biciclette se ci sono un disegno verde e un disegno giallo
8Q,8QTCODC1,audio_10773,6,Tocca i monopattini se ci sono un disegno rosso e un disegno blu
8Q,8QTCODC1,audio_10774,6,Tocca i monopattini se ci sono un disegno rosso e un disegno verde
8Q,8QTCODC1,audio_10775,6,Tocca i monopattini se ci sono un disegno rosso e un disegno giallo
8Q,8QTCODC1,audio_10776,6,Tocca i monopattini se ci sono un disegno verde e un disegno blu
8Q,8QTCODC1,audio_10777,6,Tocca i monopattini se ci sono un disegno blu e un disegno giallo
8Q,8QTCODC1,audio_10778,6,Tocca i monopattini se ci sono un disegno verde e un disegno giallo
8Q,8QTCODC1,audio_10779,6,Tocca gli ombrelli se ci sono un disegno rosso e un disegno blu
8Q,8QTCODC1,audio_10780,6,Tocca gli ombrelli se ci sono un disegno rosso e un disegno verde
8Q,8QTCODC1,audio_10781,6,Tocca gli ombrelli se ci sono un disegno rosso e un disegno giallo
8Q,8QTCODC1,audio_10782,6,Tocca gli ombrelli se ci sono un disegno verde e un disegno blu
8Q,8QTCODC1,audio_10783,6,Tocca gli ombrelli se ci sono un disegno blu e un disegno giallo
8Q,8QTCODC1,audio_10784,6,Tocca gli ombrelli se ci sono un disegno verde e un disegno giallo
8Q,8QTCODC1,audio_10785,6,Tocca le bambine se ci sono un disegno rosso e un disegno blu
8Q,8QTCODC1,audio_10786,6,Tocca le bambine se ci sono un disegno rosso e un disegno verde
8Q,8QTCODC1,audio_10787,6,Tocca le bambine se ci sono un disegno rosso e un disegno giallo
8Q,8QTCODC1,audio_10788,6,Tocca le bambine se ci sono un disegno verde e un disegno blu
8Q,8QTCODC1,audio_10789,6,Tocca le bambine se ci sono un disegno blu e un disegno giallo
8Q,8QTCODC1,audio_10790,6,Tocca le bambine se ci sono un disegno verde e un disegno giallo
8Q,8QTCODC2,audio_10791,6,Tocca i leoni se ci sono un disegno blu e due rossi
8Q,8QTCODC2,audio_10792,6,Tocca i leoni se ci sono un disegno verde e due rossi
8Q,8QTCODC2,audio_10793,6,Tocca i leoni se ci sono un disegno giallo e due rossi
8Q,8QTCODC2,audio_10794,6,Tocca i leoni se ci sono un disegno blu e due verdi
8Q,8QTCODC2,audio_10795,6,Tocca i leoni se ci sono un disegno blu e due gialli
8Q,8QTCODC2,audio_10796,6,Tocca i leoni se ci sono un disegno verde e due gialli
8Q,8QTCODC2,audio_10797,6,Tocca le scimmie se ci sono un disegno blu e due rossi
8Q,8QTCODC2,audio_10798,6,Tocca le scimmie se ci sono un disegno verde e due rossi
8Q,8QTCODC2,audio_10799,6,Tocca le scimmie se ci sono un disegno giallo e due rossi
8Q,8QTCODC2,audio_10800,6,Tocca le scimmie se ci sono un disegno blu e due verdi
8Q,8QTCODC2,audio_10801,6,Tocca le scimmie se ci sono un disegno blu e due gialli
8Q,8QTCODC2,audio_10802,6,Tocca le scimmie se ci sono un disegno verde e due gialli
8Q,8QTCODC2,audio_10803,6,Tocca i pappagalli se ci sono un disegno blu e due rossi
8Q,8QTCODC2,audio_10804,6,Tocca i pappagalli se ci sono un disegno verde e due rossi
8Q,8QTCODC2,audio_10805,6,Tocca i pappagalli se ci sono un disegno giallo e due rossi
8Q,8QTCODC2,audio_10806,6,Tocca i pappagalli se ci sono un disegno blu e due verdi
8Q,8QTCODC2,audio_10807,6,Tocca i pappagalli se ci sono un disegno blu e due gialli
8Q,8QTCODC2,audio_10808,6,Tocca i pappagalli se ci sono un disegno verde e due gialli
8Q,8QTCODC2,audio_10809,6,Tocca i polipi se ci sono un disegno blu e due rossi
8Q,8QTCODC2,audio_10810,6,Tocca i polipi se ci sono un disegno verde e due rossi
8Q,8QTCODC2,audio_10811,6,Tocca i polipi se ci sono un disegno giallo e due rossi
8Q,8QTCODC2,audio_10812,6,Tocca i polipi se ci sono un disegno blu e due verdi
8Q,8QTCODC2,audio_10813,6,Tocca i polipi se ci sono un disegno blu e due gialli
8Q,8QTCODC2,audio_10814,6,Tocca i polipi se ci sono un disegno verde e due gialli
8Q,8QTCODC2,audio_10815,6,Tocca i gelati se ci sono un disegno blu e due rossi
8Q,8QTCODC2,audio_10816,6,Tocca i gelati se ci sono un disegno verde e due rossi
8Q,8QTCODC2,audio_10817,6,Tocca i gelati se ci sono un disegno giallo e due rossi
8Q,8QTCODC2,audio_10818,6,Tocca i gelati se ci sono un disegno blu e due verdi
8Q,8QTCODC2,audio_10819,6,Tocca i gelati se ci sono un disegno blu e due gialli
8Q,8QTCODC2,audio_10820,6,Tocca i gelati se ci sono un disegno verde e due gialli
8Q,8QTCODC2,audio_10821,6,Tocca tutti gli occhiali da sole se ci sono un disegno blu e due rossi
8Q,8QTCODC2,audio_10822,6,Tocca tutti gli occhiali da sole se ci sono un disegno verde e due rossi
8Q,8QTCODC2,audio_10823,6,Tocca tutti gli occhiali da sole se ci sono un disegno giallo e due rossi
8Q,8QTCODC2,audio_10824,6,Tocca tutti gli occhiali da sole se ci sono un disegno blu e due verdi
8Q,8QTCODC2,audio_10825,6,Tocca tutti gli occhiali da sole se ci sono un disegno blu e due giallis
8Q,8QTCODC2,audio_10826,6,Tocca tutti gli occhiali da sole se ci sono un disegno verde e due gialli
8Q,8QTCODC2,audio_10827,6,Tocca le biciclette se ci sono un disegno blu e due rossi
8Q,8QTCODC2,audio_10828,6,Tocca le biciclette se ci sono un disegno verde e due rossi
8Q,8QTCODC2,audio_10829,6,Tocca le biciclette se ci sono un disegno giallo e due rossi
8Q,8QTCODC2,audio_10830,6,Tocca le biciclette se ci sono un disegno blu e due verdi
8Q,8QTCODC2,audio_10831,6,Tocca le biciclette se ci sono un disegno blu e due gialli
8Q,8QTCODC2,audio_10832,6,Tocca le biciclette se ci sono un disegno verde e due gialli
8Q,8QTCODC2,audio_10833,6,Tocca i monopattini se ci sono un disegno blu e due rossi
8Q,8QTCODC2,audio_10834,6,Tocca i monopattini se ci sono un disegno verde e due rossi
8Q,8QTCODC2,audio_10835,6,Tocca i monopattini se ci sono un disegno giallo e due rossi
8Q,8QTCODC2,audio_10836,6,Tocca i monopattini se ci sono un disegno blu e due verdi
8Q,8QTCODC2,audio_10837,6,Tocca i monopattini se ci sono un disegno blu e due gialli
8Q,8QTCODC2,audio_10838,6,Tocca i monopattini se ci sono un disegno verde e due gialli
8Q,8QTCODC2,audio_10839,6,Tocca gli ombrelli se ci sono un disegno blu e due rossi
8Q,8QTCODC2,audio_10840,6,Tocca gli ombrelli se ci sono un disegno verde e due rossi
8Q,8QTCODC2,audio_10841,6,Tocca gli ombrelli se ci sono un disegno giallo e due rossi
8Q,8QTCODC2,audio_10842,6,Tocca gli ombrelli se ci sono un disegno blu e due verdi
8Q,8QTCODC2,audio_10843,6,Tocca gli ombrelli se ci sono un disegno blu e due gialli
8Q,8QTCODC2,audio_10844,6,Tocca gli ombrelli se ci sono un disegno verde e due gialli
8Q,8QTCODC2,audio_10845,6,Tocca le bambine se ci sono un disegno blu e due rossi
8Q,8QTCODC2,audio_10846,6,Tocca le bambine se ci sono un disegno verde e due rossi
8Q,8QTCODC2,audio_10847,6,Tocca le bambine se ci sono un disegno giallo e due rossi
8Q,8QTCODC2,audio_10848,6,Tocca le bambine se ci sono un disegno blu e due verdi
8Q,8QTCODC2,audio_10849,6,Tocca le bambine se ci sono un disegno blu e due gialli
8Q,8QTCODC2,audio_10850,6,Tocca le bambine se ci sono un disegno verde e due gialli
8Q,8QTSUSB1,audio_10851,4,Premi la mia pancia se vedi un leone
8Q,8QTSUSB1,audio_10852,4,Premi la mia pancia se vedi una scimmia
8Q,8QTSUSB1,audio_10853,4,Premi la mia pancia se vedi un pappagallo
8Q,8QTSUSB1,audio_10854,4,Premi la mia pancia se vedi un polipo
8Q,8QTSUSB1,audio_10855,4,Premi la mia pancia se vedi un gelato
8Q,8QTSUSB1,audio_10856,4,Premi la mia pancia se vedi un paio di occhiali da sole
8Q,8QTSUSB1,audio_10857,4,Premi la mia pancia se vedi una bicicletta
8Q,8QTSUSB1,audio_10858,4,Premi la mia pancia se vedi un monopattino
8Q,8QTSUSB1,audio_10859,4,Premi la mia pancia se vedi un ombrello
8Q,8QTSUSB1,audio_10860,4,Premi la mia pancia se vedi una bambina
8Q,8QTSUSB2,audio_10861,5,Premi la mia pancia se ci sono due leoni
8Q,8QTSUSB2,audio_10862,5,Premi la mia pancia se ci sono due scimmie
8Q,8QTSUSB2,audio_10863,5,Premi la mia pancia se ci sono due pappagalli
8Q,8QTSUSB2,audio_10864,5,Premi la mia pancia se ci sono due polipi
8Q,8QTSUSB2,audio_10865,5,Premi la mia pancia se ci sono due gelati
8Q,8QTSUSB2,audio_10866,5,Premi la mia pancia se ci sono due paia di occhiali da sole
8Q,8QTSUSB2,audio_10867,5,Premi la mia pancia se ci sono due biciclette
8Q,8QTSUSB2,audio_10868,5,Premi la mia pancia se ci sono due monopattini
8Q,8QTSUSB2,audio_10869,5,Premi la mia pancia se ci sono due ombrelli
8Q,8QTSUSB2,audio_10870,5,Premi la mia pancia se ci sono due bambine
8Q,8QTCOSB1,audio_10871,4,Premi la mia pancia se vedi un disegno rosso
8Q,8QTCOSB1,audio_10872,4,Premi la mia pancia se vedi un disegno verde
8Q,8QTCOSB1,audio_10873,4,Premi la mia pancia se vedi un disegno giallo
8Q,8QTCOSB1,audio_10874,4,Premi la mia pancia se vedi un disegno blu
8Q,8QTCOSB2,audio_10875,5,Premi la mia pancia se ci sono due disegni rossi
8Q,8QTCOSB2,audio_10876,5,Premi la mia pancia se ci sono due disegni verdi
8Q,8QTCOSB2,audio_10877,5,Premi la mia pancia se ci sono due disegni gialli
8Q,8QTCOSB2,audio_10878,5,Premi la mia pancia se ci sono due disegni blu
8Q,8QTKNSB,audio_10879,6,Premi la mia pancia se vedi qualcosa che si può mangiare
8Q,8QTKNSB,audio_10880,7,Premi la mia pancia se vedi qualcosa che si può mettere sulla testa
8Q,8QTKNSB,audio_10881,6,Premi la mia pancia se vedi qualcosa che si può guidare
8Q,8QTKNSB,audio_10882,7,Premi la mia pancia se vedi qualcosa che si può indossare
8Q,8QTKNSB,audio_10883,8,Premi la mia pancia se vedi qualcosa cosa si può pedalare
8Q,8QTKNSB,audio_10884,6,Premi la mia pancia se vedi qualcosa che si usa quando piove
8Q,8QTKNSB,audio_10885,6,Premi la mia pancia se vedi qualcosa che può stare nella cameretta
8Q,8QTKNSB,audio_10886,6,Premi la mia pancia se vedi qualcuno che sa parlare
8Q,8QTKNSB,audio_10887,6,Premi la mia pancia se vedi qualcuno che non sa parlare
8Q,8QTKNSB,audio_10888,6,Premi la mia pancia se vedi qualcuno che sa volare
8Q,8QTKNSB,audio_10889,6,Premi la mia pancia se vedi qualcuno che non sa volare
8Q,8QTKNSB,audio_10890,5,Premi la mia pancia se vedi qualcosa ha le ruote
8Q,8QTKNSB,audio_10891,6,Premi la mia pancia se vedi qualcuno che sa nuotare
8Q,8QTKNSB,audio_10892,7,Premi la mia pancia se vedi qualcuno che non ha le zampe
8Q,8QTKNSB,audio_10893,7,Premi la mia pancia se vedi qualcuno che cammina su due zampe
8Q,8QTKNSB,audio_10894,6,Premi la mia pancia se vedi qualcuno che cammina a quattro zampe
8Q,8QTKNSB,audio_10895,6,Premi la mia pancia se vedi qualcuno che ruggisce
8Q,8QTKNSB,audio_10896,5,Premi la mia pancia se vedi qualcuno che ha il becco
8Q,8QTKNSB,audio_10897,6,Premi la mia pancia se vedi qualcuno che può vivere in casa
8Q,8QTKNSB,audio_10898,6,Premi la mia pancia se vedi qualcuno che non può vivere in città
8Q,8QTKNSB,audio_10899,6,Premi la mia pancia se vedi qualcosa si può mettere sopra un tavolo
8Q,8QTKNSB,audio_10900,6,Premi la mia pancia se vedi qualcuno che sa correre
8Q,8QTKNSB,audio_10901,6,Premi la mia pancia se vedi qualcuno che può stare sugli alberi
8Q,8QTKNSB,audio_10902,7,Premi la mia pancia se vedi qualcuno che può arrampicarsi
8Q,8QTPRSB,audio_10903,8,Premi la mia pancia se ci sono meno di due leoni
8Q,8QTPRSB,audio_10904,8,Premi la mia pancia se ci sono meno di due scimmie
8Q,8QTPRSB,audio_10905,8,Premi la mia pancia se ci sono meno di due pappagalli
8Q,8QTPRSB,audio_10906,8,Premi la mia pancia se ci sono meno di due polipi
8Q,8QTPRSB,audio_10907,8,Premi la mia pancia se ci sono meno di due gelati
8Q,8QTPRSB,audio_10908,8,Premi la mia pancia se ci sono meno di due paio di occhiali da sole
8Q,8QTPRSB,audio_10909,8,Premi la mia pancia se ci sono meno di due biciclette
8Q,8QTPRSB,audio_10910,8,Premi la mia pancia se ci sono meno di due monopattini
8Q,8QTPRSB,audio_10911,8,Premi la mia pancia se ci sono meno di due ombrelli
8Q,8QTPRSB,audio_10912,8,Premi la mia pancia se ci sono meno di due bambine
8Q,8QTPRSB,audio_10913,7,Premi la mia pancia se vedi più di un leone
8Q,8QTPRSB,audio_10914,7,Premi la mia pancia se vedi più di una scimmia
8Q,8QTPRSB,audio_10915,7,Premi la mia pancia se vedi più di un pappagallo
8Q,8QTPRSB,audio_10916,7,Premi la mia pancia se vedi più di un polipo
8Q,8QTPRSB,audio_10917,7,Premi la mia pancia se vedi più di un gelato
8Q,8QTPRSB,audio_10918,7,Premi la mia pancia se vedi più di un paio di occhiali da sole
8Q,8QTPRSB,audio_10919,7,Premi la mia pancia se vedi più di una bicicletta
8Q,8QTPRSB,audio_10920,7,Premi la mia pancia se vedi più di un monopattino
8Q,8QTPRSB,audio_10921,7,Premi la mia pancia se vedi più di un ombrello
8Q,8QTPRSB,audio_10922,7,Premi la mia pancia se vedi più di una bambina
8Q,8QTSUDB1,audio_10923,6,Premi la mia pancia se vedi un leone e una scimmia
8Q,8QTSUDB1,audio_10924,6,Premi la mia pancia se vedi un leone e un pappagallo
8Q,8QTSUDB1,audio_10925,6,Premi la mia pancia se vedi un leone e un polipo
8Q,8QTSUDB1,audio_10926,6,Premi la mia pancia se vedi un leone e un gelato
8Q,8QTSUDB1,audio_10927,6,Premi la mia pancia se vedi un leone e un paio di occhiali da sole
8Q,8QTSUDB1,audio_10928,6,Premi la mia pancia se vedi un leone e una bicicletta
8Q,8QTSUDB1,audio_10929,6,Premi la mia pancia se vedi un leone e un monopattino
8Q,8QTSUDB1,audio_10930,6,Premi la mia pancia se vedi un leone e un ombrello
8Q,8QTSUDB1,audio_10931,6,Premi la mia pancia se vedi un leone e una bambina
8Q,8QTSUDB1,audio_10932,6,Premi la mia pancia se vedi una scimmia e un pappagallo
8Q,8QTSUDB1,audio_10933,6,Premi la mia pancia se vedi una scimmia e un polipo
8Q,8QTSUDB1,audio_10934,6,Premi la mia pancia se vedi una scimmia e un gelato
8Q,8QTSUDB1,audio_10935,6,Premi la mia pancia se vedi una scimmia e un paio di occhiali da sole
8Q,8QTSUDB1,audio_10936,6,Premi la mia pancia se vedi una scimmia e una bicicletta
8Q,8QTSUDB1,audio_10937,6,Premi la mia pancia se vedi una scimmia e un monopattino
8Q,8QTSUDB1,audio_10938,6,Premi la mia pancia se vedi una scimmia e un ombrello
8Q,8QTSUDB1,audio_10939,6,Premi la mia pancia se vedi una scimmia e una bambina
8Q,8QTSUDB1,audio_10940,6,Premi la mia pancia se vedi un pappagallo e un polipo
8Q,8QTSUDB1,audio_10941,6,Premi la mia pancia se vedi un pappagallo e un gelato
8Q,8QTSUDB1,audio_10942,6,Premi la mia pancia se vedi un pappagallo e un paio di occhiali da sole
8Q,8QTSUDB1,audio_10943,6,Premi la mia pancia se vedi un pappagallo e una bicicletta
8Q,8QTSUDB1,audio_10944,6,Premi la mia pancia se vedi un pappagallo e un monopattino
8Q,8QTSUDB1,audio_10945,6,Premi la mia pancia se vedi un pappagallo e un ombrello
8Q,8QTSUDB1,audio_10946,6,Premi la mia pancia se vedi un pappagallo e una bambina
8Q,8QTSUDB1,audio_10947,6,Premi la mia pancia se vedi un polipo e un gelato
8Q,8QTSUDB1,audio_10948,6,Premi la mia pancia se vedi un polipo e un paio di occhiali da sole
8Q,8QTSUDB1,audio_10949,6,Premi la mia pancia se vedi un polipo e una bicicletta
8Q,8QTSUDB1,audio_10950,6,Premi la mia pancia se vedi un polipo e un monopattino
8Q,8QTSUDB1,audio_10951,6,Premi la mia pancia se vedi un polipo e un ombrello
8Q,8QTSUDB1,audio_10952,6,Premi la mia pancia se vedi un polipo e una bambina
8Q,8QTSUDB1,audio_10953,6,Premi la mia pancia se vedi un gelato e un paio di occhiali da sole
8Q,8QTSUDB1,audio_10954,6,Premi la mia pancia se vedi un gelato e una bicicletta
8Q,8QTSUDB1,audio_10955,6,Premi la mia pancia se vedi un gelato e un monopattino
8Q,8QTSUDB1,audio_10956,6,Premi la mia pancia se vedi un gelato e un ombrello
8Q,8QTSUDB1,audio_10957,6,Premi la mia pancia se vedi un gelato e una bambina
8Q,8QTSUDB1,audio_10958,6,Premi la mia pancia se vedi un paio di occhiali da sole e una bicicletta
8Q,8QTSUDB1,audio_10959,6,Premi la mia pancia se vedi un paio di occhiali da sole e un monopattino
8Q,8QTSUDB1,audio_10960,6,Premi la mia pancia se vedi un paio di occhiali da sole e un ombrello
8Q,8QTSUDB1,audio_10961,6,Premi la mia pancia se vedi un paio di occhiali da sole e una bambina
8Q,8QTSUDB1,audio_10962,6,Premi la mia pancia se vedi un bicicletta e un monopattino
8Q,8QTSUDB1,audio_10963,6,Premi la mia pancia se vedi un bicicletta e un ombrello
8Q,8QTSUDB1,audio_10964,6,Premi la mia pancia se vedi un bicicletta e una bambina
8Q,8QTSUDB1,audio_10965,6,Premi la mia pancia se vedi un monopattino e un ombrello
8Q,8QTSUDB1,audio_10966,6,Premi la mia pancia se vedi un monopattino e una bambina
8Q,8QTSUDB1,audio_10967,6,Premi la mia pancia se vedi un ombrello e una bambina
8Q,8QTSUDB2,audio_10968,7,Premi la mia pancia se ci sono due leoni e una scimmia
8Q,8QTSUDB2,audio_10969,7,Premi la mia pancia se ci sono due leoni e un pappagallo
8Q,8QTSUDB2,audio_10970,7,Premi la mia pancia se ci sono due leoni e un polipo
8Q,8QTSUDB2,audio_10971,7,Premi la mia pancia se ci sono due leoni e un gelato
8Q,8QTSUDB2,audio_10972,7,Premi la mia pancia se ci sono due leoni e un paio di occhiali da sole
8Q,8QTSUDB2,audio_10973,7,Premi la mia pancia se ci sono due leoni e una bicicletta
8Q,8QTSUDB2,audio_10974,7,Premi la mia pancia se ci sono due leoni e un monopattino
8Q,8QTSUDB2,audio_10975,7,Premi la mia pancia se ci sono due leoni e un ombrello
8Q,8QTSUDB2,audio_10976,7,Premi la mia pancia se ci sono due leoni e una bambina
8Q,8QTSUDB2,audio_10977,7,Premi la mia pancia se ci sono due scimmie e un leone
8Q,8QTSUDB2,audio_10978,7,Premi la mia pancia se ci sono due scimmie e un polipo
8Q,8QTSUDB2,audio_10979,7,Premi la mia pancia se ci sono due scimmie e un gelato
8Q,8QTSUDB2,audio_10980,7,Premi la mia pancia se ci sono due scimmie e un leone
8Q,8QTSUDB2,audio_10981,7,Premi la mia pancia se ci sono due scimmie e un paio di occhiali da sole
8Q,8QTSUDB2,audio_10982,7,Premi la mia pancia se ci sono due scimmie e una bicicletta
8Q,8QTSUDB2,audio_10983,7,Premi la mia pancia se ci sono due scimmie e un monopattino
8Q,8QTSUDB2,audio_10984,7,Premi la mia pancia se ci sono due scimmie e un ombrello
8Q,8QTSUDB2,audio_10985,7,Premi la mia pancia se ci sono due scimmie e una bambina
8Q,8QTSUDB2,audio_10986,7,Premi la mia pancia se ci sono due polipi e una scimmia
8Q,8QTSUDB2,audio_10987,7,Premi la mia pancia se ci sono due polipi e un pappagallo
8Q,8QTSUDB2,audio_10988,7,Premi la mia pancia se ci sono due polipi e un gelato
8Q,8QTSUDB2,audio_10989,7,Premi la mia pancia se ci sono due polipi e un leone
8Q,8QTSUDB2,audio_10990,7,Premi la mia pancia se ci sono due polipi e un paio di occhiali da sole
8Q,8QTSUDB2,audio_10991,7,Premi la mia pancia se ci sono due polipi e una bicicletta
8Q,8QTSUDB2,audio_10992,7,Premi la mia pancia se ci sono due polipi e un monopattino
8Q,8QTSUDB2,audio_10993,7,Premi la mia pancia se ci sono due polipi e un ombrello
8Q,8QTSUDB2,audio_10994,7,Premi la mia pancia se ci sono due polipi e una bambina
8Q,8QTSUDB2,audio_10995,7,Premi la mia pancia se ci sono due pappagalli e una scimmia
8Q,8QTSUDB2,audio_10996,7,Premi la mia pancia se ci sono due pappagalli e un pappagallo
8Q,8QTSUDB2,audio_10997,7,Premi la mia pancia se ci sono due pappagalli e un polipo
8Q,8QTSUDB2,audio_10998,7,Premi la mia pancia se ci sono due pappagalli e un gelato
8Q,8QTSUDB2,audio_10999,7,Premi la mia pancia se ci sono due pappagalli e un paio di occhiali da sole
8Q,8QTSUDB2,audio_11000,7,Premi la mia pancia se ci sono due pappagalli e una bicicletta
8Q,8QTSUDB2,audio_11001,7,Premi la mia pancia se ci sono due pappagalli e un monopattino
8Q,8QTSUDB2,audio_11002,7,Premi la mia pancia se ci sono due pappagalli e un ombrello
8Q,8QTSUDB2,audio_11003,7,Premi la mia pancia se ci sono due pappagalli e una bambina
8Q,8QTSUDB2,audio_11004,7,Premi la mia pancia se ci sono due gelati e una scimmia
8Q,8QTSUDB2,audio_11005,7,Premi la mia pancia se ci sono due gelati e un pappagallo
8Q,8QTSUDB2,audio_11006,7,Premi la mia pancia se ci sono due gelati e un polileonepo
8Q,8QTSUDB2,audio_11007,7,Premi la mia pancia se ci sono due gelati e un leone
8Q,8QTSUDB2,audio_11008,7,Premi la mia pancia se ci sono due gelati e un paio di occhiali da sole
8Q,8QTSUDB2,audio_11009,7,Premi la mia pancia se ci sono due gelati e una bicicletta
8Q,8QTSUDB2,audio_11010,7,Premi la mia pancia se ci sono due gelati e un monopattino
8Q,8QTSUDB2,audio_11011,7,Premi la mia pancia se ci sono due gelati e un ombrello
8Q,8QTSUDB2,audio_11012,7,Premi la mia pancia se ci sono due gelati e una bambina
8Q,8QTSUDB2,audio_11013,7,Premi la mia pancia se ci sono due paia di occhiali da sole e una scimmia
8Q,8QTSUDB2,audio_11014,7,Premi la mia pancia se ci sono due paia di occhiali da sole e un pappagallo
8Q,8QTSUDB2,audio_11015,7,Premi la mia pancia se ci sono due paia di occhiali da sole e un polipo
8Q,8QTSUDB2,audio_11016,7,Premi la mia pancia se ci sono due paia di occhiali da sole e un leone
8Q,8QTSUDB2,audio_11017,7,Premi la mia pancia se ci sono due paia di occhiali da sole e un gelato
8Q,8QTSUDB2,audio_11018,7,Premi la mia pancia se ci sono due paia di occhiali da sole e una bicicletta
8Q,8QTSUDB2,audio_11019,7,Premi la mia pancia se ci sono due paia di occhiali da sole e un monopattino
8Q,8QTSUDB2,audio_11020,7,Premi la mia pancia se ci sono due paia di occhiali da sole e un ombrello
8Q,8QTSUDB2,audio_11021,7,Premi la mia pancia se ci sono due paia di occhiali da sole e una bambina
8Q,8QTSUDB2,audio_11022,7,Premi la mia pancia se ci sono due biciclette e una scimmia
8Q,8QTSUDB2,audio_11023,7,Premi la mia pancia se ci sono due biciclette e un pappagallo
8Q,8QTSUDB2,audio_11024,7,Premi la mia pancia se ci sono due biciclette e un polipo
8Q,8QTSUDB2,audio_11025,7,Premi la mia pancia se ci sono due biciclette e un leone
8Q,8QTSUDB2,audio_11026,7,Premi la mia pancia se ci sono due biciclette e un gelato
8Q,8QTSUDB2,audio_11027,7,Premi la mia pancia se ci sono due biciclette e un paio di occhiali da sole
8Q,8QTSUDB2,audio_11028,7,Premi la mia pancia se ci sono due biciclette e un monopattino
8Q,8QTSUDB2,audio_11029,7,Premi la mia pancia se ci sono due biciclette e un ombrello
8Q,8QTSUDB2,audio_11030,7,Premi la mia pancia se ci sono due biciclette e una bambina
8Q,8QTSUDB2,audio_11031,7,Premi la mia pancia se ci sono due monopattini e una scimmia
8Q,8QTSUDB2,audio_11032,7,Premi la mia pancia se ci sono due monopattini e un pappagallo
8Q,8QTSUDB2,audio_11033,7,Premi la mia pancia se ci sono due monopattini e un polipo
8Q,8QTSUDB2,audio_11034,7,Premi la mia pancia se ci sono due monopattini e un leone
8Q,8QTSUDB2,audio_11035,7,Premi la mia pancia se ci sono due monopattini e un gelato
8Q,8QTSUDB2,audio_11036,7,Premi la mia pancia se ci sono due monopattini e un paio di occhiali da sole
8Q,8QTSUDB2,audio_11037,7,Premi la mia pancia se ci sono due monopattini e una bicicletta
8Q,8QTSUDB2,audio_11038,7,Premi la mia pancia se ci sono due monopattini e un ombrello
8Q,8QTSUDB2,audio_11039,7,Premi la mia pancia se ci sono due monopattini e una bambina
8Q,8QTSUDB2,audio_11040,7,Premi la mia pancia se ci sono due bambine e una scimmia
8Q,8QTSUDB2,audio_11041,7,Premi la mia pancia se ci sono due bambine e un pappagallo
8Q,8QTSUDB2,audio_11042,7,Premi la mia pancia se ci sono due bambine e un polipo
8Q,8QTSUDB2,audio_11043,7,Premi la mia pancia se ci sono due bambine e un leone
8Q,8QTSUDB2,audio_11044,7,Premi la mia pancia se ci sono due bambine e un gelato
8Q,8QTSUDB2,audio_11045,7,Premi la mia pancia se ci sono due bambine e un paio di occhiali da sole
8Q,8QTSUDB2,audio_11046,7,Premi la mia pancia se ci sono due bambine e una bicicletta
8Q,8QTSUDB2,audio_11047,7,Premi la mia pancia se ci sono due bambine e un monopattino
8Q,8QTSUDB2,audio_11048,7,Premi la mia pancia se ci sono due bambine e un ombrello
8Q,8QTCODB1,audio_11049,5,Premi la mia pancia se ci sono un disegno rosso e un disegno blu
8Q,8QTCODB1,audio_11050,5,Premi la mia pancia se ci sono un disegno rosso e un disegno verde
8Q,8QTCODB1,audio_11051,5,Premi la mia pancia se ci sono un disegno rosso e un disegno giallo
8Q,8QTCODB1,audio_11052,5,Premi la mia pancia se ci sono un disegno verde e un disegno blu
8Q,8QTCODB1,audio_11053,5,Premi la mia pancia se ci sono un disegno verde e un disegno giallo
8Q,8QTCODB1,audio_11054,5,Premi la mia pancia se ci sono un disegno blu e un disegno giallo
8Q,8QTCODB2,audio_11055,6,Premi la mia pancia se ci sono un disegno rosso e due verdi
8Q,8QTCODB2,audio_11056,6,Premi la mia pancia se ci sono un disegno rosso e due gialli
8Q,8QTCODB2,audio_11057,6,Premi la mia pancia se ci sono un disegno rosso e due blu
8Q,8QTCODB2,audio_11058,6,Premi la mia pancia se ci sono un disegno verde e due rossi
8Q,8QTCODB2,audio_11059,6,Premi la mia pancia se ci sono un disegno verde e due gialli
8Q,8QTCODB2,audio_11060,6,Premi la mia pancia se ci sono un disegno verde e due blu
8Q,8QTCODB2,audio_11061,6,Premi la mia pancia se ci sono un disegno blu e due rossi
8Q,8QTCODB2,audio_11062,6,Premi la mia pancia se ci sono un disegno blu e due verdi
8Q,8QTCODB2,audio_11063,6,Premi la mia pancia se ci sono un disegno blu e due gialli
8Q,8QTCODB2,audio_11064,6,Premi la mia pancia se ci sono un disegno giallo e due rossi
8Q,8QTCODB2,audio_11065,6,Premi la mia pancia se ci sono un disegno giallo e due verdi
8Q,8QTCODB2,audio_11066,6,Premi la mia pancia se ci sono un disegno giallo e due blu
8Q,8QTSUSCOC1,audio_11067,9,Tocca i leoni se vedi una scimmia altrimenti tocca i pappagalli
8Q,8QTSUSCOC1,audio_11068,9,Tocca i leoni se vedi una scimmia altrimenti tocca i polipi
8Q,8QTSUSCOC1,audio_11069,9,Tocca i leoni se vedi una scimmia altrimenti tocca i gelati
8Q,8QTSUSCOC1,audio_11070,9,Tocca i leoni se vedi una scimmia altrimenti tocca le bambine
8Q,8QTSUSCOC1,audio_11071,9,Tocca i leoni se vedi una scimmia altrimenti tocca le biciclette
8Q,8QTSUSCOC1,audio_11072,9,Tocca i leoni se vedi una scimmia altrimenti tocca i monopattini
8Q,8QTSUSCOC1,audio_11073,9,Tocca i leoni se vedi una scimmia altrimenti tocca tutti gli occhiali da sole
8Q,8QTSUSCOC1,audio_11074,9,Tocca i leoni se vedi una scimmia altrimenti tocca l'ombrello
8Q,8QTSUSCOC1,audio_11075,9,Tocca i leoni se vedi un pappagallo altrimenti tocca le scimmie
8Q,8QTSUSCOC1,audio_11076,9,Tocca i leoni se vedi un pappagallo altrimenti tocca i polipi
8Q,8QTSUSCOC1,audio_11077,9,Tocca i leoni se vedi un pappagallo altrimenti tocca i gelati
8Q,8QTSUSCOC1,audio_11078,9,Tocca i leoni se vedi un pappagallo altrimenti tocca le bambine
8Q,8QTSUSCOC1,audio_11079,9,Tocca i leoni se vedi un pappagallo altrimenti tocca le biciclette
8Q,8QTSUSCOC1,audio_11080,9,Tocca i leoni se vedi un pappagallo altrimenti tocca i monopattini
8Q,8QTSUSCOC1,audio_11081,9,Tocca i leoni se vedi un pappagallo altrimenti tocca tutti gli occhiali da sole
8Q,8QTSUSCOC1,audio_11082,9,Tocca i leoni se vedi un pappagallo altrimenti tocca l'ombrello
8Q,8QTSUSCOC1,audio_11083,9,Tocca i leoni se vedi un polipo altrimenti tocca le scimmie
8Q,8QTSUSCOC1,audio_11084,9,Tocca i leoni se vedi un polipo altrimenti tocca i pappagalli
8Q,8QTSUSCOC1,audio_11085,9,Tocca i leoni se vedi un polipo altrimenti tocca i gelati
8Q,8QTSUSCOC1,audio_11086,9,Tocca i leoni se vedi un polipo altrimenti tocca le bambine
8Q,8QTSUSCOC1,audio_11087,9,Tocca i leoni se vedi un polipo altrimenti tocca le biciclette
8Q,8QTSUSCOC1,audio_11088,9,Tocca i leoni se vedi un polipo altrimenti tocca i monopattini
8Q,8QTSUSCOC1,audio_11089,9,Tocca i leoni se vedi un polipo altrimenti tocca tutti gli occhiali da sole
8Q,8QTSUSCOC1,audio_11090,9,Tocca i leoni se vedi un polipo altrimenti tocca l'ombrello
8Q,8QTSUSCOC1,audio_11091,9,Tocca i leoni se vedi un gelato altrimenti tocca le scimmie
8Q,8QTSUSCOC1,audio_11092,9,Tocca i leoni se vedi un gelato altrimenti tocca i polipi
8Q,8QTSUSCOC1,audio_11093,9,Tocca i leoni se vedi un gelato altrimenti tocca le bambine
8Q,8QTSUSCOC1,audio_11094,9,Tocca i leoni se vedi un gelato altrimenti tocca le biciclette
8Q,8QTSUSCOC1,audio_11095,9,Tocca i leoni se vedi un gelato altrimenti tocca i monopattini
8Q,8QTSUSCOC1,audio_11096,9,Tocca i leoni se vedi un gelato altrimenti tocca tutti gli occhiali da sole
8Q,8QTSUSCOC1,audio_11097,9,Tocca i leoni se vedi un gelato altrimenti tocca l'ombrello
8Q,8QTSUSCOC1,audio_11098,9,Tocca i leoni se vedi un paio di occhiali da sole altrimenti tocca le scimmie
8Q,8QTSUSCOC1,audio_11099,9,Tocca i leoni se vedi un paio di occhiali da sole altrimenti tocca i polipi
8Q,8QTSUSCOC1,audio_11100,9,Tocca i leoni se vedi un paio di occhiali da sole altrimenti tocca i gelati
8Q,8QTSUSCOC1,audio_11101,9,Tocca i leoni se vedi un paio di occhiali da sole altrimenti tocca le bambine
8Q,8QTSUSCOC1,audio_11102,9,Tocca i leoni se vedi un paio di occhiali da sole altrimenti tocca le biciclette
8Q,8QTSUSCOC1,audio_11103,9,Tocca i leoni se vedi un paio di occhiali da sole altrimenti tocca i monopattini
8Q,8QTSUSCOC1,audio_11104,9,Tocca i leoni se vedi un paio di occhiali da sole altrimenti tocca l'ombrello
8Q,8QTSUSCOC1,audio_11105,9,Tocca i leoni se vedi una bicicletta altrimenti tocca le scimmie
8Q,8QTSUSCOC1,audio_11106,9,Tocca i leoni se vedi una bicicletta altrimenti tocca i polipi
8Q,8QTSUSCOC1,audio_11107,9,Tocca i leoni se vedi una bicicletta altrimenti tocca i pappagalli
8Q,8QTSUSCOC1,audio_11108,9,Tocca i leoni se vedi una bicicletta altrimenti tocca i monopattini
8Q,8QTSUSCOC1,audio_11109,9,Tocca i leoni se vedi una bicicletta altrimenti tocca tutti gli occhiali da sole
8Q,8QTSUSCOC1,audio_11110,9,Tocca i leoni se vedi una bicicletta altrimenti tocca le bambine
8Q,8QTSUSCOC1,audio_11111,9,Tocca i leoni se vedi una bicicletta altrimenti tocca l'ombrello
8Q,8QTSUSCOC1,audio_11112,9,Tocca i leoni se vedi un monopattino altrimenti tocca le scimmie
8Q,8QTSUSCOC1,audio_11113,9,Tocca i leoni se vedi un monopattino altrimenti tocca i polipi
8Q,8QTSUSCOC1,audio_11114,9,Tocca i leoni se vedi un monopattino altrimenti tocca i pappagalli
8Q,8QTSUSCOC1,audio_11115,9,Tocca i leoni se vedi un monopattino altrimenti tocca le bambine
8Q,8QTSUSCOC1,audio_11116,9,Tocca i leoni se vedi un monopattino altrimenti tocca le biciclette
8Q,8QTSUSCOC1,audio_11117,9,Tocca i leoni se vedi un monopattino altrimenti tocca tutti gli occhiali da sole
8Q,8QTSUSCOC1,audio_11118,9,Tocca i leoni se vedi un monopattino altrimenti tocca l'ombrello
8Q,8QTSUSCOC1,audio_11119,9,Tocca i leoni se vedi un ombrello altrimenti tocca le scimmie
8Q,8QTSUSCOC1,audio_11120,9,Tocca i leoni se vedi un ombrello altrimenti tocca i polipi
8Q,8QTSUSCOC1,audio_11121,9,Tocca i leoni se vedi un ombrello altrimenti tocca i pappagalli
8Q,8QTSUSCOC1,audio_11122,9,Tocca i leoni se vedi un ombrello altrimenti tocca le biciclette
8Q,8QTSUSCOC1,audio_11123,9,Tocca i leoni se vedi un ombrello altrimenti tocca i monopattini
8Q,8QTSUSCOC1,audio_11124,9,Tocca i leoni se vedi un ombrello altrimenti tocca tutti gli occhiali da sole
8Q,8QTSUSCOC1,audio_11125,9,Tocca i leoni se vedi un ombrello altrimenti tocca le bambine
8Q,8QTSUSCOC1,audio_11126,9,Tocca i leoni se vedi una bambina altrimenti tocca le scimmie
8Q,8QTSUSCOC1,audio_11127,9,Tocca i leoni se vedi una bambina altrimenti tocca i polipi
8Q,8QTSUSCOC1,audio_11128,9,Tocca i leoni se vedi una bambina altrimenti tocca i pappagalli
8Q,8QTSUSCOC1,audio_11129,9,Tocca i leoni se vedi una bambina altrimenti tocca le bambine
8Q,8QTSUSCOC1,audio_11130,9,Tocca i leoni se vedi una bambina altrimenti tocca le biciclette
8Q,8QTSUSCOC1,audio_11131,9,Tocca i leoni se vedi una bambina altrimenti tocca i monopattini
8Q,8QTSUSCOC1,audio_11132,9,Tocca i leoni se vedi una bambina altrimenti tocca tutti gli occhiali da sole
8Q,8QTSUSCOC1,audio_11133,9,Tocca i leoni se vedi una bambina altrimenti tocca l'ombrello
8Q,8QTSUSCOC1,audio_11134,9,Tocca le scimmie se vedi un leone altrimenti tocca i pappagalli
8Q,8QTSUSCOC1,audio_11135,9,Tocca le scimmie se vedi un leone altrimenti tocca i polipi
8Q,8QTSUSCOC1,audio_11136,9,Tocca le scimmie se vedi un leone altrimenti tocca i gelati
8Q,8QTSUSCOC1,audio_11137,9,Tocca le scimmie se vedi un leone altrimenti tocca le bambine
8Q,8QTSUSCOC1,audio_11138,9,Tocca le scimmie se vedi un leone altrimenti tocca le biciclette
8Q,8QTSUSCOC1,audio_11139,9,Tocca le scimmie se vedi un leone altrimenti tocca i monopattini
8Q,8QTSUSCOC1,audio_11140,9,Tocca le scimmie se vedi un leone altrimenti tocca tutti gli occhiali da sole
8Q,8QTSUSCOC1,audio_11141,9,Tocca le scimmie se vedi un leone altrimenti tocca l'ombrello
8Q,8QTSUSCOC1,audio_11142,9,Tocca le scimmie se vedi un pappagallo altrimenti tocca i leoni
8Q,8QTSUSCOC1,audio_11143,9,Tocca le scimmie se vedi un pappagallo altrimenti tocca i polipi
8Q,8QTSUSCOC1,audio_11144,9,Tocca le scimmie se vedi un pappagallo altrimenti tocca i gelati
8Q,8QTSUSCOC1,audio_11145,9,Tocca le scimmie se vedi un pappagallo altrimenti tocca le bambine
8Q,8QTSUSCOC1,audio_11146,9,Tocca le scimmie se vedi un pappagallo altrimenti tocca le biciclette
8Q,8QTSUSCOC1,audio_11147,9,Tocca le scimmie se vedi un pappagallo altrimenti tocca i monopattini
8Q,8QTSUSCOC1,audio_11148,9,Tocca le scimmie se vedi un pappagallo altrimenti tocca tutti gli occhiali da sole
8Q,8QTSUSCOC1,audio_11149,9,Tocca le scimmie se vedi un pappagallo altrimenti tocca l'ombrello
8Q,8QTSUSCOC1,audio_11150,9,Tocca le scimmie se vedi un polipo altrimenti tocca i leoni
8Q,8QTSUSCOC1,audio_11151,9,Tocca le scimmie se vedi un polipo altrimenti tocca i pappagalli
8Q,8QTSUSCOC1,audio_11152,9,Tocca le scimmie se vedi un polipo altrimenti tocca i gelati
8Q,8QTSUSCOC1,audio_11153,9,Tocca le scimmie se vedi un polipo altrimenti tocca le bambine
8Q,8QTSUSCOC1,audio_11154,9,Tocca le scimmie se vedi un polipo altrimenti tocca le biciclette
8Q,8QTSUSCOC1,audio_11155,9,Tocca le scimmie se vedi un polipo altrimenti tocca i monopattini
8Q,8QTSUSCOC1,audio_11156,9,Tocca le scimmie se vedi un polipo altrimenti tocca tutti gli occhiali da sole
8Q,8QTSUSCOC1,audio_11157,9,Tocca le scimmie se vedi un polipo altrimenti tocca l'ombrello
8Q,8QTSUSCOC1,audio_11158,9,Tocca le scimmie se vedi un gelato altrimenti tocca i leoni
8Q,8QTSUSCOC1,audio_11159,9,Tocca le scimmie se vedi un gelato altrimenti tocca i pappagalli
8Q,8QTSUSCOC1,audio_11160,9,Tocca le scimmie se vedi un gelato altrimenti tocca i polipi
8Q,8QTSUSCOC1,audio_11161,9,Tocca le scimmie se vedi un gelato altrimenti tocca le bambine
8Q,8QTSUSCOC1,audio_11162,9,Tocca le scimmie se vedi un gelato altrimenti tocca le biciclette
8Q,8QTSUSCOC1,audio_11163,9,Tocca le scimmie se vedi un gelato altrimenti tocca i monopattini
8Q,8QTSUSCOC1,audio_11164,9,Tocca le scimmie se vedi un gelato altrimenti tocca tutti gli occhiali da sole
8Q,8QTSUSCOC1,audio_11165,9,Tocca le scimmie se vedi un gelato altrimenti tocca l'ombrello
8Q,8QTSUSCOC1,audio_11166,9,Tocca le scimmie se vedi un paio di occhiali da sole altrimenti tocca i leoni
8Q,8QTSUSCOC1,audio_11167,9,Tocca le scimmie se vedi un paio di occhiali da sole altrimenti tocca i pappagalli
8Q,8QTSUSCOC1,audio_11168,9,Tocca le scimmie se vedi un paio di occhiali da sole altrimenti tocca i polipi
8Q,8QTSUSCOC1,audio_11169,9,Tocca le scimmie se vedi un paio di occhiali da sole altrimenti tocca i gelati
8Q,8QTSUSCOC1,audio_11170,9,Tocca le scimmie se vedi un paio di occhiali da sole altrimenti tocca le bambine
8Q,8QTSUSCOC1,audio_11171,9,Tocca le scimmie se vedi un paio di occhiali da sole altrimenti tocca le biciclette
8Q,8QTSUSCOC1,audio_11172,9,Tocca le scimmie se vedi un paio di occhiali da sole altrimenti tocca i monopattini
8Q,8QTSUSCOC1,audio_11173,9,Tocca le scimmie se vedi un paio di occhiali da sole altrimenti tocca l'ombrello
8Q,8QTSUSCOC1,audio_11174,9,Tocca le scimmie se vedi una bicicletta altrimenti tocca i leoni
8Q,8QTSUSCOC1,audio_11175,9,Tocca le scimmie se vedi una bicicletta altrimenti tocca i pappagalli
8Q,8QTSUSCOC1,audio_11176,9,Tocca le scimmie se vedi una bicicletta altrimenti tocca i polipi
8Q,8QTSUSCOC1,audio_11177,9,Tocca le scimmie se vedi una bicicletta altrimenti tocca i gelati
8Q,8QTSUSCOC1,audio_11178,9,Tocca le scimmie se vedi una bicicletta altrimenti tocca le bambine
8Q,8QTSUSCOC1,audio_11179,9,Tocca le scimmie se vedi una bicicletta altrimenti tocca i monopattini
8Q,8QTSUSCOC1,audio_11180,9,Tocca le scimmie se vedi una bicicletta altrimenti tocca tutti gli occhiali da sole
8Q,8QTSUSCOC1,audio_11181,9,Tocca le scimmie se vedi una bicicletta altrimenti tocca l'ombrello
8Q,8QTSUSCOC1,audio_11182,9,Tocca le scimmie se vedi un monopattino altrimenti tocca i leoni
8Q,8QTSUSCOC1,audio_11183,9,Tocca le scimmie se vedi un monopattino altrimenti tocca i pappagalli
8Q,8QTSUSCOC1,audio_11184,9,Tocca le scimmie se vedi un monopattino altrimenti tocca i polipi
8Q,8QTSUSCOC1,audio_11185,9,Tocca le scimmie se vedi un monopattino altrimenti tocca i gelati
8Q,8QTSUSCOC1,audio_11186,9,Tocca le scimmie se vedi un monopattino altrimenti tocca le bambine
8Q,8QTSUSCOC1,audio_11187,9,Tocca le scimmie se vedi un monopattino altrimenti tocca le biciclette
8Q,8QTSUSCOC1,audio_11188,9,Tocca le scimmie se vedi un monopattino altrimenti tocca tutti gli occhiali da sole
8Q,8QTSUSCOC1,audio_11189,9,Tocca le scimmie se vedi un monopattino altrimenti tocca l'ombrello
8Q,8QTSUSCOC1,audio_11190,9,Tocca le scimmie se vedi un ombrello altrimenti tocca i leoni
8Q,8QTSUSCOC1,audio_11191,9,Tocca le scimmie se vedi un ombrello altrimenti tocca i pappagalli
8Q,8QTSUSCOC1,audio_11192,9,Tocca le scimmie se vedi un ombrello altrimenti tocca i polipi
8Q,8QTSUSCOC1,audio_11193,9,Tocca le scimmie se vedi un ombrello altrimenti tocca i gelati
8Q,8QTSUSCOC1,audio_11194,9,Tocca le scimmie se vedi un ombrello altrimenti tocca le bambine
8Q,8QTSUSCOC1,audio_11195,9,Tocca le scimmie se vedi un ombrello altrimenti tocca le biciclette
8Q,8QTSUSCOC1,audio_11196,9,Tocca le scimmie se vedi un ombrello altrimenti tocca i monopattini
8Q,8QTSUSCOC1,audio_11197,9,Tocca le scimmie se vedi un ombrello altrimenti tocca tutti gli occhiali da sole
8Q,8QTSUSCOC1,audio_11198,9,Tocca le scimmie se vedi una bambina altrimenti tocca i leoni
8Q,8QTSUSCOC1,audio_11199,9,Tocca le scimmie se vedi una bambina altrimenti tocca i pappagalli
8Q,8QTSUSCOC1,audio_11200,9,Tocca le scimmie se vedi una bambina altrimenti tocca i polipi
8Q,8QTSUSCOC1,audio_11201,9,Tocca le scimmie se vedi una bambina altrimenti tocca tutti gli occhiali da sole
8Q,8QTSUSCOC1,audio_11202,9,Tocca le scimmie se vedi una bambina altrimenti tocca i monopattini
8Q,8QTSUSCOC1,audio_11203,9,Tocca le scimmie se vedi una bambina altrimenti tocca i gelati
8Q,8QTSUSCOC1,audio_11204,9,Tocca le scimmie se vedi una bambina altrimenti tocca le biciclette
8Q,8QTSUSCOC1,audio_11205,9,Tocca le scimmie se vedi una bambina altrimenti tocca l'ombrello
8Q,8QTSUSCOC1,audio_11206,9,Tocca i pappagalli se vedi un leone altrimenti tocca le scimmie
8Q,8QTSUSCOC1,audio_11207,9,Tocca i pappagalli se vedi un leone altrimenti tocca i polipi
8Q,8QTSUSCOC1,audio_11208,9,Tocca i pappagalli se vedi un leone altrimenti tocca i gelati
8Q,8QTSUSCOC1,audio_11209,9,Tocca i pappagalli se vedi un leone altrimenti tocca tutti gli occhiali da sole
8Q,8QTSUSCOC1,audio_11210,9,Tocca i pappagalli se vedi un leone altrimenti tocca le biciclette
8Q,8QTSUSCOC1,audio_11211,9,Tocca i pappagalli se vedi un leone altrimenti tocca i monopattini
8Q,8QTSUSCOC1,audio_11212,9,Tocca i pappagalli se vedi un leone altrimenti tocca l'ombrello
8Q,8QTSUSCOC1,audio_11213,9,Tocca i pappagalli se vedi un leone altrimenti tocca le bambine
8Q,8QTSUSCOC1,audio_11214,9,Tocca i pappagalli se vedi una scimmia altrimenti tocca i leoni
8Q,8QTSUSCOC1,audio_11215,9,Tocca i pappagalli se vedi una scimmia altrimenti tocca i polipi
8Q,8QTSUSCOC1,audio_11216,9,Tocca i pappagalli se vedi una scimmia altrimenti tocca i gelati
8Q,8QTSUSCOC1,audio_11217,9,Tocca i pappagalli se vedi una scimmia altrimenti tocca tutti gli occhiali da sole
8Q,8QTSUSCOC1,audio_11218,9,Tocca i pappagalli se vedi una scimmia altrimenti tocca le biciclette
8Q,8QTSUSCOC1,audio_11219,9,Tocca i pappagalli se vedi una scimmia altrimenti tocca i monopattini
8Q,8QTSUSCOC1,audio_11220,9,Tocca i pappagalli se vedi una scimmia altrimenti tocca l'ombrello
8Q,8QTSUSCOC1,audio_11221,9,Tocca i pappagalli se vedi una scimmia altrimenti tocca le bambine
8Q,8QTSUSCOC1,audio_11222,9,Tocca i pappagalli se vedi un polipo altrimenti tocca le scimmie
8Q,8QTSUSCOC1,audio_11223,9,Tocca i pappagalli se vedi un polipo altrimenti tocca i leoni
8Q,8QTSUSCOC1,audio_11224,9,Tocca i pappagalli se vedi un polipo altrimenti tocca i gelati
8Q,8QTSUSCOC1,audio_11225,9,Tocca i pappagalli se vedi un polipo altrimenti tocca tutti gli occhiali da sole
8Q,8QTSUSCOC1,audio_11226,9,Tocca i pappagalli se vedi un polipo altrimenti tocca le biciclette
8Q,8QTSUSCOC1,audio_11227,9,Tocca i pappagalli se vedi un polipo altrimenti tocca i monopattini
8Q,8QTSUSCOC1,audio_11228,9,Tocca i pappagalli se vedi un polipo altrimenti tocca le bambine
8Q,8QTSUSCOC1,audio_11229,9,Tocca i pappagalli se vedi un polipo altrimenti tocca l'ombrello
8Q,8QTSUSCOC1,audio_11230,9,Tocca i pappagalli se vedi un gelato altrimenti tocca le scimmie
8Q,8QTSUSCOC1,audio_11231,9,Tocca i pappagalli se vedi un gelato altrimenti tocca i polipi
8Q,8QTSUSCOC1,audio_11232,9,Tocca i pappagalli se vedi un gelato altrimenti tocca i leoni
8Q,8QTSUSCOC1,audio_11233,9,Tocca i pappagalli se vedi un gelato altrimenti tocca le bambine
8Q,8QTSUSCOC1,audio_11234,9,Tocca i pappagalli se vedi un gelato altrimenti tocca le biciclette
8Q,8QTSUSCOC1,audio_11235,9,Tocca i pappagalli se vedi un gelato altrimenti tocca i monopattini
8Q,8QTSUSCOC1,audio_11236,9,Tocca i pappagalli se vedi un gelato altrimenti tocca tutti gli occhiali da sole
8Q,8QTSUSCOC1,audio_11237,9,Tocca i pappagalli se vedi un gelato altrimenti tocca l'ombrello
8Q,8QTSUSCOC1,audio_11238,9,Tocca i pappagalli se vedi un paio di occhiali da sole altrimenti tocca le scimmie
8Q,8QTSUSCOC1,audio_11239,9,Tocca i pappagalli se vedi un paio di occhiali da sole altrimenti tocca i polipi
8Q,8QTSUSCOC1,audio_11240,9,Tocca i pappagalli se vedi un paio di occhiali da sole altrimenti tocca i gelati
8Q,8QTSUSCOC1,audio_11241,9,Tocca i pappagalli se vedi un paio di occhiali da sole altrimenti tocca le bambine
8Q,8QTSUSCOC1,audio_11242,9,Tocca i pappagalli se vedi un paio di occhiali da sole altrimenti tocca le biciclette
8Q,8QTSUSCOC1,audio_11243,9,Tocca i pappagalli se vedi un paio di occhiali da sole altrimenti tocca i monopattini
8Q,8QTSUSCOC1,audio_11244,9,Tocca i pappagalli se vedi un paio di occhiali da sole altrimenti tocca i leoni
8Q,8QTSUSCOC1,audio_11245,9,Tocca i pappagalli se vedi un paio di occhiali da sole altrimenti tocca l'ombrello
8Q,8QTSUSCOC1,audio_11246,9,Tocca i pappagalli se vedi una bicicletta altrimenti tocca le scimmie
8Q,8QTSUSCOC1,audio_11247,9,Tocca i pappagalli se vedi una bicicletta altrimenti tocca i polipi
8Q,8QTSUSCOC1,audio_11248,9,Tocca i pappagalli se vedi una bicicletta altrimenti tocca i gelati
8Q,8QTSUSCOC1,audio_11249,9,Tocca i pappagalli se vedi una bicicletta altrimenti tocca le bambine
8Q,8QTSUSCOC1,audio_11250,9,Tocca i pappagalli se vedi una bicicletta altrimenti tocca i leoni
8Q,8QTSUSCOC1,audio_11251,9,Tocca i pappagalli se vedi una bicicletta altrimenti tocca i monopattini
8Q,8QTSUSCOC1,audio_11252,9,Tocca i pappagalli se vedi una bicicletta altrimenti tocca tutti gli occhiali da sole
8Q,8QTSUSCOC1,audio_11253,9,Tocca i pappagalli se vedi una bicicletta altrimenti tocca l'ombrello
8Q,8QTSUSCOC1,audio_11254,9,Tocca i pappagalli se vedi un monopattino altrimenti tocca le scimmie
8Q,8QTSUSCOC1,audio_11255,9,Tocca i pappagalli se vedi un monopattino altrimenti tocca i polipi
8Q,8QTSUSCOC1,audio_11256,9,Tocca i pappagalli se vedi un monopattino altrimenti tocca i gelati
8Q,8QTSUSCOC1,audio_11257,9,Tocca i pappagalli se vedi un monopattino altrimenti tocca le bambine
8Q,8QTSUSCOC1,audio_11258,9,Tocca i pappagalli se vedi un monopattino altrimenti tocca le biciclette
8Q,8QTSUSCOC1,audio_11259,9,Tocca i pappagalli se vedi un monopattino altrimenti tocca i leoni
8Q,8QTSUSCOC1,audio_11260,9,Tocca i pappagalli se vedi un monopattino altrimenti tocca tutti gli occhiali da sole
8Q,8QTSUSCOC1,audio_11261,9,Tocca i pappagalli se vedi un monopattino altrimenti tocca l'ombrello
8Q,8QTSUSCOC1,audio_11262,9,Tocca i pappagalli se vedi un ombrello altrimenti tocca le scimmie
8Q,8QTSUSCOC1,audio_11263,9,Tocca i pappagalli se vedi un ombrello altrimenti tocca i polipi
8Q,8QTSUSCOC1,audio_11264,9,Tocca i pappagalli se vedi un ombrello altrimenti tocca i gelati
8Q,8QTSUSCOC1,audio_11265,9,Tocca i pappagalli se vedi un ombrello altrimenti tocca le bambine
8Q,8QTSUSCOC1,audio_11266,9,Tocca i pappagalli se vedi un ombrello altrimenti tocca le biciclette
8Q,8QTSUSCOC1,audio_11267,9,Tocca i pappagalli se vedi un ombrello altrimenti tocca i monopattini
8Q,8QTSUSCOC1,audio_11268,9,Tocca i pappagalli se vedi un ombrello altrimenti tocca tutti gli occhiali da sole
8Q,8QTSUSCOC1,audio_11269,9,Tocca i pappagalli se vedi un ombrello altrimenti tocca i leoni
8Q,8QTSUSCOC1,audio_11270,9,Tocca i pappagalli se vedi una bambina altrimenti tocca le scimmie
8Q,8QTSUSCOC1,audio_11271,9,Tocca i pappagalli se vedi una bambina altrimenti tocca i polipi
8Q,8QTSUSCOC1,audio_11272,9,Tocca i pappagalli se vedi una bambina altrimenti tocca i gelati
8Q,8QTSUSCOC1,audio_11273,9,Tocca i pappagalli se vedi una bambina altrimenti tocca i leoni
8Q,8QTSUSCOC1,audio_11274,9,Tocca i pappagalli se vedi una bambina altrimenti tocca le biciclette
8Q,8QTSUSCOC1,audio_11275,9,Tocca i pappagalli se vedi una bambina altrimenti tocca i monopattini
8Q,8QTSUSCOC1,audio_11276,9,Tocca i pappagalli se vedi una bambina altrimenti tocca tutti gli occhiali da sole
8Q,8QTSUSCOC1,audio_11277,9,Tocca i pappagalli se vedi una bambina altrimenti tocca l'ombrello
8Q,8QTSUSCOC1,audio_11278,9,Tocca i polipi se vedi un leone altrimenti tocca le scimmie
8Q,8QTSUSCOC1,audio_11279,9,Tocca i polipi se vedi un leone altrimenti tocca i pappagalli
8Q,8QTSUSCOC1,audio_11280,9,Tocca i polipi se vedi un leone altrimenti tocca i gelati
8Q,8QTSUSCOC1,audio_11281,9,Tocca i polipi se vedi un leone altrimenti tocca le bambine
8Q,8QTSUSCOC1,audio_11282,9,Tocca i polipi se vedi un leone altrimenti tocca le biciclette
8Q,8QTSUSCOC1,audio_11283,9,Tocca i polipi se vedi un leone altrimenti tocca i monopattini
8Q,8QTSUSCOC1,audio_11284,9,Tocca i polipi se vedi un leone altrimenti tocca tutti gli occhiali da sole
8Q,8QTSUSCOC1,audio_11285,9,Tocca i polipi se vedi un leone altrimenti tocca l'ombrello
8Q,8QTSUSCOC1,audio_11286,9,Tocca i polipi se vedi una scimmia altrimenti tocca i leoni
8Q,8QTSUSCOC1,audio_11287,9,Tocca i polipi se vedi una scimmia altrimenti tocca i pappagalli
8Q,8QTSUSCOC1,audio_11288,9,Tocca i polipi se vedi una scimmia altrimenti tocca i gelati
8Q,8QTSUSCOC1,audio_11289,9,Tocca i polipi se vedi una scimmia altrimenti tocca le bambine
8Q,8QTSUSCOC1,audio_11290,9,Tocca i polipi se vedi una scimmia altrimenti tocca le biciclette
8Q,8QTSUSCOC1,audio_11291,9,Tocca i polipi se vedi una scimmia altrimenti tocca i monopattini
8Q,8QTSUSCOC1,audio_11292,9,Tocca i polipi se vedi una scimmia altrimenti tocca tutti gli occhiali da sole
8Q,8QTSUSCOC1,audio_11293,9,Tocca i polipi se vedi una scimmia altrimenti tocca l'ombrello
8Q,8QTSUSCOC1,audio_11294,9,Tocca i polipi se vedi un pappagallo altrimenti tocca le scimmie
8Q,8QTSUSCOC1,audio_11295,9,Tocca i polipi se vedi un pappagallo altrimenti tocca i leoni
8Q,8QTSUSCOC1,audio_11296,9,Tocca i polipi se vedi un pappagallo altrimenti tocca i gelati
8Q,8QTSUSCOC1,audio_11297,9,Tocca i polipi se vedi un pappagallo altrimenti tocca le bambine
8Q,8QTSUSCOC1,audio_11298,9,Tocca i polipi se vedi un pappagallo altrimenti tocca le biciclette
8Q,8QTSUSCOC1,audio_11299,9,Tocca i polipi se vedi un pappagallo altrimenti tocca i monopattini
8Q,8QTSUSCOC1,audio_11300,9,Tocca i polipi se vedi un pappagallo altrimenti tocca tutti gli occhiali da sole
8Q,8QTSUSCOC1,audio_11301,9,Tocca i polipi se vedi un pappagallo altrimenti tocca l'ombrello
8Q,8QTSUSCOC1,audio_11302,9,Tocca i polipi se vedi un gelato altrimenti tocca le scimmie
8Q,8QTSUSCOC1,audio_11303,9,Tocca i polipi se vedi un gelato altrimenti tocca i pappagalli
8Q,8QTSUSCOC1,audio_11304,9,Tocca i polipi se vedi un gelato altrimenti tocca i leoni
8Q,8QTSUSCOC1,audio_11305,9,Tocca i polipi se vedi un gelato altrimenti tocca i gelati
8Q,8QTSUSCOC1,audio_11306,9,Tocca i polipi se vedi un gelato altrimenti tocca le bambine
8Q,8QTSUSCOC1,audio_11307,9,Tocca i polipi se vedi un gelato altrimenti tocca le biciclette
8Q,8QTSUSCOC1,audio_11308,9,Tocca i polipi se vedi un gelato altrimenti tocca i monopattini
8Q,8QTSUSCOC1,audio_11309,9,Tocca i polipi se vedi un gelato altrimenti tocca tutti gli occhiali da sole
8Q,8QTSUSCOC1,audio_11310,9,Tocca i polipi se vedi un gelato altrimenti tocca l'ombrello
8Q,8QTSUSCOC1,audio_11311,9,Tocca i polipi se vedi un paio di occhiali da sole altrimenti tocca le scimmie
8Q,8QTSUSCOC1,audio_11312,9,Tocca i polipi se vedi un paio di occhiali da sole altrimenti tocca i pappagalli
8Q,8QTSUSCOC1,audio_11313,9,Tocca i polipi se vedi un paio di occhiali da sole altrimenti tocca i gelati
8Q,8QTSUSCOC1,audio_11314,9,Tocca i polipi se vedi un paio di occhiali da sole altrimenti tocca le bambine
8Q,8QTSUSCOC1,audio_11315,9,Tocca i polipi se vedi un paio di occhiali da sole altrimenti tocca le biciclette
8Q,8QTSUSCOC1,audio_11316,9,Tocca i polipi se vedi un paio di occhiali da sole altrimenti tocca i monopattini
8Q,8QTSUSCOC1,audio_11317,9,Tocca i polipi se vedi un paio di occhiali da sole altrimenti tocca i leoni
8Q,8QTSUSCOC1,audio_11318,9,Tocca i polipi se vedi un paio di occhiali da sole altrimenti tocca l occhiali da sole
8Q,8QTSUSCOC1,audio_11319,9,Tocca i polipi se vedi una bicicletta altrimenti tocca le scimmie
8Q,8QTSUSCOC1,audio_11320,9,Tocca i polipi se vedi una bicicletta altrimenti tocca i pappagalli
8Q,8QTSUSCOC1,audio_11321,9,Tocca i polipi se vedi una bicicletta altrimenti tocca i gelati
8Q,8QTSUSCOC1,audio_11322,9,Tocca i polipi se vedi una bicicletta altrimenti tocca le bambine
8Q,8QTSUSCOC1,audio_11323,9,Tocca i polipi se vedi una bicicletta altrimenti tocca i leoni
8Q,8QTSUSCOC1,audio_11324,9,Tocca i polipi se vedi una bicicletta altrimenti tocca i monopattini
8Q,8QTSUSCOC1,audio_11325,9,Tocca i polipi se vedi una bicicletta altrimenti tocca tutti gli occhiali da sole
8Q,8QTSUSCOC1,audio_11326,9,Tocca i polipi se vedi una bicicletta altrimenti tocca l'ombrello
8Q,8QTSUSCOC1,audio_11327,9,Tocca i polipi se vedi un monopattino altrimenti tocca le scimmie
8Q,8QTSUSCOC1,audio_11328,9,Tocca i polipi se vedi un monopattino altrimenti tocca i pappagalli
8Q,8QTSUSCOC1,audio_11329,9,Tocca i polipi se vedi un monopattino altrimenti tocca i gelati
8Q,8QTSUSCOC1,audio_11330,9,Tocca i polipi se vedi un monopattino altrimenti tocca le bambine
8Q,8QTSUSCOC1,audio_11331,9,Tocca i polipi se vedi un monopattino altrimenti tocca le biciclette
8Q,8QTSUSCOC1,audio_11332,9,Tocca i polipi se vedi un monopattino altrimenti tocca i leoni
8Q,8QTSUSCOC1,audio_11333,9,Tocca i polipi se vedi un monopattino altrimenti tocca tutti gli occhiali da sole
8Q,8QTSUSCOC1,audio_11334,9,Tocca i polipi se vedi un monopattino altrimenti tocca l'ombrello
8Q,8QTSUSCOC1,audio_11335,9,Tocca i polipi se vedi un ombrello altrimenti tocca le scimmie
8Q,8QTSUSCOC1,audio_11336,9,Tocca i polipi se vedi un ombrello altrimenti tocca i pappagalli
8Q,8QTSUSCOC1,audio_11337,9,Tocca i polipi se vedi un ombrello altrimenti tocca i gelati
8Q,8QTSUSCOC1,audio_11338,9,Tocca i polipi se vedi un ombrello altrimenti tocca le bambine
8Q,8QTSUSCOC1,audio_11339,9,Tocca i polipi se vedi un ombrello altrimenti tocca le biciclette
8Q,8QTSUSCOC1,audio_11340,9,Tocca i polipi se vedi un ombrello altrimenti tocca i monopattini
8Q,8QTSUSCOC1,audio_11341,9,Tocca i polipi se vedi un ombrello altrimenti tocca tutti gli occhiali da sole
8Q,8QTSUSCOC1,audio_11342,9,Tocca i polipi se vedi un ombrello altrimenti tocca i leoni
8Q,8QTSUSCOC1,audio_11343,9,Tocca i polipi se vedi una bambina altrimenti tocca le scimmie
8Q,8QTSUSCOC1,audio_11344,9,Tocca i polipi se vedi una bambina altrimenti tocca i pappagalli
8Q,8QTSUSCOC1,audio_11345,9,Tocca i polipi se vedi una bambina altrimenti tocca i gelati
8Q,8QTSUSCOC1,audio_11346,9,Tocca i polipi se vedi una bambina altrimenti tocca i leoni
8Q,8QTSUSCOC1,audio_11347,9,Tocca i polipi se vedi una bambina altrimenti tocca le biciclette
8Q,8QTSUSCOC1,audio_11348,9,Tocca i polipi se vedi una bambina altrimenti tocca i monopattini
8Q,8QTSUSCOC1,audio_11349,9,Tocca i polipi se vedi una bambina altrimenti tocca tutti gli occhiali da sole
8Q,8QTSUSCOC1,audio_11350,9,Tocca i polipi se vedi una bambina altrimenti tocca l'ombrello
8Q,8QTSUSCOC1,audio_11351,9,Tocca i gelati se vedi un leone altrimenti tocca le scimmie
8Q,8QTSUSCOC1,audio_11352,9,Tocca i gelati se vedi un leone altrimenti tocca i polipi
8Q,8QTSUSCOC1,audio_11353,9,Tocca i gelati se vedi un leone altrimenti tocca i pappagalli
8Q,8QTSUSCOC1,audio_11354,9,Tocca i gelati se vedi un leone altrimenti tocca le bambine
8Q,8QTSUSCOC1,audio_11355,9,Tocca i gelati se vedi un leone altrimenti tocca le biciclette
8Q,8QTSUSCOC1,audio_11356,9,Tocca i gelati se vedi un leone altrimenti tocca i monopattini
8Q,8QTSUSCOC1,audio_11357,9,Tocca i gelati se vedi un leone altrimenti tocca tutti gli occhiali da sole
8Q,8QTSUSCOC1,audio_11358,9,Tocca i gelati se vedi un leone altrimenti tocca l'ombrello
8Q,8QTSUSCOC1,audio_11359,9,Tocca i gelati se vedi una scimmia altrimenti tocca i pappagalli
8Q,8QTSUSCOC1,audio_11360,9,Tocca i gelati se vedi una scimmia altrimenti tocca i polipi
8Q,8QTSUSCOC1,audio_11361,9,Tocca i gelati se vedi una scimmia altrimenti tocca i leoni
8Q,8QTSUSCOC1,audio_11362,9,Tocca i gelati se vedi una scimmia altrimenti tocca le bambine
8Q,8QTSUSCOC1,audio_11363,9,Tocca i gelati se vedi una scimmia altrimenti tocca le biciclette
8Q,8QTSUSCOC1,audio_11364,9,Tocca i gelati se vedi una scimmia altrimenti tocca i monopattini
8Q,8QTSUSCOC1,audio_11365,9,Tocca i gelati se vedi una scimmia altrimenti tocca tutti gli occhiali da sole
8Q,8QTSUSCOC1,audio_11366,9,Tocca i gelati se vedi una scimmia altrimenti tocca l'ombrello
8Q,8QTSUSCOC1,audio_11367,9,Tocca i gelati se vedi un pappagallo altrimenti tocca le scimmie
8Q,8QTSUSCOC1,audio_11368,9,Tocca i gelati se vedi un pappagallo altrimenti tocca i polipi
8Q,8QTSUSCOC1,audio_11369,9,Tocca i gelati se vedi un pappagallo altrimenti tocca i leoni
8Q,8QTSUSCOC1,audio_11370,9,Tocca i gelati se vedi un pappagallo altrimenti tocca le bambine
8Q,8QTSUSCOC1,audio_11371,9,Tocca i gelati se vedi un pappagallo altrimenti tocca le biciclette
8Q,8QTSUSCOC1,audio_11372,9,Tocca i gelati se vedi un pappagallo altrimenti tocca i monopattini
8Q,8QTSUSCOC1,audio_11373,9,Tocca i gelati se vedi un pappagallo altrimenti tocca tutti gli occhiali da sole
8Q,8QTSUSCOC1,audio_11374,9,Tocca i gelati se vedi un pappagallo altrimenti tocca l'ombrello
8Q,8QTSUSCOC1,audio_11375,9,Tocca i gelati se vedi un polipo altrimenti tocca le scimmie
8Q,8QTSUSCOC1,audio_11376,9,Tocca i gelati se vedi un polipo altrimenti tocca i pappagalli
8Q,8QTSUSCOC1,audio_11377,9,Tocca i gelati se vedi un polipo altrimenti tocca i leoni
8Q,8QTSUSCOC1,audio_11378,9,Tocca i gelati se vedi un polipo altrimenti tocca le bambine
8Q,8QTSUSCOC1,audio_11379,9,Tocca i gelati se vedi un polipo altrimenti tocca le biciclette
8Q,8QTSUSCOC1,audio_11380,9,Tocca i gelati se vedi un polipo altrimenti tocca i monopattini
8Q,8QTSUSCOC1,audio_11381,9,Tocca i gelati se vedi un polipo altrimenti tocca tutti gli occhiali da sole
8Q,8QTSUSCOC1,audio_11382,9,Tocca i gelati se vedi un polipo altrimenti tocca l'ombrello
8Q,8QTSUSCOC1,audio_11383,9,Tocca i gelati se vedi un paio di occhiali da sole altrimenti tocca le scimmie
8Q,8QTSUSCOC1,audio_11384,9,Tocca i gelati se vedi un paio di occhiali da sole altrimenti tocca i pappagalli
8Q,8QTSUSCOC1,audio_11385,9,Tocca i gelati se vedi un paio di occhiali da sole altrimenti tocca i polipi
8Q,8QTSUSCOC1,audio_11386,9,Tocca i gelati se vedi un paio di occhiali da sole altrimenti tocca i leoni
8Q,8QTSUSCOC1,audio_11387,9,Tocca i gelati se vedi un paio di occhiali da sole altrimenti tocca le bambine
8Q,8QTSUSCOC1,audio_11388,9,Tocca i gelati se vedi un paio di occhiali da sole altrimenti tocca le biciclette
8Q,8QTSUSCOC1,audio_11389,9,Tocca i gelati se vedi un paio di occhiali da sole altrimenti tocca i monopattini
8Q,8QTSUSCOC1,audio_11390,9,Tocca i gelati se vedi un paio di occhiali da sole altrimenti tocca l'ombrello
8Q,8QTSUSCOC1,audio_11391,9,Tocca i gelati se vedi una bicicletta altrimenti tocca le scimmie
8Q,8QTSUSCOC1,audio_11392,9,Tocca i gelati se vedi una bicicletta altrimenti tocca i polipi
8Q,8QTSUSCOC1,audio_11393,9,Tocca i gelati se vedi una bicicletta altrimenti tocca i pappagalli
8Q,8QTSUSCOC1,audio_11394,9,Tocca i gelati se vedi una bicicletta altrimenti tocca le bambine
8Q,8QTSUSCOC1,audio_11395,9,Tocca i gelati se vedi una bicicletta altrimenti tocca i leoni
8Q,8QTSUSCOC1,audio_11396,9,Tocca i gelati se vedi una bicicletta altrimenti tocca i monopattini
8Q,8QTSUSCOC1,audio_11397,9,Tocca i gelati se vedi una bicicletta altrimenti tocca tutti gli occhiali da sole
8Q,8QTSUSCOC1,audio_11398,9,Tocca i gelati se vedi una bicicletta altrimenti tocca l'ombrello
8Q,8QTSUSCOC1,audio_11399,9,Tocca i gelati se vedi un monopattino altrimenti tocca le scimmie
8Q,8QTSUSCOC1,audio_11400,9,Tocca i gelati se vedi un monopattino altrimenti tocca i pappagalli
8Q,8QTSUSCOC1,audio_11401,9,Tocca i gelati se vedi un monopattino altrimenti tocca i polipi
8Q,8QTSUSCOC1,audio_11402,9,Tocca i gelati se vedi un monopattino altrimenti tocca i leoni
8Q,8QTSUSCOC1,audio_11403,9,Tocca i gelati se vedi un monopattino altrimenti tocca le bambine
8Q,8QTSUSCOC1,audio_11404,9,Tocca i gelati se vedi un monopattino altrimenti tocca le biciclette
8Q,8QTSUSCOC1,audio_11405,9,Tocca i gelati se vedi un monopattino altrimenti tocca tutti gli occhiali da sole
8Q,8QTSUSCOC1,audio_11406,9,Tocca i gelati se vedi un monopattino altrimenti tocca l'ombrello
8Q,8QTSUSCOC1,audio_11407,9,Tocca i gelati se vedi un ombrello altrimenti tocca le scimmie
8Q,8QTSUSCOC1,audio_11408,9,Tocca i gelati se vedi un ombrello altrimenti tocca i pappagalli
8Q,8QTSUSCOC1,audio_11409,9,Tocca i gelati se vedi un ombrello altrimenti tocca i polipi
8Q,8QTSUSCOC1,audio_11410,9,Tocca i gelati se vedi un ombrello altrimenti tocca i leoni
8Q,8QTSUSCOC1,audio_11411,9,Tocca i gelati se vedi un ombrello altrimenti tocca le bambine
8Q,8QTSUSCOC1,audio_11412,9,Tocca i gelati se vedi un ombrello altrimenti tocca le biciclette
8Q,8QTSUSCOC1,audio_11413,9,Tocca i gelati se vedi un ombrello altrimenti tocca i monopattini
8Q,8QTSUSCOC1,audio_11414,9,Tocca i gelati se vedi un ombrello altrimenti tocca tutti gli occhiali da sole
8Q,8QTSUSCOC1,audio_11415,9,Tocca i gelati se vedi una bambina altrimenti tocca le scimmie
8Q,8QTSUSCOC1,audio_11416,9,Tocca i gelati se vedi una bambina altrimenti tocca i polipi
8Q,8QTSUSCOC1,audio_11417,9,Tocca i gelati se vedi una bambina altrimenti tocca i pappagalli
8Q,8QTSUSCOC1,audio_11418,9,Tocca i gelati se vedi una bambina altrimenti tocca i leoni
8Q,8QTSUSCOC1,audio_11419,9,Tocca i gelati se vedi una bambina altrimenti tocca le biciclette
8Q,8QTSUSCOC1,audio_11420,9,Tocca i gelati se vedi una bambina altrimenti tocca i monopattini
8Q,8QTSUSCOC1,audio_11421,9,Tocca i gelati se vedi una bambina altrimenti tocca tutti gli occhiali da sole
8Q,8QTSUSCOC1,audio_11422,9,Tocca i gelati se vedi una bambina altrimenti tocca l'ombrello
8Q,8QTSUSCOC1,audio_11423,9,Tocca tutti gli occhiali da sole se vedi un leone altrimenti tocca le scimmie
8Q,8QTSUSCOC1,audio_11424,9,Tocca tutti gli occhiali da sole se vedi un leone altrimenti tocca i pappagalli
8Q,8QTSUSCOC1,audio_11425,9,Tocca tutti gli occhiali da sole se vedi un leone altrimenti tocca i polipi
8Q,8QTSUSCOC1,audio_11426,9,Tocca tutti gli occhiali da sole se vedi un leone altrimenti tocca i gelati
8Q,8QTSUSCOC1,audio_11427,9,Tocca tutti gli occhiali da sole se vedi un leone altrimenti tocca le biciclette
8Q,8QTSUSCOC1,audio_11428,9,Tocca tutti gli occhiali da sole se vedi un leone altrimenti tocca i monopattini
8Q,8QTSUSCOC1,audio_11429,9,Tocca tutti gli occhiali da sole se vedi un leone altrimenti tocca l'ombrello
8Q,8QTSUSCOC1,audio_11430,9,Tocca tutti gli occhiali da sole se vedi un leone altrimenti tocca le bambine
8Q,8QTSUSCOC1,audio_11431,9,Tocca tutti gli occhiali da sole se vedi una scimmia altrimenti tocca i leoni
8Q,8QTSUSCOC1,audio_11432,9,Tocca tutti gli occhiali da sole se vedi una scimmia altrimenti tocca i pappagalli
8Q,8QTSUSCOC1,audio_11433,9,Tocca tutti gli occhiali da sole se vedi una scimmia altrimenti tocca i polipi
8Q,8QTSUSCOC1,audio_11434,9,Tocca tutti gli occhiali da sole se vedi una scimmia altrimenti tocca i gelati
8Q,8QTSUSCOC1,audio_11435,9,Tocca tutti gli occhiali da sole se vedi una scimmia altrimenti tocca le bambine
8Q,8QTSUSCOC1,audio_11436,9,Tocca tutti gli occhiali da sole se vedi una scimmia altrimenti tocca le biciclette
8Q,8QTSUSCOC1,audio_11437,9,Tocca tutti gli occhiali da sole se vedi una scimmia altrimenti tocca i monopattini
8Q,8QTSUSCOC1,audio_11438,9,Tocca tutti gli occhiali da sole se vedi una scimmia altrimenti tocca l'ombrello
8Q,8QTSUSCOC1,audio_11439,9,Tocca tutti gli occhiali da sole se vedi un pappagallo altrimenti tocca i leoni
8Q,8QTSUSCOC1,audio_11440,9,Tocca tutti gli occhiali da sole se vedi un pappagallo altrimenti tocca le scimmie
8Q,8QTSUSCOC1,audio_11441,9,Tocca tutti gli occhiali da sole se vedi un pappagallo altrimenti tocca i polipi
8Q,8QTSUSCOC1,audio_11442,9,Tocca tutti gli occhiali da sole se vedi un pappagallo altrimenti tocca i gelati
8Q,8QTSUSCOC1,audio_11443,9,Tocca tutti gli occhiali da sole se vedi un pappagallo altrimenti tocca le biciclette
8Q,8QTSUSCOC1,audio_11444,9,Tocca tutti gli occhiali da sole se vedi un pappagallo altrimenti tocca i monopattini
8Q,8QTSUSCOC1,audio_11445,9,Tocca tutti gli occhiali da sole se vedi un pappagallo altrimenti tocca le bambine
8Q,8QTSUSCOC1,audio_11446,9,Tocca tutti gli occhiali da sole se vedi un pappagallo altrimenti tocca l'ombrello
8Q,8QTSUSCOC1,audio_11447,9,Tocca tutti gli occhiali da sole se vedi un polipo altrimenti tocca i leoni
8Q,8QTSUSCOC1,audio_11448,9,Tocca tutti gli occhiali da sole se vedi un polipo altrimenti tocca le scimmie
8Q,8QTSUSCOC1,audio_11449,9,Tocca tutti gli occhiali da sole se vedi un polipo altrimenti tocca i pappagalli
8Q,8QTSUSCOC1,audio_11450,9,Tocca tutti gli occhiali da sole se vedi un polipo altrimenti tocca i gelati
8Q,8QTSUSCOC1,audio_11451,9,Tocca tutti gli occhiali da sole se vedi un polipo altrimenti tocca le biciclette
8Q,8QTSUSCOC1,audio_11452,9,Tocca tutti gli occhiali da sole se vedi un polipo altrimenti tocca i monopattini
8Q,8QTSUSCOC1,audio_11453,9,Tocca tutti gli occhiali da sole se vedi un polipo altrimenti tocca le bambine
8Q,8QTSUSCOC1,audio_11454,9,Tocca tutti gli occhiali da sole se vedi un polipo altrimenti tocca l'ombrello
8Q,8QTSUSCOC1,audio_11455,9,Tocca tutti gli occhiali da sole se vedi un gelato altrimenti tocca i leoni
8Q,8QTSUSCOC1,audio_11456,9,Tocca tutti gli occhiali da sole se vedi un gelato altrimenti tocca le scimmie
8Q,8QTSUSCOC1,audio_11457,9,Tocca tutti gli occhiali da sole se vedi un gelato altrimenti tocca i pappagalli
8Q,8QTSUSCOC1,audio_11458,9,Tocca tutti gli occhiali da sole se vedi un gelato altrimenti tocca i polipi
8Q,8QTSUSCOC1,audio_11459,9,Tocca tutti gli occhiali da sole se vedi un gelato altrimenti tocca le biciclette
8Q,8QTSUSCOC1,audio_11460,9,Tocca tutti gli occhiali da sole se vedi un gelato altrimenti tocca i monopattini
8Q,8QTSUSCOC1,audio_11461,9,Tocca tutti gli occhiali da sole se vedi un gelato altrimenti tocca le bambine
8Q,8QTSUSCOC1,audio_11462,9,Tocca tutti gli occhiali da sole se vedi un gelato altrimenti tocca l'ombrello
8Q,8QTSUSCOC1,audio_11463,9,Tocca tutti gli occhiali da sole se vedi una bicicletta altrimenti tocca i leoni
8Q,8QTSUSCOC1,audio_11464,9,Tocca tutti gli occhiali da sole se vedi una bicicletta altrimenti tocca le scimmie
8Q,8QTSUSCOC1,audio_11465,9,Tocca tutti gli occhiali da sole se vedi una bicicletta altrimenti tocca i pappagalli
8Q,8QTSUSCOC1,audio_11466,9,Tocca tutti gli occhiali da sole se vedi una bicicletta altrimenti tocca i polipi
8Q,8QTSUSCOC1,audio_11467,9,Tocca tutti gli occhiali da sole se vedi una bicicletta altrimenti tocca i gelati
8Q,8QTSUSCOC1,audio_11468,9,Tocca tutti gli occhiali da sole se vedi una bicicletta altrimenti tocca le bambine
8Q,8QTSUSCOC1,audio_11469,9,Tocca tutti gli occhiali da sole se vedi una bicicletta altrimenti tocca i monopattini
8Q,8QTSUSCOC1,audio_11470,9,Tocca tutti gli occhiali da sole se vedi una bicicletta altrimenti tocca l'ombrello
8Q,8QTSUSCOC1,audio_11471,9,Tocca tutti gli occhiali da sole se vedi un monopattino altrimenti tocca i leoni
8Q,8QTSUSCOC1,audio_11472,9,Tocca tutti gli occhiali da sole se vedi un monopattino altrimenti tocca le scimmie
8Q,8QTSUSCOC1,audio_11473,9,Tocca tutti gli occhiali da sole se vedi un monopattino altrimenti tocca i pappagalli
8Q,8QTSUSCOC1,audio_11474,9,Tocca tutti gli occhiali da sole se vedi un monopattino altrimenti tocca i polipi
8Q,8QTSUSCOC1,audio_11475,9,Tocca tutti gli occhiali da sole se vedi un monopattino altrimenti tocca i gelati
8Q,8QTSUSCOC1,audio_11476,9,Tocca tutti gli occhiali da sole se vedi un monopattino altrimenti tocca le bambine
8Q,8QTSUSCOC1,audio_11477,9,Tocca tutti gli occhiali da sole se vedi un monopattino altrimenti tocca le biciclette
8Q,8QTSUSCOC1,audio_11478,9,Tocca tutti gli occhiali da sole se vedi un monopattino altrimenti tocca l'ombrello
8Q,8QTSUSCOC1,audio_11479,9,Tocca tutti gli occhiali da sole se vedi un ombrello altrimenti tocca i leoni
8Q,8QTSUSCOC1,audio_11480,9,Tocca tutti gli occhiali da sole se vedi un ombrello altrimenti tocca le scimmie
8Q,8QTSUSCOC1,audio_11481,9,Tocca tutti gli occhiali da sole se vedi un ombrello altrimenti tocca i pappagalli
8Q,8QTSUSCOC1,audio_11482,9,Tocca tutti gli occhiali da sole se vedi un ombrello altrimenti tocca i polipi
8Q,8QTSUSCOC1,audio_11483,9,Tocca tutti gli occhiali da sole se vedi un ombrello altrimenti tocca i gelati
8Q,8QTSUSCOC1,audio_11484,9,Tocca tutti gli occhiali da sole se vedi un ombrello altrimenti tocca le bambine
8Q,8QTSUSCOC1,audio_11485,9,Tocca tutti gli occhiali da sole se vedi un ombrello altrimenti tocca le biciclette
8Q,8QTSUSCOC1,audio_11486,9,Tocca tutti gli occhiali da sole se vedi un ombrello altrimenti tocca i monopattini
8Q,8QTSUSCOC1,audio_11487,9,Tocca tutti gli occhiali da sole se vedi una bambina altrimenti tocca i leoni
8Q,8QTSUSCOC1,audio_11488,9,Tocca tutti gli occhiali da sole se vedi una bambina altrimenti tocca le scimmie
8Q,8QTSUSCOC1,audio_11489,9,Tocca tutti gli occhiali da sole se vedi una bambina altrimenti tocca i pappagalli
8Q,8QTSUSCOC1,audio_11490,9,Tocca tutti gli occhiali da sole se vedi una bambina altrimenti tocca i polipi
8Q,8QTSUSCOC1,audio_11491,9,Tocca tutti gli occhiali da sole se vedi una bambina altrimenti tocca i gelati
8Q,8QTSUSCOC1,audio_11492,9,Tocca tutti gli occhiali da sole se vedi una bambina altrimenti tocca le biciclette
8Q,8QTSUSCOC1,audio_11493,9,Tocca tutti gli occhiali da sole se vedi una bambina altrimenti tocca i monopattini
8Q,8QTSUSCOC1,audio_11494,9,Tocca tutti gli occhiali da sole se vedi una bambina altrimenti tocca l'ombrello
8Q,8QTSUSCOC1,audio_11495,9,Tocca le biciclette se vedi un leone altrimenti tocca le scimmie
8Q,8QTSUSCOC1,audio_11496,9,Tocca le biciclette se vedi un leone altrimenti tocca i pappagalli
8Q,8QTSUSCOC1,audio_11497,9,Tocca le biciclette se vedi un leone altrimenti tocca i polipi
8Q,8QTSUSCOC1,audio_11498,9,Tocca le biciclette se vedi un leone altrimenti tocca i gelati
8Q,8QTSUSCOC1,audio_11499,9,Tocca le biciclette se vedi un leone altrimenti tocca i monopattini
8Q,8QTSUSCOC1,audio_11500,9,Tocca le biciclette se vedi un leone altrimenti tocca tutti gli occhiali da sole
8Q,8QTSUSCOC1,audio_11501,9,Tocca le biciclette se vedi un leone altrimenti tocca le bambine
8Q,8QTSUSCOC1,audio_11502,9,Tocca le biciclette se vedi un leone altrimenti tocca l'ombrello
8Q,8QTSUSCOC1,audio_11503,9,Tocca le biciclette se vedi una scimmia altrimenti tocca i leoni
8Q,8QTSUSCOC1,audio_11504,9,Tocca le biciclette se vedi una scimmia altrimenti tocca i pappagalli
8Q,8QTSUSCOC1,audio_11505,9,Tocca le biciclette se vedi una scimmia altrimenti tocca i polipi
8Q,8QTSUSCOC1,audio_11506,9,Tocca le biciclette se vedi una scimmia altrimenti tocca i gelati
8Q,8QTSUSCOC1,audio_11507,9,Tocca le biciclette se vedi una scimmia altrimenti tocca i monopattini
8Q,8QTSUSCOC1,audio_11508,9,Tocca le biciclette se vedi una scimmia altrimenti tocca tutti gli occhiali da sole
8Q,8QTSUSCOC1,audio_11509,9,Tocca le biciclette se vedi una scimmia altrimenti tocca le bambine
8Q,8QTSUSCOC1,audio_11510,9,Tocca le biciclette se vedi una scimmia altrimenti tocca l'ombrello
8Q,8QTSUSCOC1,audio_11511,9,Tocca le biciclette se vedi un pappagallo altrimenti tocca i leoni
8Q,8QTSUSCOC1,audio_11512,9,Tocca le biciclette se vedi un pappagallo altrimenti tocca le scimmie
8Q,8QTSUSCOC1,audio_11513,9,Tocca le biciclette se vedi un pappagallo altrimenti tocca i polipi
8Q,8QTSUSCOC1,audio_11514,9,Tocca le biciclette se vedi un pappagallo altrimenti tocca i gelati
8Q,8QTSUSCOC1,audio_11515,9,Tocca le biciclette se vedi un pappagallo altrimenti tocca le bambine
8Q,8QTSUSCOC1,audio_11516,9,Tocca le biciclette se vedi un pappagallo altrimenti tocca i monopattini
8Q,8QTSUSCOC1,audio_11517,9,Tocca le biciclette se vedi un pappagallo altrimenti tocca tutti gli occhiali da sole
8Q,8QTSUSCOC1,audio_11518,9,Tocca le biciclette se vedi un pappagallo altrimenti tocca l'ombrello
8Q,8QTSUSCOC1,audio_11519,9,Tocca le biciclette se vedi un polipo altrimenti tocca i leoni
8Q,8QTSUSCOC1,audio_11520,9,Tocca le biciclette se vedi un polipo altrimenti tocca le scimmie
8Q,8QTSUSCOC1,audio_11521,9,Tocca le biciclette se vedi un polipo altrimenti tocca i pappagalli
8Q,8QTSUSCOC1,audio_11522,9,Tocca le biciclette se vedi un polipo altrimenti tocca i gelati
8Q,8QTSUSCOC1,audio_11523,9,Tocca le biciclette se vedi un polipo altrimenti tocca le bambine
8Q,8QTSUSCOC1,audio_11524,9,Tocca le biciclette se vedi un polipo altrimenti tocca i monopattini
8Q,8QTSUSCOC1,audio_11525,9,Tocca le biciclette se vedi un polipo altrimenti tocca tutti gli occhiali da sole
8Q,8QTSUSCOC1,audio_11526,9,Tocca le biciclette se vedi un polipo altrimenti tocca l occhiali da sole
8Q,8QTSUSCOC1,audio_11527,9,Tocca le biciclette se vedi un gelato altrimenti tocca i leoni
8Q,8QTSUSCOC1,audio_11528,9,Tocca le biciclette se vedi un gelato altrimenti tocca le scimmie
8Q,8QTSUSCOC1,audio_11529,9,Tocca le biciclette se vedi un gelato altrimenti tocca i pappagalli
8Q,8QTSUSCOC1,audio_11530,9,Tocca le biciclette se vedi un gelato altrimenti tocca i polipi
8Q,8QTSUSCOC1,audio_11531,9,Tocca le biciclette se vedi un gelato altrimenti tocca i monopattini
8Q,8QTSUSCOC1,audio_11532,9,Tocca le biciclette se vedi un gelato altrimenti tocca tutti gli occhiali da sole
8Q,8QTSUSCOC1,audio_11533,9,Tocca le biciclette se vedi un gelato altrimenti tocca le bambine
8Q,8QTSUSCOC1,audio_11534,9,Tocca le biciclette se vedi un gelato altrimenti tocca l'ombrello
8Q,8QTSUSCOC1,audio_11535,9,Tocca le biciclette se vedi un paio di occhiali da sole altrimenti tocca i leoni
8Q,8QTSUSCOC1,audio_11536,9,Tocca le biciclette se vedi un paio di occhiali da sole altrimenti tocca le scimmie
8Q,8QTSUSCOC1,audio_11537,9,Tocca le biciclette se vedi un paio di occhiali da sole altrimenti tocca i pappagalli
8Q,8QTSUSCOC1,audio_11538,9,Tocca le biciclette se vedi un paio di occhiali da sole altrimenti tocca i polipi
8Q,8QTSUSCOC1,audio_11539,9,Tocca le biciclette se vedi un paio di occhiali da sole altrimenti tocca i gelati
8Q,8QTSUSCOC1,audio_11540,9,Tocca le biciclette se vedi un paio di occhiali da sole altrimenti tocca le bambine
8Q,8QTSUSCOC1,audio_11541,9,Tocca le biciclette se vedi un paio di occhiali da sole altrimenti tocca i monopattini
8Q,8QTSUSCOC1,audio_11542,9,Tocca le biciclette se vedi un paio di occhiali da sole altrimenti tocca l occhiali da sole
8Q,8QTSUSCOC1,audio_11543,9,Tocca le biciclette se vedi un monopattino altrimenti tocca i leoni
8Q,8QTSUSCOC1,audio_11544,9,Tocca le biciclette se vedi un monopattino altrimenti tocca le scimmie
8Q,8QTSUSCOC1,audio_11545,9,Tocca le biciclette se vedi un monopattino altrimenti tocca i pappagalli
8Q,8QTSUSCOC1,audio_11546,9,Tocca le biciclette se vedi un monopattino altrimenti tocca i polipi
8Q,8QTSUSCOC1,audio_11547,9,Tocca le biciclette se vedi un monopattino altrimenti tocca i gelati
8Q,8QTSUSCOC1,audio_11548,9,Tocca le biciclette se vedi un monopattino altrimenti tocca le bambine
8Q,8QTSUSCOC1,audio_11549,9,Tocca le biciclette se vedi un monopattino altrimenti tocca tutti gli occhiali da sole
8Q,8QTSUSCOC1,audio_11550,9,Tocca le biciclette se vedi un monopattino altrimenti tocca l'ombrello
8Q,8QTSUSCOC1,audio_11551,9,Tocca le biciclette se vedi un ombrello altrimenti tocca i leoni
8Q,8QTSUSCOC1,audio_11552,9,Tocca le biciclette se vedi un ombrello altrimenti tocca le scimmie
8Q,8QTSUSCOC1,audio_11553,9,Tocca le biciclette se vedi un ombrello altrimenti tocca i pappagalli
8Q,8QTSUSCOC1,audio_11554,9,Tocca le biciclette se vedi un ombrello altrimenti tocca i polipi
8Q,8QTSUSCOC1,audio_11555,9,Tocca le biciclette se vedi un ombrello altrimenti tocca i gelati
8Q,8QTSUSCOC1,audio_11556,9,Tocca le biciclette se vedi un ombrello altrimenti tocca le bambine
8Q,8QTSUSCOC1,audio_11557,9,Tocca le biciclette se vedi un ombrello altrimenti tocca i monopattini
8Q,8QTSUSCOC1,audio_11558,9,Tocca le biciclette se vedi un ombrello altrimenti tocca tutti gli occhiali da sole
8Q,8QTSUSCOC1,audio_11559,9,Tocca le biciclette se vedi una bambina altrimenti tocca i leoni
8Q,8QTSUSCOC1,audio_11560,9,Tocca le biciclette se vedi una bambina altrimenti tocca le scimmie
8Q,8QTSUSCOC1,audio_11561,9,Tocca le biciclette se vedi una bambina altrimenti tocca i pappagalli
8Q,8QTSUSCOC1,audio_11562,9,Tocca le biciclette se vedi una bambina altrimenti tocca i polipi
8Q,8QTSUSCOC1,audio_11563,9,Tocca le biciclette se vedi una bambina altrimenti tocca i gelati
8Q,8QTSUSCOC1,audio_11564,9,Tocca le biciclette se vedi una bambina altrimenti tocca i monopattini
8Q,8QTSUSCOC1,audio_11565,9,Tocca le biciclette se vedi una bambina altrimenti tocca tutti gli occhiali da sole
8Q,8QTSUSCOC1,audio_11566,9,Tocca le biciclette se vedi una bambina altrimenti tocca l'ombrello
8Q,8QTSUSCOC1,audio_11567,9,Tocca i monopattini se vedi un leone altrimenti tocca le scimmie
8Q,8QTSUSCOC1,audio_11568,9,Tocca i monopattini se vedi un leone altrimenti tocca i polipi
8Q,8QTSUSCOC1,audio_11569,9,Tocca i monopattini se vedi un leone altrimenti tocca i pappagalli
8Q,8QTSUSCOC1,audio_11570,9,Tocca i monopattini se vedi un leone altrimenti tocca i gelati
8Q,8QTSUSCOC1,audio_11571,9,Tocca i monopattini se vedi un leone altrimenti tocca le bambine
8Q,8QTSUSCOC1,audio_11572,9,Tocca i monopattini se vedi un leone altrimenti tocca le biciclette
8Q,8QTSUSCOC1,audio_11573,9,Tocca i monopattini se vedi un leone altrimenti tocca tutti gli occhiali da sole
8Q,8QTSUSCOC1,audio_11574,9,Tocca i monopattini se vedi un leone altrimenti tocca l'ombrello
8Q,8QTSUSCOC1,audio_11575,9,Tocca i monopattini se vedi una scimmia altrimenti tocca i leoni
8Q,8QTSUSCOC1,audio_11576,9,Tocca i monopattini se vedi una scimmia altrimenti tocca i polipi
8Q,8QTSUSCOC1,audio_11577,9,Tocca i monopattini se vedi una scimmia altrimenti tocca i gelati
8Q,8QTSUSCOC1,audio_11578,9,Tocca i monopattini se vedi una scimmia altrimenti tocca le bambine
8Q,8QTSUSCOC1,audio_11579,9,Tocca i monopattini se vedi una scimmia altrimenti tocca le biciclette
8Q,8QTSUSCOC1,audio_11580,9,Tocca i monopattini se vedi una scimmia altrimenti tocca i pappagalli
8Q,8QTSUSCOC1,audio_11581,9,Tocca i monopattini se vedi una scimmia altrimenti tocca tutti gli occhiali da sole
8Q,8QTSUSCOC1,audio_11582,9,Tocca i monopattini se vedi una scimmia altrimenti tocca l'ombrello
8Q,8QTSUSCOC1,audio_11583,9,Tocca i monopattini se vedi un pappagallo altrimenti tocca i leoni
8Q,8QTSUSCOC1,audio_11584,9,Tocca i monopattini se vedi un pappagallo altrimenti tocca le scimmie
8Q,8QTSUSCOC1,audio_11585,9,Tocca i monopattini se vedi un pappagallo altrimenti tocca i polipi
8Q,8QTSUSCOC1,audio_11586,9,Tocca i monopattini se vedi un pappagallo altrimenti tocca i gelati
8Q,8QTSUSCOC1,audio_11587,9,Tocca i monopattini se vedi un pappagallo altrimenti tocca le biciclette
8Q,8QTSUSCOC1,audio_11588,9,Tocca i monopattini se vedi un pappagallo altrimenti tocca tutti gli occhiali da sole
8Q,8QTSUSCOC1,audio_11589,9,Tocca i monopattini se vedi un pappagallo altrimenti tocca le bambine
8Q,8QTSUSCOC1,audio_11590,9,Tocca i monopattini se vedi un pappagallo altrimenti tocca l'ombrello
8Q,8QTSUSCOC1,audio_11591,9,Tocca i monopattini se vedi un polipo altrimenti tocca i leoni
8Q,8QTSUSCOC1,audio_11592,9,Tocca i monopattini se vedi un polipo altrimenti tocca le scimmie
8Q,8QTSUSCOC1,audio_11593,9,Tocca i monopattini se vedi un polipo altrimenti tocca i gelati
8Q,8QTSUSCOC1,audio_11594,9,Tocca i monopattini se vedi un polipo altrimenti tocca le bambine
8Q,8QTSUSCOC1,audio_11595,9,Tocca i monopattini se vedi un polipo altrimenti tocca le biciclette
8Q,8QTSUSCOC1,audio_11596,9,Tocca i monopattini se vedi un polipo altrimenti tocca i pappagalli
8Q,8QTSUSCOC1,audio_11597,9,Tocca i monopattini se vedi un polipo altrimenti tocca tutti gli occhiali da sole
8Q,8QTSUSCOC1,audio_11598,9,Tocca i monopattini se vedi un polipo altrimenti tocca l'ombrello
8Q,8QTSUSCOC1,audio_11599,9,Tocca i monopattini se vedi un gelato altrimenti tocca i leoni
8Q,8QTSUSCOC1,audio_11600,9,Tocca i monopattini se vedi un gelato altrimenti tocca le scimmie
8Q,8QTSUSCOC1,audio_11601,9,Tocca i monopattini se vedi un gelato altrimenti tocca i polipi
8Q,8QTSUSCOC1,audio_11602,9,Tocca i monopattini se vedi un gelato altrimenti tocca le bambine
8Q,8QTSUSCOC1,audio_11603,9,Tocca i monopattini se vedi un gelato altrimenti tocca le biciclette
8Q,8QTSUSCOC1,audio_11604,9,Tocca i monopattini se vedi un gelato altrimenti tocca i pappagalli
8Q,8QTSUSCOC1,audio_11605,9,Tocca i monopattini se vedi un gelato altrimenti tocca tutti gli occhiali da sole
8Q,8QTSUSCOC1,audio_11606,9,Tocca i monopattini se vedi un gelato altrimenti tocca l'ombrello
8Q,8QTSUSCOC1,audio_11607,9,Tocca i monopattini se vedi un paio di occhiali da sole altrimenti tocca i leoni
8Q,8QTSUSCOC1,audio_11608,9,Tocca i monopattini se vedi un paio di occhiali da sole altrimenti tocca le scimmie
8Q,8QTSUSCOC1,audio_11609,9,Tocca i monopattini se vedi un paio di occhiali da sole altrimenti tocca i pappagalli
8Q,8QTSUSCOC1,audio_11610,9,Tocca i monopattini se vedi un paio di occhiali da sole altrimenti tocca i polipi
8Q,8QTSUSCOC1,audio_11611,9,Tocca i monopattini se vedi un paio di occhiali da sole altrimenti tocca i gelati
8Q,8QTSUSCOC1,audio_11612,9,Tocca i monopattini se vedi un paio di occhiali da sole altrimenti tocca le bambine
8Q,8QTSUSCOC1,audio_11613,9,Tocca i monopattini se vedi un paio di occhiali da sole altrimenti tocca le biciclette
8Q,8QTSUSCOC1,audio_11614,9,Tocca i monopattini se vedi un paio di occhiali da sole altrimenti tocca l'ombrello
8Q,8QTSUSCOC1,audio_11615,9,Tocca i monopattini se vedi una bicicletta altrimenti tocca le scimmie
8Q,8QTSUSCOC1,audio_11616,9,Tocca i monopattini se vedi una bicicletta altrimenti tocca i polipi
8Q,8QTSUSCOC1,audio_11617,9,Tocca i monopattini se vedi una bicicletta altrimenti tocca i gelati
8Q,8QTSUSCOC1,audio_11618,9,Tocca i monopattini se vedi una bicicletta altrimenti tocca le bambine
8Q,8QTSUSCOC1,audio_11619,9,Tocca i monopattini se vedi una bicicletta altrimenti tocca i leoni
8Q,8QTSUSCOC1,audio_11620,9,Tocca i monopattini se vedi una bicicletta altrimenti tocca i pappagalli
8Q,8QTSUSCOC1,audio_11621,9,Tocca i monopattini se vedi una bicicletta altrimenti tocca tutti gli occhiali da sole
8Q,8QTSUSCOC1,audio_11622,9,Tocca i monopattini se vedi una bicicletta altrimenti tocca l'ombrello
8Q,8QTSUSCOC1,audio_11623,9,Tocca i monopattini se vedi un ombrello altrimenti tocca i leoni
8Q,8QTSUSCOC1,audio_11624,9,Tocca i monopattini se vedi un ombrello altrimenti tocca le scimmie
8Q,8QTSUSCOC1,audio_11625,9,Tocca i monopattini se vedi un ombrello altrimenti tocca i pappagalli
8Q,8QTSUSCOC1,audio_11626,9,Tocca i monopattini se vedi un ombrello altrimenti tocca i polipi
8Q,8QTSUSCOC1,audio_11627,9,Tocca i monopattini se vedi un ombrello altrimenti tocca i gelati
8Q,8QTSUSCOC1,audio_11628,9,Tocca i monopattini se vedi un ombrello altrimenti tocca le bambine
8Q,8QTSUSCOC1,audio_11629,9,Tocca i monopattini se vedi un ombrello altrimenti tocca le biciclette
8Q,8QTSUSCOC1,audio_11630,9,Tocca i monopattini se vedi un ombrello altrimenti tocca tutti gli occhiali da sole
8Q,8QTSUSCOC1,audio_11631,9,Tocca i monopattini se vedi una bambina altrimenti tocca i leoni
8Q,8QTSUSCOC1,audio_11632,9,Tocca i monopattini se vedi una bambina altrimenti tocca le scimmie
8Q,8QTSUSCOC1,audio_11633,9,Tocca i monopattini se vedi una bambina altrimenti tocca i pappagalli
8Q,8QTSUSCOC1,audio_11634,9,Tocca i monopattini se vedi una bambina altrimenti tocca i polipi
8Q,8QTSUSCOC1,audio_11635,9,Tocca i monopattini se vedi una bambina altrimenti tocca i gelati
8Q,8QTSUSCOC1,audio_11636,9,Tocca i monopattini se vedi una bambina altrimenti tocca le biciclette
8Q,8QTSUSCOC1,audio_11637,9,Tocca i monopattini se vedi una bambina altrimenti tocca tutti gli occhiali da sole
8Q,8QTSUSCOC1,audio_11638,9,Tocca i monopattini se vedi una bambina altrimenti tocca l'ombrello
8Q,8QTSUSCOC1,audio_11639,9,Tocca gli ombrelli se vedi un leone altrimenti tocca le scimmie
8Q,8QTSUSCOC1,audio_11640,9,Tocca gli ombrelli se vedi un leone altrimenti tocca i pappagalli
8Q,8QTSUSCOC1,audio_11641,9,Tocca gli ombrelli se vedi un leone altrimenti tocca i polipi
8Q,8QTSUSCOC1,audio_11642,9,Tocca gli ombrelli se vedi un leone altrimenti tocca i gelati
8Q,8QTSUSCOC1,audio_11643,9,Tocca gli ombrelli se vedi un leone altrimenti tocca le bambine
8Q,8QTSUSCOC1,audio_11644,9,Tocca gli ombrelli se vedi un leone altrimenti tocca le biciclette
8Q,8QTSUSCOC1,audio_11645,9,Tocca gli ombrelli se vedi un leone altrimenti tocca i monopattini
8Q,8QTSUSCOC1,audio_11646,9,Tocca gli ombrelli se vedi un leone altrimenti tocca tutti gli occhiali da sole
8Q,8QTSUSCOC1,audio_11647,9,Tocca gli ombrelli se vedi una scimmia altrimenti tocca i leoni
8Q,8QTSUSCOC1,audio_11648,9,Tocca gli ombrelli se vedi una scimmia altrimenti tocca i polipi
8Q,8QTSUSCOC1,audio_11649,9,Tocca gli ombrelli se vedi una scimmia altrimenti tocca i gelati
8Q,8QTSUSCOC1,audio_11650,9,Tocca gli ombrelli se vedi una scimmia altrimenti tocca le bambine
8Q,8QTSUSCOC1,audio_11651,9,Tocca gli ombrelli se vedi una scimmia altrimenti tocca le biciclette
8Q,8QTSUSCOC1,audio_11652,9,Tocca gli ombrelli se vedi una scimmia altrimenti tocca i monopattini
8Q,8QTSUSCOC1,audio_11653,9,Tocca gli ombrelli se vedi una scimmia altrimenti tocca tutti gli occhiali da sole
8Q,8QTSUSCOC1,audio_11654,9,Tocca gli ombrelli se vedi una scimmia altrimenti tocca i pappagalli
8Q,8QTSUSCOC1,audio_11655,9,Tocca gli ombrelli se vedi un pappagallo altrimenti tocca i leoni
8Q,8QTSUSCOC1,audio_11656,9,Tocca gli ombrelli se vedi un pappagallo altrimenti tocca le scimmie
8Q,8QTSUSCOC1,audio_11657,9,Tocca gli ombrelli se vedi un pappagallo altrimenti tocca i polipi
8Q,8QTSUSCOC1,audio_11658,9,Tocca gli ombrelli se vedi un pappagallo altrimenti tocca i gelati
8Q,8QTSUSCOC1,audio_11659,9,Tocca gli ombrelli se vedi un pappagallo altrimenti tocca le bambine
8Q,8QTSUSCOC1,audio_11660,9,Tocca gli ombrelli se vedi un pappagallo altrimenti tocca le biciclette
8Q,8QTSUSCOC1,audio_11661,9,Tocca gli ombrelli se vedi un pappagallo altrimenti tocca i monopattini
8Q,8QTSUSCOC1,audio_11662,9,Tocca gli ombrelli se vedi un pappagallo altrimenti tocca tutti gli occhiali da sole
8Q,8QTSUSCOC1,audio_11663,9,Tocca gli ombrelli se vedi un polipo altrimenti tocca le scimmie
8Q,8QTSUSCOC1,audio_11664,9,Tocca gli ombrelli se vedi un polipo altrimenti tocca i pappagalli
8Q,8QTSUSCOC1,audio_11665,9,Tocca gli ombrelli se vedi un polipo altrimenti tocca i gelati
8Q,8QTSUSCOC1,audio_11666,9,Tocca gli ombrelli se vedi un polipo altrimenti tocca le bambine
8Q,8QTSUSCOC1,audio_11667,9,Tocca gli ombrelli se vedi un polipo altrimenti tocca le biciclette
8Q,8QTSUSCOC1,audio_11668,9,Tocca gli ombrelli se vedi un polipo altrimenti tocca i monopattini
8Q,8QTSUSCOC1,audio_11669,9,Tocca gli ombrelli se vedi un polipo altrimenti tocca tutti gli occhiali da sole
8Q,8QTSUSCOC1,audio_11670,9,Tocca gli ombrelli se vedi un polipo altrimenti tocca i leoni
8Q,8QTSUSCOC1,audio_11671,9,Tocca gli ombrelli se vedi un gelato altrimenti tocca i leoni
8Q,8QTSUSCOC1,audio_11672,9,Tocca gli ombrelli se vedi un gelato altrimenti tocca le scimmie
8Q,8QTSUSCOC1,audio_11673,9,Tocca gli ombrelli se vedi un gelato altrimenti tocca i pappagalli
8Q,8QTSUSCOC1,audio_11674,9,Tocca gli ombrelli se vedi un gelato altrimenti tocca i polipi
8Q,8QTSUSCOC1,audio_11675,9,Tocca gli ombrelli se vedi un gelato altrimenti tocca le bambine
8Q,8QTSUSCOC1,audio_11676,9,Tocca gli ombrelli se vedi un gelato altrimenti tocca le biciclette
8Q,8QTSUSCOC1,audio_11677,9,Tocca gli ombrelli se vedi un gelato altrimenti tocca i monopattini
8Q,8QTSUSCOC1,audio_11678,9,Tocca gli ombrelli se vedi un gelato altrimenti tocca tutti gli occhiali da sole
8Q,8QTSUSCOC1,audio_11679,9,Tocca gli ombrelli se vedi un paio di occhiali da sole altrimenti tocca le scimmie
8Q,8QTSUSCOC1,audio_11680,9,Tocca gli ombrelli se vedi un paio di occhiali da sole altrimenti tocca i polipi
8Q,8QTSUSCOC1,audio_11681,9,Tocca gli ombrelli se vedi un paio di occhiali da sole altrimenti tocca i gelati
8Q,8QTSUSCOC1,audio_11682,9,Tocca gli ombrelli se vedi un paio di occhiali da sole altrimenti tocca le bambine
8Q,8QTSUSCOC1,audio_11683,9,Tocca gli ombrelli se vedi un paio di occhiali da sole altrimenti tocca le biciclette
8Q,8QTSUSCOC1,audio_11684,9,Tocca gli ombrelli se vedi un paio di occhiali da sole altrimenti tocca i monopattini
8Q,8QTSUSCOC1,audio_11685,9,Tocca gli ombrelli se vedi un paio di occhiali da sole altrimenti tocca i leoni
8Q,8QTSUSCOC1,audio_11686,9,Tocca gli ombrelli se vedi un paio di occhiali da sole altrimenti tocca i pappagalli
8Q,8QTSUSCOC1,audio_11687,9,Tocca gli ombrelli se vedi una bicicletta altrimenti tocca le scimmie
8Q,8QTSUSCOC1,audio_11688,9,Tocca gli ombrelli se vedi una bicicletta altrimenti tocca i polipi
8Q,8QTSUSCOC1,audio_11689,9,Tocca gli ombrelli se vedi una bicicletta altrimenti tocca i gelati
8Q,8QTSUSCOC1,audio_11690,9,Tocca gli ombrelli se vedi una bicicletta altrimenti tocca le bambine
8Q,8QTSUSCOC1,audio_11691,9,Tocca gli ombrelli se vedi una bicicletta altrimenti tocca i leoni
8Q,8QTSUSCOC1,audio_11692,9,Tocca gli ombrelli se vedi una bicicletta altrimenti tocca i monopattini
8Q,8QTSUSCOC1,audio_11693,9,Tocca gli ombrelli se vedi una bicicletta altrimenti tocca tutti gli occhiali da sole
8Q,8QTSUSCOC1,audio_11694,9,Tocca gli ombrelli se vedi una bicicletta altrimenti tocca i pappagalli
8Q,8QTSUSCOC1,audio_11695,9,Tocca gli ombrelli se vedi un monopattino altrimenti tocca le scimmie
8Q,8QTSUSCOC1,audio_11696,9,Tocca gli ombrelli se vedi un monopattino altrimenti tocca i polipi
8Q,8QTSUSCOC1,audio_11697,9,Tocca gli ombrelli se vedi un monopattino altrimenti tocca i gelati
8Q,8QTSUSCOC1,audio_11698,9,Tocca gli ombrelli se vedi un monopattino altrimenti tocca le bambine
8Q,8QTSUSCOC1,audio_11699,9,Tocca gli ombrelli se vedi un monopattino altrimenti tocca le biciclette
8Q,8QTSUSCOC1,audio_11700,9,Tocca gli ombrelli se vedi un monopattino altrimenti tocca i leoni
8Q,8QTSUSCOC1,audio_11701,9,Tocca gli ombrelli se vedi un monopattino altrimenti tocca tutti gli occhiali da sole
8Q,8QTSUSCOC1,audio_11702,9,Tocca gli ombrelli se vedi un monopattino altrimenti tocca i pappagalli
8Q,8QTSUSCOC1,audio_11703,9,Tocca gli ombrelli se vedi una bambina altrimenti tocca le scimmie
8Q,8QTSUSCOC1,audio_11704,9,Tocca gli ombrelli se vedi una bambina altrimenti tocca i polipi
8Q,8QTSUSCOC1,audio_11705,9,Tocca gli ombrelli se vedi una bambina altrimenti tocca i gelati
8Q,8QTSUSCOC1,audio_11706,9,Tocca gli ombrelli se vedi una bambina altrimenti tocca i leoni
8Q,8QTSUSCOC1,audio_11707,9,Tocca gli ombrelli se vedi una bambina altrimenti tocca le biciclette
8Q,8QTSUSCOC1,audio_11708,9,Tocca gli ombrelli se vedi una bambina altrimenti tocca i monopattini
8Q,8QTSUSCOC1,audio_11709,9,Tocca gli ombrelli se vedi una bambina altrimenti tocca tutti gli occhiali da sole
8Q,8QTSUSCOC1,audio_11710,9,Tocca gli ombrelli se vedi una bambina altrimenti tocca i pappagalli
8Q,8QTSUSCOC1,audio_11711,9,Tocca le bambine se vedi un leone altrimenti tocca le scimmie
8Q,8QTSUSCOC1,audio_11712,9,Tocca le bambine se vedi un leone altrimenti tocca i pappagalli
8Q,8QTSUSCOC1,audio_11713,9,Tocca le bambine se vedi un leone altrimenti tocca i polipi
8Q,8QTSUSCOC1,audio_11714,9,Tocca le bambine se vedi un leone altrimenti tocca i gelati
8Q,8QTSUSCOC1,audio_11715,9,Tocca le bambine se vedi un leone altrimenti tocca le biciclette
8Q,8QTSUSCOC1,audio_11716,9,Tocca le bambine se vedi un leone altrimenti tocca i monopattini
8Q,8QTSUSCOC1,audio_11717,9,Tocca le bambine se vedi un leone altrimenti tocca tutti gli occhiali da sole
8Q,8QTSUSCOC1,audio_11718,9,Tocca le bambine se vedi un leone altrimenti tocca l'ombrello
8Q,8QTSUSCOC1,audio_11719,9,Tocca le bambine se vedi una scimmia altrimenti tocca i pappagalli
8Q,8QTSUSCOC1,audio_11720,9,Tocca le bambine se vedi una scimmia altrimenti tocca i polipi
8Q,8QTSUSCOC1,audio_11721,9,Tocca le bambine se vedi una scimmia altrimenti tocca i gelati
8Q,8QTSUSCOC1,audio_11722,9,Tocca le bambine se vedi una scimmia altrimenti tocca i leoni
8Q,8QTSUSCOC1,audio_11723,9,Tocca le bambine se vedi una scimmia altrimenti tocca le biciclette
8Q,8QTSUSCOC1,audio_11724,9,Tocca le bambine se vedi una scimmia altrimenti tocca i monopattini
8Q,8QTSUSCOC1,audio_11725,9,Tocca le bambine se vedi una scimmia altrimenti tocca tutti gli occhiali da sole
8Q,8QTSUSCOC1,audio_11726,9,Tocca le bambine se vedi una scimmia altrimenti tocca l'ombrello
8Q,8QTSUSCOC1,audio_11727,9,Tocca le bambine se vedi un pappagallo altrimenti tocca le scimmie
8Q,8QTSUSCOC1,audio_11728,9,Tocca le bambine se vedi un pappagallo altrimenti tocca i polipi
8Q,8QTSUSCOC1,audio_11729,9,Tocca le bambine se vedi un pappagallo altrimenti tocca i gelati
8Q,8QTSUSCOC1,audio_11730,9,Tocca le bambine se vedi un pappagallo altrimenti tocca i leoni
8Q,8QTSUSCOC1,audio_11731,9,Tocca le bambine se vedi un pappagallo altrimenti tocca le biciclette
8Q,8QTSUSCOC1,audio_11732,9,Tocca le bambine se vedi un pappagallo altrimenti tocca i monopattini
8Q,8QTSUSCOC1,audio_11733,9,Tocca le bambine se vedi un pappagallo altrimenti tocca tutti gli occhiali da sole
8Q,8QTSUSCOC1,audio_11734,9,Tocca le bambine se vedi un pappagallo altrimenti tocca l'ombrello
8Q,8QTSUSCOC1,audio_11735,9,Tocca le bambine se vedi un polipo altrimenti tocca le scimmie
8Q,8QTSUSCOC1,audio_11736,9,Tocca le bambine se vedi un polipo altrimenti tocca i pappagalli
8Q,8QTSUSCOC1,audio_11737,9,Tocca le bambine se vedi un polipo altrimenti tocca i gelati
8Q,8QTSUSCOC1,audio_11738,9,Tocca le bambine se vedi un polipo altrimenti tocca i leoni
8Q,8QTSUSCOC1,audio_11739,9,Tocca le bambine se vedi un polipo altrimenti tocca le biciclette
8Q,8QTSUSCOC1,audio_11740,9,Tocca le bambine se vedi un polipo altrimenti tocca i monopattini
8Q,8QTSUSCOC1,audio_11741,9,Tocca le bambine se vedi un polipo altrimenti tocca tutti gli occhiali da sole
8Q,8QTSUSCOC1,audio_11742,9,Tocca le bambine se vedi un polipo altrimenti tocca l'ombrello
8Q,8QTSUSCOC1,audio_11743,9,Tocca le bambine se vedi un gelato altrimenti tocca le scimmie
8Q,8QTSUSCOC1,audio_11744,9,Tocca le bambine se vedi un gelato altrimenti tocca i polipi
8Q,8QTSUSCOC1,audio_11745,9,Tocca le bambine se vedi un gelato altrimenti tocca i pappagalli
8Q,8QTSUSCOC1,audio_11746,9,Tocca le bambine se vedi un gelato altrimenti tocca i leoni
8Q,8QTSUSCOC1,audio_11747,9,Tocca le bambine se vedi un gelato altrimenti tocca le biciclette
8Q,8QTSUSCOC1,audio_11748,9,Tocca le bambine se vedi un gelato altrimenti tocca i monopattini
8Q,8QTSUSCOC1,audio_11749,9,Tocca le bambine se vedi un gelato altrimenti tocca tutti gli occhiali da sole
8Q,8QTSUSCOC1,audio_11750,9,Tocca le bambine se vedi un gelato altrimenti tocca l'ombrello
8Q,8QTSUSCOC1,audio_11751,9,Tocca le bambine se vedi un paio di occhiali da sole altrimenti tocca le scimmie
8Q,8QTSUSCOC1,audio_11752,9,Tocca le bambine se vedi un paio di occhiali da sole altrimenti tocca i polipi
8Q,8QTSUSCOC1,audio_11753,9,Tocca le bambine se vedi un paio di occhiali da sole altrimenti tocca i gelati
8Q,8QTSUSCOC1,audio_11754,9,Tocca le bambine se vedi un paio di occhiali da sole altrimenti tocca i leoni
8Q,8QTSUSCOC1,audio_11755,9,Tocca le bambine se vedi un paio di occhiali da sole altrimenti tocca le biciclette
8Q,8QTSUSCOC1,audio_11756,9,Tocca le bambine se vedi un paio di occhiali da sole altrimenti tocca i monopattini
8Q,8QTSUSCOC1,audio_11757,9,Tocca le bambine se vedi un paio di occhiali da sole altrimenti tocca i pappagalli
8Q,8QTSUSCOC1,audio_11758,9,Tocca le bambine se vedi un paio di occhiali da sole altrimenti tocca l'ombrello
8Q,8QTSUSCOC1,audio_11759,9,Tocca le bambine se vedi una bicicletta altrimenti tocca le scimmie
8Q,8QTSUSCOC1,audio_11760,9,Tocca le bambine se vedi una bicicletta altrimenti tocca i polipi
8Q,8QTSUSCOC1,audio_11761,9,Tocca le bambine se vedi una bicicletta altrimenti tocca i gelati
8Q,8QTSUSCOC1,audio_11762,9,Tocca le bambine se vedi una bicicletta altrimenti tocca i leoni
8Q,8QTSUSCOC1,audio_11763,9,Tocca le bambine se vedi una bicicletta altrimenti tocca le biciclette
8Q,8QTSUSCOC1,audio_11764,9,Tocca le bambine se vedi una bicicletta altrimenti tocca i monopattini
8Q,8QTSUSCOC1,audio_11765,9,Tocca le bambine se vedi una bicicletta altrimenti tocca tutti gli occhiali da sole
8Q,8QTSUSCOC1,audio_11766,9,Tocca le bambine se vedi un monopattino altrimenti tocca le scimmie
8Q,8QTSUSCOC1,audio_11767,9,Tocca le bambine se vedi un monopattino altrimenti tocca i polipi
8Q,8QTSUSCOC1,audio_11768,9,Tocca le bambine se vedi un monopattino altrimenti tocca i gelati
8Q,8QTSUSCOC1,audio_11769,9,Tocca le bambine se vedi un monopattino altrimenti tocca i leoni
8Q,8QTSUSCOC1,audio_11770,9,Tocca le bambine se vedi un monopattino altrimenti tocca le biciclette
8Q,8QTSUSCOC1,audio_11771,9,Tocca le bambine se vedi un monopattino altrimenti tocca i pappagalli
8Q,8QTSUSCOC1,audio_11772,9,Tocca le bambine se vedi un monopattino altrimenti tocca tutti gli occhiali da sole
8Q,8QTSUSCOC1,audio_11773,9,Tocca le bambine se vedi un monopattino altrimenti tocca l'ombrello
8Q,8QTSUSCOC1,audio_11774,9,Tocca le bambine se vedi un ombrello altrimenti tocca le scimmie
8Q,8QTSUSCOC1,audio_11775,9,Tocca le bambine se vedi un ombrello altrimenti tocca i polipi
8Q,8QTSUSCOC1,audio_11776,9,Tocca le bambine se vedi un ombrello altrimenti tocca i gelati
8Q,8QTSUSCOC1,audio_11777,9,Tocca le bambine se vedi un ombrello altrimenti tocca i leoni
8Q,8QTSUSCOC1,audio_11778,9,Tocca le bambine se vedi un ombrello altrimenti tocca le biciclette
8Q,8QTSUSCOC1,audio_11779,9,Tocca le bambine se vedi un ombrello altrimenti tocca i monopattini
8Q,8QTSUSCOC1,audio_11780,9,Tocca le bambine se vedi un ombrello altrimenti tocca tutti gli occhiali da sole
8Q,8QTSUSCOC1,audio_11781,9,Tocca le bambine se vedi un ombrello altrimenti tocca i pappagalli
9C,9CNSU,audio_11782,8,Quanti leoni ci sono? Premi la mia pancia 1 volta se vedi un leone
9C,9CNSU,audio_11783,8,Quanti leoni ci sono? Premi la mia pancia 2 volte se ci sono due leoni
9C,9CNSU,audio_11784,8,Quanti leoni ci sono? Premi la mia pancia 3 volte se ci sono tre leoni
9C,9CNSU,audio_11785,8,Quanti leoni ci sono? Premi la mia pancia 4 volte se ci sono quattro leoni
9C,9CNSU,audio_11786,8,Quanti scimmie ci sono? Premi la mia pancia 1 volta se vedi una scimmia
9C,9CNSU,audio_11787,8,Quanti scimmie ci sono? Premi la mia pancia 2 volte se ci sono due scimmie
9C,9CNSU,audio_11788,8,Quanti scimmie ci sono? Premi la mia pancia 3 volte se ci sono tre scimmie
9C,9CNSU,audio_11789,8,Quanti scimmie ci sono? Premi la mia pancia 4 volte se ci sono quattro scimmie
9C,9CNSU,audio_11790,8,Quanti pappagalli ci sono? Premi la mia pancia 1 volta se vedi un pappagallo
9C,9CNSU,audio_11791,8,Quanti pappagalli ci sono? Premi la mia pancia 2 volte se ci sono due pappagalli
9C,9CNSU,audio_11792,8,Quanti pappagalli ci sono? Premi la mia pancia 3 volte se ci sono tre pappagalli
9C,9CNSU,audio_11793,8,Quanti pappagalli ci sono? Premi la mia pancia 4 volte se ci sono quattro pappagalli
9C,9CNSU,audio_11794,8,Quanti polipi ci sono? Premi la mia pancia 1 volta se vedi un polipo
9C,9CNSU,audio_11795,8,Quanti polipi ci sono? Premi la mia pancia 2 volte se ci sono due polipi
9C,9CNSU,audio_11796,8,Quanti polipi ci sono? Premi la mia pancia 3 volte se ci sono tre polipi
9C,9CNSU,audio_11797,8,Quanti polipi ci sono? Premi la mia pancia 4 volte se ci sono quattro polipi
9C,9CNSU,audio_11798,8,Quanti gelati ci sono? Premi la mia pancia 1 volta se vedi un galato
9C,9CNSU,audio_11799,8,Quanti gelati ci sono? Premi la mia pancia 2 volte se ci sono due gelati
9C,9CNSU,audio_11800,8,Quanti gelati ci sono? Premi la mia pancia 3 volte se ci sono tre gelati
9C,9CNSU,audio_11801,8,Quanti gelati ci sono? Premi la mia pancia 4 volte se ci sono quattro gelati
9C,9CNSU,audio_11802,8,Quanti occhiali da sole ci sono? Premi la mia pancia 1 volta se vedi un paio di occhiali da sole
9C,9CNSU,audio_11803,8,Quanti occhiali da sole ci sono? Premi la mia pancia 2 volte se ci sono due occhiali da sole
9C,9CNSU,audio_11804,8,Quanti occhiali da sole ci sono? Premi la mia pancia 3 volte se ci sono tre occhiali da sole
9C,9CNSU,audio_11805,8,Quanti occhiali da sole ci sono? Premi la mia pancia 4 volte se ci sono quattro occhiali da sole
9C,9CNSU,audio_11806,8,Quanti biciclette ci sono? Premi la mia pancia 1 volta se vedi una bicicletta
9C,9CNSU,audio_11807,8,Quanti biciclette ci sono? Premi la mia pancia 2 volte se ci sono due biciclette
9C,9CNSU,audio_11808,8,Quanti biciclette ci sono? Premi la mia pancia 3 volte se ci sono tre biciclette
9C,9CNSU,audio_11809,8,Quanti biciclette ci sono? Premi la mia pancia 4 volte se ci sono quattro biciclette
9C,9CNSU,audio_11810,8,Quanti monopattini ci sono? Premi la mia pancia 1 volta se vedi un monopattino
9C,9CNSU,audio_11811,8,Quanti monopattini ci sono? Premi la mia pancia 2 volte se ci sono due monopattini
9C,9CNSU,audio_11812,8,Quanti monopattini ci sono? Premi la mia pancia 3 volte se ci sono tre monopattini
9C,9CNSU,audio_11813,8,Quanti monopattini ci sono? Premi la mia pancia 4 volte se ci sono quattro monopattini
9C,9CNSU,audio_11814,8,Quanti ombrelli ci sono? Premi la mia pancia 1 volta se vedi un ombrello
9C,9CNSU,audio_11815,8,Quanti ombrelli ci sono? Premi la mia pancia 2 volte se ci sono due ombrelli
9C,9CNSU,audio_11816,8,Quanti ombrelli ci sono? Premi la mia pancia 3 volte se ci sono tre ombrelli
9C,9CNSU,audio_11817,8,Quanti ombrelli ci sono? Premi la mia pancia 4 volte se ci sono quattro ombrelli
9C,9CNSU,audio_11818,8,Quante bambine ci sono? Premi la mia pancia 1 volta se vedi una bambina
9C,9CNSU,audio_11819,8,Quante bambine ci sono? Premi la mia pancia 2 volte se ci sono due bambine
9C,9CNSU,audio_11820,8,Quante bambine ci sono? Premi la mia pancia 3 volte se ci sono tre bambine
9C,9CNSU,audio_11821,8,Quante bambine ci sono? Premi la mia pancia 4 volte se ci sono quattro bambine
9C,9CNCO,audio_11822,7,Quanti disegni rossi ci sono? Premi la mia pancia 2 volte se ci sono due rossi
9C,9CNCO,audio_11823,7,Quanti disegni rossi ci sono? Premi la mia pancia 3 volte se ci sono tre rossi
9C,9CNCO,audio_11824,7,Quanti disegni rossi ci sono? Premi la mia pancia 4 volte se ci sono quattro rossi
9C,9CNCO,audio_11825,7,Quanti disegni verdi ci sono? Premi la mia pancia 2 volte se ci sono due verdi
9C,9CNCO,audio_11826,7,Quanti disegni verdi ci sono? Premi la mia pancia 3 volte se ci sono tre verdi
9C,9CNCO,audio_11827,7,Quanti disegni verdi ci sono? Premi la mia pancia 4 volte se ci sono quattro verdi
9C,9CNCO,audio_11828,7,Quanti disegni gialli ci sono? Premi la mia pancia 2 volte se ci sono due gialli
9C,9CNCO,audio_11829,7,Quanti disegni gialli ci sono? Premi la mia pancia 3 volte se ci sono tre gialli
9C,9CNCO,audio_11830,7,Quanti disegni gialli ci sono? Premi la mia pancia 4 volte se ci sono quattro gialli
9C,9CNCO,audio_11831,7,Quanti disegni blu ci sono? Premi la mia pancia 2 volte se ci sono due blu
9C,9CNCO,audio_11832,7,Quanti disegni blu ci sono? Premi la mia pancia 3 volte se ci sono tre blu
9C,9CNCO,audio_11833,7,Quanti disegni blu ci sono? Premi la mia pancia 4 volte se ci sono quattro blu
9C,9CNSSU,audio_11834,5,Tocca due volte il bottone rosso
9C,9CNSSU,audio_11835,6,Tocca tre volte il bottone rosso
9C,9CNSSU,audio_11836,7,Tocca quattro volte il bottone rosso
9C,9CNSSU,audio_11837,5,Tocca due volte il bottone verde
9C,9CNSSU,audio_11838,6,Tocca tre volte il bottone verde
9C,9CNSSU,audio_11839,7,Tocca quattro volte il bottone verde
9C,9CNSSU,audio_11840,5,Tocca due volte il bottone giallo
9C,9CNSSU,audio_11841,6,Tocca tre volte il bottone giallo
9C,9CNSSU,audio_11842,6,Tocca quattro volte il bottone giallo
9C,9CNSSU,audio_11843,5,Tocca due volte il bottone blu
9C,9CNSSU,audio_11844,6,Tocca tre volte il bottone blu
9C,9CNSSU,audio_11845,7,Tocca quattro volte il bottone blu
9C,9CNSSU,audio_11846,5,Tocca due volte un leone
9C,9CNSSU,audio_11847,6,Tocca tre volte un leone
9C,9CNSSU,audio_11848,7,Tocca quattro volte un leone
9C,9CNSSU,audio_11849,5,Tocca due volte una scimmia
9C,9CNSSU,audio_11850,6,Tocca tre volte una scimmia
9C,9CNSSU,audio_11851,7,Tocca quattro volte una scimmia
9C,9CNSSU,audio_11852,5,Tocca due volte un pappagallo
9C,9CNSSU,audio_11853,6,Tocca tre volte un pappagallo
9C,9CNSSU,audio_11854,7,Tocca quattro volte un pappagallo
9C,9CNSSU,audio_11855,5,Tocca due volte un polipo
9C,9CNSSU,audio_11856,6,Tocca tre volte un polipo
9C,9CNSSU,audio_11857,7,Tocca quattro volte un polipo
9C,9CNSSU,audio_11858,5,Tocca due volte un gelato
9C,9CNSSU,audio_11859,6,Tocca tre volte un gelato
9C,9CNSSU,audio_11860,7,Tocca quattro volte un gelato
9C,9CNSSU,audio_11861,5,Tocca due volte un paio di occhiali da sole
9C,9CNSSU,audio_11862,6,Tocca tre volte un paio di occhiali da sole
9C,9CNSSU,audio_11863,7,Tocca quattro volte un paio di occhiali da sole
9C,9CNSSU,audio_11864,5,Tocca due volte una bicicletta
9C,9CNSSU,audio_11865,6,Tocca tre volte una bicicletta
9C,9CNSSU,audio_11866,7,Tocca quattro volte una bicicletta
9C,9CNSSU,audio_11867,5,Tocca due volte un monopattino
9C,9CNSSU,audio_11868,6,Tocca tre volte un monopattino
9C,9CNSSU,audio_11869,7,Tocca quattro volte un monopattino
9C,9CNSSU,audio_11870,5,Tocca due volte un ombrello
9C,9CNSSU,audio_11871,6,Tocca tre volte un ombrello
9C,9CNSSU,audio_11872,7,Tocca quattro volte un ombrello
9C,9CNSSU,audio_11873,5,Tocca due volte una bambina
9C,9CNSSU,audio_11874,6,Tocca tre volte una bambina
9C,9CNSSU,audio_11875,7,Tocca quattro volte una bambina
9C,9CNSPA,audio_11876,6,Tocca due volte il leone rosso
9C,9CNSPA,audio_11877,6,Tocca due volte il leone verde
9C,9CNSPA,audio_11878,6,Tocca due volte il leone giallo
9C,9CNSPA,audio_11879,7,Tocca due volte il leone blu
9C,9CNSPA,audio_11880,7,Tocca tre volte il leone rosso
9C,9CNSPA,audio_11881,7,Tocca tre volte il leone verde
9C,9CNSPA,audio_11882,7,Tocca tre volte il leone giallo
9C,9CNSPA,audio_11883,7,Tocca tre volte il leone blu
9C,9CNSPA,audio_11884,7,Tocca quattro volte il leone rosso
9C,9CNSPA,audio_11885,7,Tocca quattro volte il leone verde
9C,9CNSPA,audio_11886,7,Tocca quattro volte il leone giallo
9C,9CNSPA,audio_11887,7,Tocca quattro volte il leone blu
9C,9CNSPA,audio_11888,6,Tocca due volte la scimmia rossa
9C,9CNSPA,audio_11889,6,Tocca due volte la scimmia verde
9C,9CNSPA,audio_11890,6,Tocca due volte la scimmia gialla
9C,9CNSPA,audio_11891,6,Tocca due volte la scimmia blu
9C,9CNSPA,audio_11892,7,Tocca tre volte la scimmia rossa
9C,9CNSPA,audio_11893,7,Tocca tre volte la scimmia verde
9C,9CNSPA,audio_11894,7,Tocca tre volte la scimmia gialla
9C,9CNSPA,audio_11895,7,Tocca tre volte la scimmia blu
9C,9CNSPA,audio_11896,7,Tocca quattro volte la scimmia rossa
9C,9CNSPA,audio_11897,7,Tocca quattro volte la scimmia verde
9C,9CNSPA,audio_11898,7,Tocca quattro volte la scimmia gialla
9C,9CNSPA,audio_11899,7,Tocca quattro volte la scimmia blu
9C,9CNSPA,audio_11900,6,Tocca due volte il pappagallo rosso
9C,9CNSPA,audio_11901,6,Tocca due volte il pappagallo verde
9C,9CNSPA,audio_11902,6,Tocca due volte il pappagallo giallo
9C,9CNSPA,audio_11903,6,Tocca due volte il pappagallo blu
9C,9CNSPA,audio_11904,7,Tocca tre volte il pappagallo rosso
9C,9CNSPA,audio_11905,7,Tocca tre volte il pappagallo verde
9C,9CNSPA,audio_11906,7,Tocca tre volte il pappagallo giallo
9C,9CNSPA,audio_11907,7,Tocca tre volte il pappagallo blu
9C,9CNSPA,audio_11908,7,Tocca quattro volte il pappagallo rosso
9C,9CNSPA,audio_11909,7,Tocca quattro volte il pappagallo verde
9C,9CNSPA,audio_11910,7,Tocca quattro volte il pappagallo giallo
9C,9CNSPA,audio_11911,7,Tocca quattro volte il pappagallo blu
9C,9CNSPA,audio_11912,6,Tocca due volte il polipo rosso
9C,9CNSPA,audio_11913,6,Tocca due volte il polipo verde
9C,9CNSPA,audio_11914,6,Tocca due volte il polipo giallo
9C,9CNSPA,audio_11915,6,Tocca due volte il polipo blu
9C,9CNSPA,audio_11916,7,Tocca tre volte il polipo rosso
9C,9CNSPA,audio_11917,7,Tocca tre volte il polipo verde
9C,9CNSPA,audio_11918,7,Tocca tre volte il polipo giallo
9C,9CNSPA,audio_11919,7,Tocca tre volte il polipo blu
9C,9CNSPA,audio_11920,7,Tocca quattro volte il polipo rosso
9C,9CNSPA,audio_11921,7,Tocca quattro volte il polipo verde
9C,9CNSPA,audio_11922,7,Tocca quattro volte il polipo giallo
9C,9CNSPA,audio_11923,7,Tocca quattro volte il polipo blu
9C,9CNSPA,audio_11924,6,Tocca due volte il gelato rosso
9C,9CNSPA,audio_11925,6,Tocca due volte il gelato verde
9C,9CNSPA,audio_11926,6,Tocca due volte il gelato giallo
9C,9CNSPA,audio_11927,6,Tocca due volte il gelato blu
9C,9CNSPA,audio_11928,7,Tocca tre volte il gelato rosso
9C,9CNSPA,audio_11929,7,Tocca tre volte il gelato verde
9C,9CNSPA,audio_11930,7,Tocca tre volte il gelato giallo
9C,9CNSPA,audio_11931,7,Tocca tre volte il gelato blu
9C,9CNSPA,audio_11932,7,Tocca quattro volte il gelato rosso
9C,9CNSPA,audio_11933,7,Tocca quattro volte il gelato verde
9C,9CNSPA,audio_11934,7,Tocca quattro volte il gelato giallo
9C,9CNSPA,audio_11935,7,Tocca quattro volte il gelato blu
9C,9CNSPA,audio_11936,7,Tocca due volte gli occhiali da sole rossi
9C,9CNSPA,audio_11937,7,Tocca due volte gli occhiali da sole verdi
9C,9CNSPA,audio_11938,7,Tocca due volte gli occhiali da sole gialli
9C,9CNSPA,audio_11939,7,Tocca due volte gli occhiali da sole blu
9C,9CNSPA,audio_11940,7,Tocca tre volte gli occhiali da sole rossi
9C,9CNSPA,audio_11941,7,Tocca tre volte gli occhiali da sole verdi
9C,9CNSPA,audio_11942,7,Tocca tre volte gli occhiali da sole gialli
9C,9CNSPA,audio_11943,7,Tocca tre volte gli occhiali da sole blu
9C,9CNSPA,audio_11944,7,Tocca quattro volte gli occhiali da sole rossi
9C,9CNSPA,audio_11945,7,Tocca quattro volte gli occhiali da sole verdi
9C,9CNSPA,audio_11946,7,Tocca quattro volte gli occhiali da sole gialli
9C,9CNSPA,audio_11947,7,Tocca quattro volte gli occhiali da sole blu
9C,9CNSPA,audio_11948,6,Tocca due volte la bicicletta rossa
9C,9CNSPA,audio_11949,6,Tocca due volte la bicicletta verde
9C,9CNSPA,audio_11950,6,Tocca due volte la bicicletta gialla
9C,9CNSPA,audio_11951,6,Tocca due volte la bicicletta blu
9C,9CNSPA,audio_11952,7,Tocca tre volte la bicicletta rossa
9C,9CNSPA,audio_11953,7,Tocca tre volte la bicicletta verde
9C,9CNSPA,audio_11954,7,Tocca tre volte la bicicletta gialla
9C,9CNSPA,audio_11955,7,Tocca tre volte la bicicletta blu
9C,9CNSPA,audio_11956,7,Tocca quattro volte la bicicletta rossa
9C,9CNSPA,audio_11957,7,Tocca quattro volte la bicicletta verde
9C,9CNSPA,audio_11958,7,Tocca quattro volte la bicicletta gialla
9C,9CNSPA,audio_11959,7,Tocca quattro volte la bicicletta blu
9C,9CNSPA,audio_11960,6,Tocca due volte il monopattino rosso
9C,9CNSPA,audio_11961,6,Tocca due volte il monopattino verde
9C,9CNSPA,audio_11962,6,Tocca due volte il monopattino giallo
9C,9CNSPA,audio_11963,6,Tocca due volte il monopattino blu
9C,9CNSPA,audio_11964,7,Tocca tre volte il monopattino rosso
9C,9CNSPA,audio_11965,7,Tocca tre volte il monopattino verde
9C,9CNSPA,audio_11966,7,Tocca tre volte il monopattino giallo
9C,9CNSPA,audio_11967,7,Tocca tre volte il monopattino blu
9C,9CNSPA,audio_11968,7,Tocca quattro volte il monopattino rosso
9C,9CNSPA,audio_11969,7,Tocca quattro volte il monopattino verde
9C,9CNSPA,audio_11970,7,Tocca quattro volte il monopattino giallo
9C,9CNSPA,audio_11971,7,Tocca quattro volte il monopattino blu
9C,9CNSPA,audio_11972,6,Tocca due volte l'ombrello rosso
9C,9CNSPA,audio_11973,6,Tocca due volte l'ombrello verde
9C,9CNSPA,audio_11974,6,Tocca due volte l'ombrello giallo
9C,9CNSPA,audio_11975,6,Tocca due volte l'ombrello blu
9C,9CNSPA,audio_11976,7,Tocca tre volte l'ombrello rosso
9C,9CNSPA,audio_11977,7,Tocca tre volte l'ombrello verde
9C,9CNSPA,audio_11978,7,Tocca tre volte l'ombrello giallo
9C,9CNSPA,audio_11979,7,Tocca tre volte l'ombrello blu
9C,9CNSPA,audio_11980,7,Tocca quattro volte l'ombrello rosso
9C,9CNSPA,audio_11981,7,Tocca quattro volte l'ombrello verde
9C,9CNSPA,audio_11982,7,Tocca quattro volte l'ombrello giallo
9C,9CNSPA,audio_11983,7,Tocca quattro volte l'ombrello blu
9C,9CNSPA,audio_11984,6,Tocca due volte la bambina vestita in rosso
9C,9CNSPA,audio_11985,6,Tocca due volte la bambina vestita in verde
9C,9CNSPA,audio_11986,6,Tocca due volte la bambina vestita in giallo
9C,9CNSPA,audio_11987,6,Tocca due volte la bambina vestita in blu
9C,9CNSPA,audio_11988,7,Tocca tre volte la bambina vestita in rosso
9C,9CNSPA,audio_11989,7,Tocca tre volte la bambina vestita in verde
9C,9CNSPA,audio_11990,7,Tocca tre volte la bambina vestita in giallo
9C,9CNSPA,audio_11991,7,Tocca tre volte la bambina vestita in blu
9C,9CNSPA,audio_11992,7,Tocca quattro volte la bambina vestita in rosso
9C,9CNSPA,audio_11993,7,Tocca quattro volte la bambina vestita in verde
9C,9CNSPA,audio_11994,7,Tocca quattro volte la bambina vestita in giallo
9C,9CNSPA,audio_11995,7,Tocca quattro volte la bambina vestita in blu
9C,9CNSPX,audio_11996,8,Tocca una volta il disegno in alto a sinistra
9C,9CNSPX,audio_11997,8,Tocca una volta il disegno in basso a sinistra
9C,9CNSPX,audio_11998,8,Tocca una volta il disegno in alto a destra
9C,9CNSPX,audio_11999,8,Tocca una volta il disegno in basso a destra
9C,9CNSPX,audio_12000,9,Tocca due volte il disegno in alto a sinistra
9C,9CNSPX,audio_12001,9,Tocca due volte il disegno in basso a sinistra
9C,9CNSPX,audio_12002,9,Tocca due volte il disegno in alto a destra
9C,9CNSPX,audio_12003,9,Tocca due volte il disegno in basso a destra
9C,9CNSPX,audio_12004,9,Tocca tre volte il disegno in alto a sinistra
9C,9CNSPX,audio_12005,9,Tocca tre volte il disegno in basso a sinistra
9C,9CNSPX,audio_12006,9,Tocca tre volte il disegno in alto a destra
9C,9CNSPX,audio_12007,9,Tocca tre volte il disegno in basso a destra
9C,9CNSPX,audio_12008,10,Tocca quattro volte il disegno in alto a sinistra
9C,9CNSPX,audio_12009,10,Tocca quattro volte il disegno in basso a sinistra
9C,9CNSPX,audio_12010,10,Tocca quattro volte il disegno in alto a destra
9C,9CNSPX,audio_12011,10,Tocca quattro volte il disegno in basso a destra
